1.000000000000000000e+02
2.820000000000000000e+02
1.010000000000000000e+02
3.380000000000000000e+02
2.700000000000000000e+01
1.090000000000000000e+02
5.200000000000000000e+01
3.830000000000000000e+02
5.100000000000000000e+01
2.700000000000000000e+01
1.170000000000000000e+02
3.040000000000000000e+02
2.250000000000000000e+02
1.630000000000000000e+02
1.560000000000000000e+02
1.050000000000000000e+02
1.540000000000000000e+02
1.570000000000000000e+02
1.890000000000000000e+02
5.200000000000000000e+01
2.610000000000000000e+02
7.700000000000000000e+01
1.490000000000000000e+02
4.700000000000000000e+01
1.140000000000000000e+02
8.600000000000000000e+01
1.630000000000000000e+02
1.280000000000000000e+02
1.190000000000000000e+02
4.420000000000000000e+02
2.010000000000000000e+02
1.280000000000000000e+02
4.300000000000000000e+01
6.100000000000000000e+01
5.800000000000000000e+01
6.600000000000000000e+01
6.700000000000000000e+01
7.800000000000000000e+01
5.450000000000000000e+02
4.730000000000000000e+02
1.244000000000000000e+03
6.500000000000000000e+01
1.510000000000000000e+02
2.900000000000000000e+01
4.600000000000000000e+01
1.080000000000000000e+02
1.190000000000000000e+02
4.340000000000000000e+02
6.300000000000000000e+01
9.300000000000000000e+01
1.040000000000000000e+02
5.700000000000000000e+01
1.700000000000000000e+01
1.080000000000000000e+02
3.000000000000000000e+01
9.800000000000000000e+01
4.480000000000000000e+02
2.820000000000000000e+02
1.420000000000000000e+02
5.830000000000000000e+02
5.090000000000000000e+02
9.600000000000000000e+01
3.570000000000000000e+02
1.430000000000000000e+02
1.420000000000000000e+02
4.200000000000000000e+01
5.000000000000000000e+01
9.600000000000000000e+01
1.750000000000000000e+02
1.600000000000000000e+02
4.400000000000000000e+01
3.800000000000000000e+01
6.600000000000000000e+01
1.620000000000000000e+02
6.900000000000000000e+01
2.000000000000000000e+02
1.690000000000000000e+02
3.200000000000000000e+02
6.540000000000000000e+02
1.650000000000000000e+02
2.700000000000000000e+01
1.120000000000000000e+02
3.500000000000000000e+01
3.500000000000000000e+01
9.500000000000000000e+01
5.600000000000000000e+01
4.400000000000000000e+01
2.160000000000000000e+02
5.400000000000000000e+02
3.160000000000000000e+02
8.000000000000000000e+01
2.210000000000000000e+02
1.420000000000000000e+02
3.530000000000000000e+02
1.430000000000000000e+02
1.160000000000000000e+02
2.060000000000000000e+02
2.990000000000000000e+02
1.880000000000000000e+02
3.520000000000000000e+02
8.200000000000000000e+01
1.350000000000000000e+02
1.000000000000000000e+02
1.290000000000000000e+02
4.600000000000000000e+01
2.220000000000000000e+02
1.770000000000000000e+02
1.000000000000000000e+02
3.800000000000000000e+01
1.170000000000000000e+02
8.200000000000000000e+01
1.660000000000000000e+02
2.730000000000000000e+02
1.190000000000000000e+02
3.800000000000000000e+01
8.300000000000000000e+01
1.110000000000000000e+02
1.030000000000000000e+02
3.800000000000000000e+01
3.000000000000000000e+02
2.660000000000000000e+02
1.370000000000000000e+02
3.090000000000000000e+02
3.700000000000000000e+01
6.500000000000000000e+01
2.550000000000000000e+02
3.000000000000000000e+01
9.600000000000000000e+01
2.420000000000000000e+02
1.740000000000000000e+02
1.920000000000000000e+02
1.270000000000000000e+02
1.380000000000000000e+02
1.460000000000000000e+02
2.920000000000000000e+02
1.630000000000000000e+02
1.280000000000000000e+02
3.410000000000000000e+02
9.400000000000000000e+01
1.220000000000000000e+02
4.210000000000000000e+02
4.300000000000000000e+01
4.120000000000000000e+02
1.680000000000000000e+02
4.000000000000000000e+01
5.480000000000000000e+02
8.400000000000000000e+01
4.200000000000000000e+01
9.200000000000000000e+01
3.500000000000000000e+02
3.930000000000000000e+02
6.710000000000000000e+02
5.500000000000000000e+02
5.250000000000000000e+02
1.070000000000000000e+02
