2.940000000000000000e+02
6.900000000000000000e+01
2.400000000000000000e+02
3.720000000000000000e+02
1.987000000000000000e+03
2.520000000000000000e+02
1.590000000000000000e+02
2.100000000000000000e+02
1.161000000000000000e+03
6.430000000000000000e+02
6.350000000000000000e+02
8.320000000000000000e+02
1.309000000000000000e+03
1.041000000000000000e+03
1.613000000000000000e+03
5.540000000000000000e+02
2.244000000000000000e+03
9.270000000000000000e+02
4.830000000000000000e+02
3.060000000000000000e+02
1.058000000000000000e+03
1.087000000000000000e+03
1.315000000000000000e+03
1.739000000000000000e+03
1.112000000000000000e+03
2.550000000000000000e+02
7.520000000000000000e+02
1.593000000000000000e+03
4.580000000000000000e+02
3.550000000000000000e+02
1.088000000000000000e+03
1.967000000000000000e+03
