1.100000000000000000e+03
4.660000000000000000e+02
5.070000000000000000e+02
5.380000000000000000e+02
6.580000000000000000e+02
3.780000000000000000e+02
5.360000000000000000e+02
4.610000000000000000e+02
4.450000000000000000e+02
9.450000000000000000e+02
8.350000000000000000e+02
3.940000000000000000e+02
3.660000000000000000e+02
4.360000000000000000e+02
1.078000000000000000e+03
7.900000000000000000e+02
2.080000000000000000e+02
7.200000000000000000e+02
4.550000000000000000e+02
6.180000000000000000e+02
6.450000000000000000e+02
2.160000000000000000e+02
5.140000000000000000e+02
6.740000000000000000e+02
8.790000000000000000e+02
6.340000000000000000e+02
5.970000000000000000e+02
3.420000000000000000e+02
2.770000000000000000e+02
1.091000000000000000e+03
5.690000000000000000e+02
7.850000000000000000e+02
4.490000000000000000e+02
7.000000000000000000e+02
2.210000000000000000e+02
3.650000000000000000e+02
5.120000000000000000e+02
1.013000000000000000e+03
4.560000000000000000e+02
2.880000000000000000e+02
1.064000000000000000e+03
5.850000000000000000e+02
6.490000000000000000e+02
7.570000000000000000e+02
4.360000000000000000e+02
4.440000000000000000e+02
5.240000000000000000e+02
7.440000000000000000e+02
4.460000000000000000e+02
