3.000000000000000000e+01
2.400000000000000000e+01
8.500000000000000000e+01
6.200000000000000000e+01
8.800000000000000000e+01
3.700000000000000000e+01
1.460000000000000000e+02
1.510000000000000000e+02
5.130000000000000000e+02
9.200000000000000000e+01
4.900000000000000000e+01
4.470000000000000000e+02
9.000000000000000000e+01
1.220000000000000000e+02
5.400000000000000000e+01
1.490000000000000000e+02
1.370000000000000000e+02
2.050000000000000000e+02
8.800000000000000000e+01
1.510000000000000000e+02
7.800000000000000000e+01
9.400000000000000000e+01
6.100000000000000000e+01
2.020000000000000000e+02
4.890000000000000000e+02
1.100000000000000000e+02
2.050000000000000000e+02
1.210000000000000000e+02
1.070000000000000000e+02
7.100000000000000000e+01
3.800000000000000000e+01
2.500000000000000000e+01
1.150000000000000000e+02
5.100000000000000000e+01
3.200000000000000000e+01
1.860000000000000000e+02
2.070000000000000000e+02
1.360000000000000000e+02
1.670000000000000000e+02
3.400000000000000000e+01
2.550000000000000000e+02
1.550000000000000000e+02
3.720000000000000000e+02
6.630000000000000000e+02
3.500000000000000000e+01
5.500000000000000000e+01
2.030000000000000000e+02
1.080000000000000000e+02
8.500000000000000000e+01
8.500000000000000000e+01
2.800000000000000000e+01
6.900000000000000000e+01
3.630000000000000000e+02
1.870000000000000000e+02
7.040000000000000000e+02
3.200000000000000000e+02
4.960000000000000000e+02
4.400000000000000000e+01
3.750000000000000000e+02
2.100000000000000000e+02
1.000000000000000000e+02
1.290000000000000000e+02
4.440000000000000000e+02
9.260000000000000000e+02
4.400000000000000000e+01
1.500000000000000000e+02
2.560000000000000000e+02
3.360000000000000000e+02
3.200000000000000000e+01
1.170000000000000000e+02
2.000000000000000000e+01
5.740000000000000000e+02
7.800000000000000000e+01
4.630000000000000000e+02
1.340000000000000000e+02
6.000000000000000000e+01
1.810000000000000000e+02
3.400000000000000000e+02
2.160000000000000000e+02
4.400000000000000000e+01
1.470000000000000000e+02
3.720000000000000000e+02
1.870000000000000000e+02
3.800000000000000000e+02
1.310000000000000000e+02
2.000000000000000000e+02
6.700000000000000000e+01
2.320000000000000000e+02
3.340000000000000000e+02
4.370000000000000000e+02
6.000000000000000000e+01
4.050000000000000000e+02
2.910000000000000000e+02
4.810000000000000000e+02
2.100000000000000000e+02
2.750000000000000000e+02
2.320000000000000000e+02
3.180000000000000000e+02
7.300000000000000000e+01
3.530000000000000000e+02
2.480000000000000000e+02
1.770000000000000000e+02
5.100000000000000000e+01
1.360000000000000000e+02
2.300000000000000000e+01
1.980000000000000000e+02
1.940000000000000000e+02
4.400000000000000000e+01
1.000000000000000000e+02
3.750000000000000000e+02
7.210000000000000000e+02
4.990000000000000000e+02
1.670000000000000000e+02
1.860000000000000000e+02
2.820000000000000000e+02
1.210000000000000000e+02
6.080000000000000000e+02
4.130000000000000000e+02
4.100000000000000000e+01
2.410000000000000000e+02
2.320000000000000000e+02
1.220000000000000000e+02
1.960000000000000000e+02
6.700000000000000000e+01
1.750000000000000000e+02
3.500000000000000000e+02
3.270000000000000000e+02
3.620000000000000000e+02
7.000000000000000000e+01
1.530000000000000000e+02
2.940000000000000000e+02
2.920000000000000000e+02
5.020000000000000000e+02
2.530000000000000000e+02
