2.530000000000000000e+02
1.240000000000000000e+02
2.570000000000000000e+02
5.070000000000000000e+02
1.770000000000000000e+02
5.000000000000000000e+01
1.680000000000000000e+02
1.330000000000000000e+02
3.000000000000000000e+01
8.900000000000000000e+01
1.280000000000000000e+02
1.190000000000000000e+02
1.010000000000000000e+02
2.230000000000000000e+02
1.420000000000000000e+02
7.530000000000000000e+02
4.940000000000000000e+02
3.300000000000000000e+02
2.230000000000000000e+02
1.780000000000000000e+02
7.400000000000000000e+01
9.800000000000000000e+01
5.900000000000000000e+01
4.300000000000000000e+01
2.840000000000000000e+02
1.700000000000000000e+02
1.270000000000000000e+02
2.290000000000000000e+02
3.200000000000000000e+01
2.600000000000000000e+01
8.100000000000000000e+01
4.400000000000000000e+01
1.110000000000000000e+02
2.190000000000000000e+02
1.580000000000000000e+02
2.400000000000000000e+01
3.490000000000000000e+02
3.600000000000000000e+01
3.700000000000000000e+02
1.850000000000000000e+02
2.600000000000000000e+01
3.850000000000000000e+02
1.340000000000000000e+02
5.600000000000000000e+01
1.080000000000000000e+02
1.990000000000000000e+02
1.760000000000000000e+02
3.000000000000000000e+01
1.510000000000000000e+02
1.560000000000000000e+02
8.800000000000000000e+01
3.400000000000000000e+02
2.530000000000000000e+02
4.430000000000000000e+02
3.660000000000000000e+02
7.800000000000000000e+01
6.500000000000000000e+01
7.600000000000000000e+01
1.680000000000000000e+02
4.100000000000000000e+01
5.000000000000000000e+01
5.800000000000000000e+01
3.880000000000000000e+02
5.400000000000000000e+01
1.270000000000000000e+02
1.650000000000000000e+02
6.200000000000000000e+01
1.960000000000000000e+02
5.400000000000000000e+01
1.580000000000000000e+02
4.900000000000000000e+01
7.400000000000000000e+01
5.130000000000000000e+02
1.160000000000000000e+02
2.920000000000000000e+02
4.900000000000000000e+01
4.790000000000000000e+02
8.400000000000000000e+01
2.000000000000000000e+02
6.000000000000000000e+01
7.200000000000000000e+01
1.400000000000000000e+02
2.080000000000000000e+02
2.520000000000000000e+02
2.950000000000000000e+02
1.010000000000000000e+02
7.900000000000000000e+01
1.300000000000000000e+02
2.380000000000000000e+02
1.200000000000000000e+02
1.930000000000000000e+02
2.200000000000000000e+01
1.540000000000000000e+02
2.800000000000000000e+01
1.590000000000000000e+02
3.580000000000000000e+02
2.540000000000000000e+02
6.730000000000000000e+02
2.580000000000000000e+02
4.330000000000000000e+02
2.050000000000000000e+02
2.830000000000000000e+02
3.170000000000000000e+02
2.750000000000000000e+02
9.400000000000000000e+01
2.950000000000000000e+02
1.030000000000000000e+02
2.270000000000000000e+02
1.560000000000000000e+02
1.890000000000000000e+02
4.480000000000000000e+02
4.510000000000000000e+02
1.910000000000000000e+02
8.690000000000000000e+02
3.850000000000000000e+02
4.320000000000000000e+02
1.400000000000000000e+02
3.290000000000000000e+02
3.250000000000000000e+02
2.130000000000000000e+02
2.910000000000000000e+02
1.560000000000000000e+02
2.500000000000000000e+01
8.200000000000000000e+01
2.150000000000000000e+02
4.700000000000000000e+02
2.270000000000000000e+02
3.500000000000000000e+01
9.100000000000000000e+01
3.860000000000000000e+02
1.280000000000000000e+02
2.590000000000000000e+02
9.500000000000000000e+01
4.500000000000000000e+02
4.940000000000000000e+02
5.930000000000000000e+02
2.010000000000000000e+02
