6.890000000000000000e+02
7.920000000000000000e+02
3.130000000000000000e+02
2.890000000000000000e+02
2.920000000000000000e+02
1.380000000000000000e+02
2.700000000000000000e+02
9.100000000000000000e+02
1.020000000000000000e+02
6.580000000000000000e+02
2.400000000000000000e+02
5.780000000000000000e+02
4.500000000000000000e+02
8.110000000000000000e+02
2.150000000000000000e+02
2.230000000000000000e+02
1.640000000000000000e+02
2.207000000000000000e+03
6.090000000000000000e+02
6.460000000000000000e+02
3.340000000000000000e+02
1.697000000000000000e+03
2.020000000000000000e+02
2.153000000000000000e+03
8.700000000000000000e+02
6.300000000000000000e+02
5.710000000000000000e+02
2.667000000000000000e+03
2.335000000000000000e+03
1.077000000000000000e+03
1.649000000000000000e+03
7.190000000000000000e+02
4.850000000000000000e+02
5.300000000000000000e+02
1.105000000000000000e+03
4.370000000000000000e+02
