6.280000000000000000e+02
1.360000000000000000e+02
1.590000000000000000e+02
2.000000000000000000e+02
9.630000000000000000e+02
1.474000000000000000e+03
1.060000000000000000e+02
1.426000000000000000e+03
7.100000000000000000e+01
2.730000000000000000e+02
1.140000000000000000e+02
8.000000000000000000e+01
5.540000000000000000e+02
7.000000000000000000e+01
4.220000000000000000e+02
1.241000000000000000e+03
8.000000000000000000e+01
1.400000000000000000e+02
5.600000000000000000e+01
1.209000000000000000e+03
7.890000000000000000e+02
1.460000000000000000e+02
3.200000000000000000e+01
4.830000000000000000e+02
1.100000000000000000e+02
6.680000000000000000e+02
4.630000000000000000e+02
9.900000000000000000e+01
6.400000000000000000e+01
5.800000000000000000e+01
3.170000000000000000e+02
8.100000000000000000e+01
7.300000000000000000e+01
7.900000000000000000e+01
1.263000000000000000e+03
1.577000000000000000e+03
9.900000000000000000e+01
1.190000000000000000e+02
1.905000000000000000e+03
6.900000000000000000e+01
1.359000000000000000e+03
4.290000000000000000e+02
5.870000000000000000e+02
2.300000000000000000e+02
2.870000000000000000e+02
1.317000000000000000e+03
5.700000000000000000e+02
4.280000000000000000e+02
1.127000000000000000e+03
1.449000000000000000e+03
1.884000000000000000e+03
6.650000000000000000e+02
