6.800000000000000000e+01
1.040000000000000000e+02
2.420000000000000000e+02
8.700000000000000000e+01
6.200000000000000000e+01
2.580000000000000000e+02
4.450000000000000000e+02
2.240000000000000000e+02
3.070000000000000000e+02
4.400000000000000000e+01
5.400000000000000000e+01
9.400000000000000000e+01
1.260000000000000000e+02
4.810000000000000000e+02
1.000000000000000000e+02
1.170000000000000000e+02
1.940000000000000000e+02
5.100000000000000000e+01
6.600000000000000000e+01
1.440000000000000000e+02
8.200000000000000000e+01
5.800000000000000000e+01
4.600000000000000000e+01
1.160000000000000000e+02
4.900000000000000000e+01
9.500000000000000000e+01
1.650000000000000000e+02
2.800000000000000000e+02
5.600000000000000000e+01
6.000000000000000000e+01
3.560000000000000000e+02
5.170000000000000000e+02
2.160000000000000000e+02
4.690000000000000000e+02
9.300000000000000000e+01
6.880000000000000000e+02
3.900000000000000000e+01
4.900000000000000000e+01
7.500000000000000000e+01
1.010000000000000000e+02
2.490000000000000000e+02
6.900000000000000000e+01
1.780000000000000000e+02
1.710000000000000000e+02
2.140000000000000000e+02
6.110000000000000000e+02
4.500000000000000000e+01
5.800000000000000000e+01
8.300000000000000000e+01
7.700000000000000000e+01
1.570000000000000000e+02
3.600000000000000000e+01
6.100000000000000000e+01
6.000000000000000000e+01
3.440000000000000000e+02
5.200000000000000000e+01
6.800000000000000000e+01
3.600000000000000000e+01
7.500000000000000000e+01
1.470000000000000000e+02
9.700000000000000000e+01
2.530000000000000000e+02
1.380000000000000000e+02
5.100000000000000000e+01
2.030000000000000000e+02
2.080000000000000000e+02
2.150000000000000000e+02
1.413000000000000000e+03
5.200000000000000000e+01
1.390000000000000000e+02
2.570000000000000000e+02
2.410000000000000000e+02
1.680000000000000000e+02
3.750000000000000000e+02
4.100000000000000000e+01
1.330000000000000000e+02
7.700000000000000000e+01
5.400000000000000000e+01
2.430000000000000000e+02
3.800000000000000000e+01
4.800000000000000000e+01
7.480000000000000000e+02
4.640000000000000000e+02
5.230000000000000000e+02
6.900000000000000000e+01
1.030000000000000000e+02
1.650000000000000000e+02
3.100000000000000000e+02
1.380000000000000000e+02
1.380000000000000000e+02
7.000000000000000000e+01
7.000000000000000000e+01
1.410000000000000000e+02
3.710000000000000000e+02
6.530000000000000000e+02
2.750000000000000000e+02
1.010000000000000000e+02
2.460000000000000000e+02
1.750000000000000000e+02
2.500000000000000000e+02
1.003000000000000000e+03
8.300000000000000000e+01
2.390000000000000000e+02
7.470000000000000000e+02
3.600000000000000000e+02
1.970000000000000000e+02
7.470000000000000000e+02
2.090000000000000000e+02
4.470000000000000000e+02
3.600000000000000000e+01
5.990000000000000000e+02
1.180000000000000000e+02
7.000000000000000000e+02
1.210000000000000000e+02
8.690000000000000000e+02
7.250000000000000000e+02
1.230000000000000000e+02
2.120000000000000000e+02
