9.700000000000000000e+02
1.320000000000000000e+02
1.020000000000000000e+02
1.860000000000000000e+02
4.660000000000000000e+02
1.530000000000000000e+02
9.810000000000000000e+02
2.640000000000000000e+02
5.800000000000000000e+01
5.600000000000000000e+01
4.310000000000000000e+02
6.000000000000000000e+01
7.500000000000000000e+02
6.400000000000000000e+01
6.880000000000000000e+02
1.532000000000000000e+03
4.160000000000000000e+02
4.060000000000000000e+02
2.430000000000000000e+02
5.600000000000000000e+01
5.920000000000000000e+02
2.570000000000000000e+02
4.810000000000000000e+02
6.180000000000000000e+02
1.800000000000000000e+02
7.300000000000000000e+01
1.769000000000000000e+03
1.115000000000000000e+03
2.101000000000000000e+03
5.100000000000000000e+02
1.117000000000000000e+03
7.040000000000000000e+02
5.260000000000000000e+02
3.010000000000000000e+02
9.900000000000000000e+01
4.180000000000000000e+02
6.990000000000000000e+02
5.040000000000000000e+02
1.207000000000000000e+03
2.420000000000000000e+02
2.585000000000000000e+03
2.546000000000000000e+03
