2.880000000000000000e+02
1.630000000000000000e+02
1.530000000000000000e+02
1.520000000000000000e+02
3.440000000000000000e+02
7.400000000000000000e+01
1.350000000000000000e+02
1.160000000000000000e+02
3.200000000000000000e+02
1.210000000000000000e+02
2.080000000000000000e+02
1.720000000000000000e+02
1.250000000000000000e+02
1.190000000000000000e+02
1.580000000000000000e+02
8.400000000000000000e+01
1.260000000000000000e+02
3.180000000000000000e+02
2.110000000000000000e+02
3.140000000000000000e+02
1.920000000000000000e+02
6.300000000000000000e+01
1.200000000000000000e+02
1.710000000000000000e+02
4.340000000000000000e+02
2.210000000000000000e+02
1.600000000000000000e+02
2.280000000000000000e+02
1.190000000000000000e+02
1.300000000000000000e+02
1.350000000000000000e+02
2.300000000000000000e+02
2.700000000000000000e+02
1.260000000000000000e+02
1.420000000000000000e+02
8.400000000000000000e+01
4.320000000000000000e+02
2.160000000000000000e+02
1.660000000000000000e+02
2.440000000000000000e+02
2.580000000000000000e+02
6.200000000000000000e+01
6.800000000000000000e+01
8.300000000000000000e+01
1.370000000000000000e+02
1.320000000000000000e+02
2.150000000000000000e+02
2.710000000000000000e+02
2.460000000000000000e+02
3.070000000000000000e+02
1.000000000000000000e+02
2.720000000000000000e+02
7.700000000000000000e+01
6.000000000000000000e+01
1.420000000000000000e+02
1.690000000000000000e+02
1.830000000000000000e+02
1.580000000000000000e+02
2.000000000000000000e+02
1.390000000000000000e+02
1.440000000000000000e+02
1.320000000000000000e+02
5.550000000000000000e+02
3.020000000000000000e+02
1.450000000000000000e+02
1.930000000000000000e+02
2.650000000000000000e+02
1.560000000000000000e+02
1.850000000000000000e+02
1.030000000000000000e+02
1.390000000000000000e+02
6.900000000000000000e+01
1.240000000000000000e+02
8.200000000000000000e+01
3.950000000000000000e+02
1.130000000000000000e+02
2.200000000000000000e+02
1.500000000000000000e+02
1.510000000000000000e+02
2.920000000000000000e+02
1.280000000000000000e+02
6.400000000000000000e+01
1.230000000000000000e+02
1.580000000000000000e+02
1.250000000000000000e+02
9.700000000000000000e+01
1.050000000000000000e+02
3.210000000000000000e+02
1.640000000000000000e+02
1.340000000000000000e+02
1.710000000000000000e+02
3.100000000000000000e+02
7.800000000000000000e+01
2.610000000000000000e+02
4.600000000000000000e+01
1.790000000000000000e+02
2.560000000000000000e+02
1.950000000000000000e+02
1.010000000000000000e+02
1.550000000000000000e+02
1.330000000000000000e+02
1.080000000000000000e+02
1.910000000000000000e+02
2.430000000000000000e+02
1.480000000000000000e+02
1.370000000000000000e+02
1.920000000000000000e+02
1.030000000000000000e+02
1.520000000000000000e+02
1.020000000000000000e+02
8.700000000000000000e+01
1.220000000000000000e+02
1.380000000000000000e+02
9.300000000000000000e+01
1.030000000000000000e+02
1.090000000000000000e+02
2.650000000000000000e+02
2.150000000000000000e+02
1.370000000000000000e+02
2.840000000000000000e+02
1.230000000000000000e+02
2.730000000000000000e+02
3.790000000000000000e+02
3.500000000000000000e+02
2.880000000000000000e+02
1.450000000000000000e+02
1.740000000000000000e+02
5.050000000000000000e+02
1.170000000000000000e+02
1.090000000000000000e+02
2.720000000000000000e+02
2.630000000000000000e+02
1.640000000000000000e+02
1.420000000000000000e+02
1.730000000000000000e+02
1.290000000000000000e+02
1.740000000000000000e+02
1.980000000000000000e+02
2.010000000000000000e+02
2.500000000000000000e+02
1.730000000000000000e+02
1.410000000000000000e+02
1.480000000000000000e+02
1.490000000000000000e+02
