3.470000000000000000e+02
1.170000000000000000e+02
8.400000000000000000e+01
1.670000000000000000e+02
5.900000000000000000e+01
6.800000000000000000e+01
1.220000000000000000e+02
9.800000000000000000e+01
1.470000000000000000e+02
1.170000000000000000e+02
8.700000000000000000e+01
1.160000000000000000e+02
2.810000000000000000e+02
8.700000000000000000e+01
1.160000000000000000e+02
1.810000000000000000e+02
6.300000000000000000e+01
9.300000000000000000e+01
1.100000000000000000e+02
1.130000000000000000e+02
7.400000000000000000e+01
1.040000000000000000e+02
1.190000000000000000e+02
9.600000000000000000e+01
5.010000000000000000e+02
1.220000000000000000e+02
1.190000000000000000e+02
1.440000000000000000e+02
1.760000000000000000e+02
2.510000000000000000e+02
1.440000000000000000e+02
1.700000000000000000e+02
9.600000000000000000e+01
1.070000000000000000e+02
9.600000000000000000e+01
3.640000000000000000e+02
7.200000000000000000e+01
4.000000000000000000e+02
1.930000000000000000e+02
1.350000000000000000e+02
8.500000000000000000e+01
9.600000000000000000e+01
1.240000000000000000e+02
1.820000000000000000e+02
2.580000000000000000e+02
7.000000000000000000e+01
8.800000000000000000e+01
1.470000000000000000e+02
1.360000000000000000e+02
3.700000000000000000e+01
1.390000000000000000e+02
1.430000000000000000e+02
4.700000000000000000e+01
4.200000000000000000e+01
7.700000000000000000e+01
1.870000000000000000e+02
5.500000000000000000e+01
9.500000000000000000e+01
8.800000000000000000e+01
1.130000000000000000e+02
6.400000000000000000e+01
9.800000000000000000e+01
2.510000000000000000e+02
3.900000000000000000e+01
5.600000000000000000e+01
8.800000000000000000e+01
7.200000000000000000e+01
1.550000000000000000e+02
1.660000000000000000e+02
9.200000000000000000e+01
9.100000000000000000e+01
5.100000000000000000e+01
7.500000000000000000e+01
4.000000000000000000e+01
1.090000000000000000e+02
1.000000000000000000e+02
8.900000000000000000e+01
3.800000000000000000e+01
2.020000000000000000e+02
3.700000000000000000e+01
5.600000000000000000e+01
4.100000000000000000e+01
1.210000000000000000e+02
7.500000000000000000e+01
9.700000000000000000e+01
1.840000000000000000e+02
1.070000000000000000e+02
2.180000000000000000e+02
6.190000000000000000e+02
1.420000000000000000e+02
2.250000000000000000e+02
1.480000000000000000e+02
1.330000000000000000e+02
7.400000000000000000e+01
1.780000000000000000e+02
1.350000000000000000e+02
2.460000000000000000e+02
2.740000000000000000e+02
2.140000000000000000e+02
1.460000000000000000e+02
2.230000000000000000e+02
1.780000000000000000e+02
4.000000000000000000e+01
5.300000000000000000e+01
1.440000000000000000e+02
2.240000000000000000e+02
8.400000000000000000e+01
1.340000000000000000e+02
4.200000000000000000e+01
7.600000000000000000e+01
1.640000000000000000e+02
7.500000000000000000e+01
9.500000000000000000e+01
9.500000000000000000e+01
2.400000000000000000e+02
7.400000000000000000e+01
1.300000000000000000e+02
1.140000000000000000e+02
1.480000000000000000e+02
1.820000000000000000e+02
1.080000000000000000e+02
1.110000000000000000e+02
6.900000000000000000e+01
8.900000000000000000e+01
9.700000000000000000e+01
8.500000000000000000e+01
1.490000000000000000e+02
7.100000000000000000e+01
2.420000000000000000e+02
6.800000000000000000e+01
7.200000000000000000e+01
6.000000000000000000e+01
8.000000000000000000e+01
8.400000000000000000e+01
1.130000000000000000e+02
3.500000000000000000e+01
5.200000000000000000e+01
6.760000000000000000e+02
1.190000000000000000e+02
7.200000000000000000e+01
1.180000000000000000e+02
1.080000000000000000e+02
1.700000000000000000e+02
1.140000000000000000e+02
2.110000000000000000e+02
1.290000000000000000e+02
9.400000000000000000e+01
1.160000000000000000e+02
1.820000000000000000e+02
8.300000000000000000e+01
2.120000000000000000e+02
9.200000000000000000e+01
6.200000000000000000e+01
6.700000000000000000e+01
5.300000000000000000e+01
6.200000000000000000e+01
1.030000000000000000e+02
2.900000000000000000e+02
1.080000000000000000e+02
1.530000000000000000e+02
5.800000000000000000e+01
8.300000000000000000e+01
9.200000000000000000e+01
7.400000000000000000e+01
1.330000000000000000e+02
6.100000000000000000e+01
1.110000000000000000e+02
2.150000000000000000e+02
9.000000000000000000e+01
3.090000000000000000e+02
1.370000000000000000e+02
1.910000000000000000e+02
2.360000000000000000e+02
1.130000000000000000e+02
1.810000000000000000e+02
4.000000000000000000e+01
7.900000000000000000e+01
9.000000000000000000e+01
2.690000000000000000e+02
2.800000000000000000e+02
5.100000000000000000e+01
9.600000000000000000e+01
6.800000000000000000e+01
1.550000000000000000e+02
5.100000000000000000e+01
1.070000000000000000e+02
2.200000000000000000e+02
1.500000000000000000e+02
8.300000000000000000e+01
2.920000000000000000e+02
1.250000000000000000e+02
2.130000000000000000e+02
2.040000000000000000e+02
3.500000000000000000e+01
7.600000000000000000e+01
8.200000000000000000e+01
9.600000000000000000e+01
