3.690000000000000000e+02
2.320000000000000000e+02
2.590000000000000000e+02
8.430000000000000000e+02
4.040000000000000000e+02
2.220000000000000000e+02
2.570000000000000000e+02
2.080000000000000000e+02
3.970000000000000000e+02
4.440000000000000000e+02
4.880000000000000000e+02
3.280000000000000000e+02
4.560000000000000000e+02
2.780000000000000000e+02
2.590000000000000000e+02
1.450000000000000000e+02
1.350000000000000000e+02
2.910000000000000000e+02
2.240000000000000000e+02
1.650000000000000000e+02
1.230000000000000000e+02
3.050000000000000000e+02
3.040000000000000000e+02
1.950000000000000000e+02
2.150000000000000000e+02
2.710000000000000000e+02
3.900000000000000000e+02
5.730000000000000000e+02
1.000000000000000000e+02
3.180000000000000000e+02
1.540000000000000000e+02
3.190000000000000000e+02
2.000000000000000000e+02
1.680000000000000000e+02
2.840000000000000000e+02
1.217000000000000000e+03
4.470000000000000000e+02
1.830000000000000000e+02
3.460000000000000000e+02
5.380000000000000000e+02
3.900000000000000000e+02
2.150000000000000000e+02
2.420000000000000000e+02
2.550000000000000000e+02
8.300000000000000000e+01
5.020000000000000000e+02
3.290000000000000000e+02
3.910000000000000000e+02
1.550000000000000000e+02
5.110000000000000000e+02
3.000000000000000000e+02
7.800000000000000000e+01
2.240000000000000000e+02
1.300000000000000000e+02
5.950000000000000000e+02
1.380000000000000000e+02
4.900000000000000000e+02
8.900000000000000000e+01
4.940000000000000000e+02
2.640000000000000000e+02
3.940000000000000000e+02
3.550000000000000000e+02
3.140000000000000000e+02
3.790000000000000000e+02
1.550000000000000000e+02
3.400000000000000000e+02
2.620000000000000000e+02
1.520000000000000000e+02
2.480000000000000000e+02
5.570000000000000000e+02
1.460000000000000000e+02
8.080000000000000000e+02
9.850000000000000000e+02
1.253000000000000000e+03
3.590000000000000000e+02
2.510000000000000000e+02
1.640000000000000000e+02
