1.950000000000000000e+02
1.240000000000000000e+02
1.124000000000000000e+03
4.120000000000000000e+02
5.190000000000000000e+02
8.670000000000000000e+02
1.082000000000000000e+03
4.910000000000000000e+02
3.810000000000000000e+02
1.041000000000000000e+03
1.054000000000000000e+03
6.970000000000000000e+02
1.039000000000000000e+03
8.430000000000000000e+02
4.290000000000000000e+02
9.940000000000000000e+02
2.103000000000000000e+03
9.340000000000000000e+02
7.460000000000000000e+02
6.560000000000000000e+02
9.350000000000000000e+02
4.390000000000000000e+02
3.290000000000000000e+02
5.340000000000000000e+02
6.260000000000000000e+02
8.100000000000000000e+02
1.022000000000000000e+03
8.440000000000000000e+02
7.330000000000000000e+02
6.480000000000000000e+02
5.360000000000000000e+02
1.700000000000000000e+02
7.850000000000000000e+02
2.067000000000000000e+03
