3.700000000000000000e+02
4.470000000000000000e+02
3.430000000000000000e+02
2.240000000000000000e+02
1.520000000000000000e+02
4.980000000000000000e+02
1.430000000000000000e+02
3.300000000000000000e+02
1.790000000000000000e+02
5.110000000000000000e+02
2.800000000000000000e+02
5.070000000000000000e+02
1.370000000000000000e+02
3.620000000000000000e+02
4.310000000000000000e+02
5.970000000000000000e+02
2.890000000000000000e+02
3.210000000000000000e+02
4.400000000000000000e+02
7.720000000000000000e+02
7.380000000000000000e+02
7.970000000000000000e+02
8.320000000000000000e+02
2.000000000000000000e+02
4.720000000000000000e+02
1.309000000000000000e+03
5.600000000000000000e+02
6.890000000000000000e+02
9.130000000000000000e+02
4.590000000000000000e+02
2.460000000000000000e+02
9.190000000000000000e+02
1.790000000000000000e+02
4.450000000000000000e+02
3.810000000000000000e+02
1.030000000000000000e+02
5.350000000000000000e+02
5.080000000000000000e+02
3.680000000000000000e+02
5.530000000000000000e+02
3.010000000000000000e+02
1.850000000000000000e+02
9.000000000000000000e+01
2.000000000000000000e+02
4.510000000000000000e+02
3.910000000000000000e+02
5.820000000000000000e+02
4.010000000000000000e+02
3.060000000000000000e+02
3.120000000000000000e+02
7.960000000000000000e+02
3.240000000000000000e+02
1.148000000000000000e+03
7.510000000000000000e+02
2.290000000000000000e+02
