8.370000000000000000e+02
4.840000000000000000e+02
9.240000000000000000e+02
9.940000000000000000e+02
1.472000000000000000e+03
8.880000000000000000e+02
3.920000000000000000e+02
3.790000000000000000e+02
7.380000000000000000e+02
3.790000000000000000e+02
5.270000000000000000e+02
8.460000000000000000e+02
5.590000000000000000e+02
9.410000000000000000e+02
3.770000000000000000e+02
6.350000000000000000e+02
9.780000000000000000e+02
1.452000000000000000e+03
5.800000000000000000e+02
2.390000000000000000e+02
4.610000000000000000e+02
2.040000000000000000e+02
1.422000000000000000e+03
1.241000000000000000e+03
3.840000000000000000e+02
6.290000000000000000e+02
1.429000000000000000e+03
3.330000000000000000e+02
1.572000000000000000e+03
9.510000000000000000e+02
7.010000000000000000e+02
1.992000000000000000e+03
8.040000000000000000e+02
