1.743000000000000000e+03
8.090000000000000000e+02
1.383000000000000000e+03
4.160000000000000000e+02
8.140000000000000000e+02
7.770000000000000000e+02
7.900000000000000000e+02
1.108000000000000000e+03
1.633000000000000000e+03
1.287000000000000000e+03
1.683000000000000000e+03
3.452000000000000000e+03
6.040000000000000000e+02
1.212000000000000000e+03
1.345000000000000000e+03
1.211000000000000000e+03
4.900000000000000000e+02
2.518000000000000000e+03
8.600000000000000000e+02
8.710000000000000000e+02
