5.560000000000000000e+02
5.880000000000000000e+02
6.690000000000000000e+02
1.840000000000000000e+02
2.280000000000000000e+02
2.810000000000000000e+02
8.400000000000000000e+01
1.170000000000000000e+02
6.600000000000000000e+01
3.990000000000000000e+02
5.510000000000000000e+02
3.910000000000000000e+02
1.880000000000000000e+02
3.120000000000000000e+02
5.090000000000000000e+02
4.340000000000000000e+02
2.030000000000000000e+02
6.100000000000000000e+01
3.490000000000000000e+02
6.300000000000000000e+02
1.550000000000000000e+02
1.500000000000000000e+02
4.910000000000000000e+02
2.770000000000000000e+02
2.620000000000000000e+02
3.880000000000000000e+02
3.220000000000000000e+02
1.820000000000000000e+02
3.340000000000000000e+02
4.020000000000000000e+02
6.390000000000000000e+02
3.650000000000000000e+02
6.880000000000000000e+02
7.400000000000000000e+02
5.230000000000000000e+02
1.730000000000000000e+02
4.720000000000000000e+02
8.630000000000000000e+02
3.880000000000000000e+02
3.870000000000000000e+02
1.480000000000000000e+02
6.440000000000000000e+02
5.750000000000000000e+02
3.060000000000000000e+02
2.600000000000000000e+02
5.180000000000000000e+02
3.130000000000000000e+02
2.820000000000000000e+02
3.730000000000000000e+02
1.370000000000000000e+02
1.750000000000000000e+02
3.690000000000000000e+02
4.830000000000000000e+02
7.480000000000000000e+02
1.660000000000000000e+02
1.280000000000000000e+02
2.210000000000000000e+02
1.850000000000000000e+02
1.630000000000000000e+02
4.440000000000000000e+02
1.530000000000000000e+02
4.260000000000000000e+02
1.790000000000000000e+02
3.980000000000000000e+02
6.880000000000000000e+02
4.600000000000000000e+02
2.060000000000000000e+02
6.690000000000000000e+02
4.880000000000000000e+02
1.328000000000000000e+03
1.100000000000000000e+02
