1.210000000000000000e+02
7.900000000000000000e+01
1.950000000000000000e+02
3.880000000000000000e+02
1.720000000000000000e+02
2.930000000000000000e+02
5.590000000000000000e+02
2.440000000000000000e+02
4.440000000000000000e+02
3.860000000000000000e+02
3.360000000000000000e+02
2.010000000000000000e+02
4.060000000000000000e+02
2.410000000000000000e+02
1.240000000000000000e+02
2.470000000000000000e+02
3.240000000000000000e+02
7.000000000000000000e+02
4.170000000000000000e+02
1.630000000000000000e+02
2.660000000000000000e+02
7.610000000000000000e+02
5.360000000000000000e+02
2.780000000000000000e+02
1.480000000000000000e+02
4.690000000000000000e+02
2.840000000000000000e+02
4.230000000000000000e+02
1.720000000000000000e+02
4.260000000000000000e+02
2.020000000000000000e+02
3.070000000000000000e+02
1.110000000000000000e+02
2.840000000000000000e+02
3.990000000000000000e+02
3.690000000000000000e+02
5.810000000000000000e+02
1.030000000000000000e+02
5.240000000000000000e+02
2.170000000000000000e+02
1.720000000000000000e+02
1.920000000000000000e+02
4.710000000000000000e+02
1.920000000000000000e+02
4.550000000000000000e+02
4.210000000000000000e+02
3.040000000000000000e+02
5.450000000000000000e+02
5.480000000000000000e+02
2.480000000000000000e+02
2.480000000000000000e+02
9.700000000000000000e+01
1.280000000000000000e+02
1.210000000000000000e+02
2.180000000000000000e+02
2.710000000000000000e+02
4.960000000000000000e+02
1.160000000000000000e+02
4.170000000000000000e+02
5.420000000000000000e+02
3.260000000000000000e+02
1.530000000000000000e+02
5.050000000000000000e+02
1.250000000000000000e+02
2.840000000000000000e+02
1.470000000000000000e+02
1.300000000000000000e+02
5.100000000000000000e+02
2.090000000000000000e+02
2.220000000000000000e+02
3.140000000000000000e+02
3.030000000000000000e+02
1.520000000000000000e+02
1.750000000000000000e+02
7.300000000000000000e+01
2.720000000000000000e+02
2.590000000000000000e+02
1.410000000000000000e+02
4.820000000000000000e+02
2.030000000000000000e+02
3.200000000000000000e+02
6.900000000000000000e+01
2.310000000000000000e+02
1.800000000000000000e+02
8.500000000000000000e+01
2.420000000000000000e+02
2.180000000000000000e+02
3.680000000000000000e+02
4.660000000000000000e+02
2.710000000000000000e+02
1.310000000000000000e+02
