1.690000000000000000e+02
4.470000000000000000e+02
1.635000000000000000e+03
7.490000000000000000e+02
8.880000000000000000e+02
8.610000000000000000e+02
2.430000000000000000e+02
1.043000000000000000e+03
8.100000000000000000e+02
6.250000000000000000e+02
4.310000000000000000e+02
6.090000000000000000e+02
7.590000000000000000e+02
6.830000000000000000e+02
6.230000000000000000e+02
5.160000000000000000e+02
8.320000000000000000e+02
1.437000000000000000e+03
1.280000000000000000e+03
2.040000000000000000e+02
9.140000000000000000e+02
6.200000000000000000e+02
8.140000000000000000e+02
3.780000000000000000e+02
9.480000000000000000e+02
6.150000000000000000e+02
6.680000000000000000e+02
2.910000000000000000e+02
2.190000000000000000e+02
3.280000000000000000e+02
8.660000000000000000e+02
1.091000000000000000e+03
3.140000000000000000e+02
3.980000000000000000e+02
6.810000000000000000e+02
6.060000000000000000e+02
4.050000000000000000e+02
4.230000000000000000e+02
5.630000000000000000e+02
6.820000000000000000e+02
