3.183381355144529988e-03
6.970908076958824890e-05
1.858908820522353394e-04
3.253090435914118644e-04
2.253926944883353264e-03
1.394181615391764978e-04
2.323636025652941743e-05
9.294544102611766972e-05
2.323636025652941811e-04
1.161818012826470905e-04
2.323636025652941743e-05
4.647272051305883622e-04
1.394181615391764978e-04
4.647272051305883486e-05
2.277163305139882996e-03
2.323636025652941743e-05
2.091272423087647467e-04
1.789199739752765118e-03
3.020726833348824029e-04
1.092108932056882684e-03
9.294544102611766972e-05
2.486290547448647553e-03
1.649781578213588675e-03
7.203271679524119505e-04
2.997490473092294730e-03
6.506180871828237287e-04
4.647272051305883622e-04
8.365089692350589868e-04
1.858908820522353394e-04
7.435635282089413578e-04
2.091272423087647467e-04
7.667998884654707650e-04
6.970908076958824890e-05
6.970908076958824890e-05
4.647272051305883486e-05
6.970908076958824890e-05
1.161818012826470905e-04
1.161818012826470905e-04
1.580072497444000345e-03
2.323636025652941743e-05
6.970908076958824890e-05
1.626545217957059322e-04
9.062180500046473170e-04
2.323636025652941743e-05
2.346872385909471326e-03
3.485454038479412716e-04
2.091272423087647467e-04
9.294544102611766972e-05
2.323636025652941743e-05
1.533599776930941530e-03
2.323636025652941743e-05
1.626545217957059322e-04
2.881308671809647802e-03
3.485454038479412716e-04
1.626545217957059322e-04
1.789199739752765118e-03
1.626545217957059322e-04
1.161818012826470905e-04
4.414908448740589007e-04
2.323636025652941743e-05
2.323636025652941811e-04
2.323636025652941743e-05
9.062180500046473170e-04
3.113672274374942091e-03
1.394181615391764978e-04
2.811599591040059472e-03
8.829816897481178014e-04
9.294544102611766972e-05
4.182544846175294934e-04
3.671344920531647866e-03
3.485454038479412716e-04
2.323636025652941811e-04
1.858908820522353394e-04
7.203271679524119505e-04
6.970908076958824890e-05
4.647272051305883486e-05
3.717817641044706789e-04
1.858908820522353394e-04
2.788363230783529956e-04
4.879635653871177694e-04
6.970908076958825432e-04
2.323636025652941811e-04
4.647272051305883486e-05
2.091272423087647467e-04
1.394181615391764978e-04
4.647272051305883486e-05
1.858908820522353394e-04
4.647272051305883486e-05
3.253090435914118644e-04
1.510363416674412014e-03
4.647272051305883486e-05
1.626545217957059322e-04
7.900362487220001723e-04
1.068872571800353168e-03
8.597453294915883941e-04
6.970908076958825432e-04
1.696254298726647489e-03
3.810763082070824526e-03
2.323636025652941743e-05
6.970908076958824890e-05
4.716981132075471518e-03
1.161818012826470905e-04
4.647272051305883486e-05
8.132726089785295796e-04
2.323636025652941811e-04
2.091272423087647467e-04
9.294544102611766972e-05
6.970908076958824890e-05
2.323636025652941743e-05
2.788363230783529956e-04
1.208290733339529612e-03
1.858908820522353394e-04
3.485454038479412716e-04
3.020726833348824029e-04
2.323636025652941743e-05
1.858908820522353394e-04
9.294544102611766972e-05
1.161818012826470905e-04
9.294544102611766972e-05
5.576726461567059912e-04
1.324472534622176756e-03
6.970908076958824890e-05
1.045636211543823869e-03
2.323636025652941743e-05
2.323636025652941743e-05
4.879635653871177694e-04
4.879635653871177694e-04
6.970908076958824890e-05
1.161818012826470905e-04
6.970908076958824890e-05
4.647272051305883486e-05
7.900362487220001723e-04
2.509526907705176852e-03
3.717817641044706789e-04
1.022399851287294353e-03
5.576726461567059912e-04
2.555999628218235883e-04
9.294544102611766972e-05
1.626545217957059322e-04
6.738544474393531360e-04
1.463890696161353200e-03
1.394181615391764978e-04
4.647272051305883486e-05
1.580072497444000345e-03
7.203271679524119505e-04
2.323636025652941811e-04
1.394181615391764978e-04
4.647272051305883486e-05
4.647272051305883486e-05
2.323636025652941743e-05
6.970908076958824890e-05
4.414908448740589007e-04
2.788363230783529956e-04
2.323636025652941743e-05
2.625708708987824214e-03
4.182544846175294934e-04
3.950181243610000861e-04
6.970908076958824890e-05
9.852216748768473017e-03
6.738544474393531360e-04
6.761780834650060225e-03
1.394181615391764978e-04
2.323636025652941743e-05
4.647272051305883622e-04
9.294544102611766972e-05
3.020726833348824029e-04
3.485454038479412716e-04
3.717817641044706789e-04
2.323636025652941743e-05
9.294544102611766972e-05
6.970908076958824890e-05
1.394181615391764978e-04
2.323636025652941743e-05
6.970908076958824890e-05
1.510363416674412014e-03
4.647272051305883486e-05
2.323636025652941743e-05
3.020726833348824029e-04
4.647272051305883486e-05
2.323636025652941743e-05
3.229854075657589019e-03
2.370108746166000625e-03
1.858908820522353394e-04
1.626545217957059322e-04
7.435635282089413578e-04
1.161818012826470905e-04
3.717817641044706789e-04
4.414908448740589007e-04
3.253090435914118644e-04
1.161818012826470905e-04
3.741054001301236196e-03
1.626545217957059322e-04
2.323636025652941743e-05
4.414908448740589007e-04
4.647272051305883486e-05
4.647272051305883486e-05
1.054930755646435458e-02
5.111999256436471767e-04
1.487127056417882716e-03
2.765126870527000440e-03
9.294544102611766972e-05
2.323636025652941743e-05
6.273817269262942130e-04
2.323636025652941743e-05
1.161818012826470905e-04
2.323636025652941743e-05
2.323636025652941743e-05
4.647272051305883486e-05
2.323636025652941811e-04
9.294544102611766972e-05
1.440654335904823901e-03
4.647272051305883486e-05
7.598289803885119320e-03
1.161818012826470905e-04
4.647272051305883486e-05
4.647272051305883486e-05
2.323636025652941743e-05
2.323636025652941743e-05
1.161818012826470905e-04
1.626545217957059322e-04
9.294544102611766972e-05
1.626545217957059322e-04
9.294544102611766972e-05
9.294544102611766972e-05
1.115345292313411982e-03
6.436471791058648306e-03
3.253090435914118318e-03
6.970908076958824890e-05
4.647272051305883486e-05
4.647272051305883486e-05
1.231527093596059127e-03
2.323636025652941743e-05
1.277999814109117942e-03
2.323636025652941743e-05
2.323636025652941743e-05
6.970908076958824890e-05
1.045636211543823869e-03
6.970908076958824890e-05
4.182544846175294934e-04
1.858908820522353394e-04
4.647272051305883486e-05
2.788363230783529956e-04
4.182544846175294934e-04
4.414908448740589007e-04
2.323636025652941743e-05
1.394181615391764978e-04
2.579235988474765182e-03
7.087089878241472143e-03
1.858908820522353394e-04
2.091272423087647467e-04
9.433962264150943036e-03
3.020726833348824029e-04
2.555999628218235883e-04
2.323636025652941743e-05
6.970908076958824890e-05
6.738544474393531360e-04
2.323636025652941743e-05
1.394181615391764978e-04
5.111999256436471767e-04
2.323636025652941743e-05
5.111999256436471767e-04
2.323636025652941811e-04
2.323636025652941743e-05
4.647272051305883486e-05
6.970908076958825432e-04
9.294544102611767243e-04
1.022399851287294353e-03
2.323636025652941743e-05
3.950181243610000861e-04
6.970908076958824890e-05
4.879635653871177694e-04
4.414908448740589332e-03
1.858908820522353394e-04
1.161818012826470905e-04
2.463054187192118254e-03
2.323636025652941743e-05
2.323636025652941743e-05
6.970908076958824890e-05
6.366762710289059976e-03
1.603308857700529860e-03
2.323636025652941811e-04
4.182544846175294934e-04
5.576726461567059912e-04
2.323636025652941743e-05
2.044799702574588707e-03
6.970908076958825432e-04
6.738544474393531360e-04
1.394181615391764978e-04
4.647272051305883486e-05
1.394181615391764978e-04
9.294544102611766972e-05
2.788363230783529956e-04
3.485454038479412716e-04
6.970908076958824890e-05
2.555999628218235883e-04
1.394181615391764978e-04
4.182544846175294934e-04
9.991634910307648377e-04
6.970908076958824890e-05
4.414908448740589007e-04
1.161818012826470905e-04
5.809090064132353985e-04
3.717817641044706789e-04
1.542894321033553250e-02
1.161818012826470905e-04
3.067199553861883060e-03
1.277999814109117942e-03
2.788363230783529956e-04
3.950181243610000861e-04
9.294544102611766972e-05
9.991634910307648377e-04
1.347708894878706272e-03
2.323636025652941743e-05
2.323636025652941743e-05
1.858908820522353394e-04
1.626545217957059322e-04
2.788363230783529956e-04
1.161818012826470905e-04
9.294544102611766972e-05
2.393345106422529924e-03
2.323636025652941743e-05
1.905381541035412263e-03
2.323636025652941743e-05
1.696254298726647489e-03
3.020726833348824029e-04
2.323636025652941743e-05
4.414908448740589007e-04
2.788363230783529956e-04
2.091272423087647467e-04
4.647272051305883622e-04
2.091272423087647467e-04
5.111999256436471767e-03
1.161818012826470797e-03
4.647272051305883486e-05
9.294544102611766972e-05
4.647272051305883486e-05
1.394181615391764978e-04
1.858908820522353394e-04
2.323636025652941743e-05
1.394181615391764978e-04
5.181708337206060097e-03
9.526907705177061316e-04
4.391672088484059600e-03
2.091272423087647467e-04
2.555999628218235883e-04
6.273817269262942130e-04
6.506180871828237287e-04
1.394181615391764978e-04
4.647272051305883486e-05
3.090435914118412359e-03
4.647272051305883486e-05
2.323636025652941743e-05
3.253090435914118644e-04
2.323636025652941743e-05
8.365089692350589868e-04
1.626545217957059322e-04
1.347708894878706272e-03
9.294544102611766972e-05
4.647272051305883486e-05
9.294544102611766972e-05
2.788363230783529956e-04
1.626545217957059322e-04
8.132726089785295796e-04
1.208290733339529612e-03
1.394181615391764978e-04
6.970908076958824890e-05
2.323636025652941811e-04
2.091272423087647467e-04
9.294544102611766972e-05
1.882145180778882834e-02
2.323636025652941743e-05
2.602472348731294915e-03
3.253090435914118644e-04
4.414908448740589007e-04
1.161818012826470905e-04
4.647272051305883486e-05
2.393345106422529924e-03
9.062180500046473170e-04
6.970908076958824890e-05
2.323636025652941743e-05
2.323636025652941743e-05
9.294544102611766972e-05
6.970908076958824890e-05
5.971744585928060595e-03
1.161818012826470905e-04
3.973417603866530486e-03
1.394181615391764978e-04
1.417417975648294385e-03
2.718654150013941843e-03
2.323636025652941743e-05
5.088762896179942034e-03
3.950181243610000861e-04
6.970908076958824890e-05
6.970908076958824890e-05
4.647272051305883486e-05
1.626545217957059322e-04
6.970908076958824890e-05
2.114508783344177037e-03
1.626545217957059322e-04
4.647272051305883622e-04
6.970908076958824890e-05
2.323636025652941743e-05
4.647272051305883486e-05
2.323636025652941811e-04
1.161818012826470905e-04
1.212938005390835558e-02
2.323636025652941811e-04
4.577562970536294858e-03
6.970908076958825432e-04
2.323636025652941811e-04
8.132726089785295796e-04
6.970908076958824890e-05
1.742727019239706304e-03
2.323636025652941743e-05
1.487127056417882716e-03
2.323636025652941743e-05
4.647272051305883486e-05
1.626545217957059322e-04
1.394181615391764978e-04
4.647272051305883486e-05
1.301236174365647457e-03
5.576726461567059912e-04
6.970908076958824890e-05
6.970908076958824890e-05
1.161818012826470905e-04
1.626545217957059322e-04
6.970908076958824890e-05
1.161818012826470905e-04
9.294544102611766972e-05
6.041453666697648058e-04
7.203271679524119505e-04
2.184217864113765367e-03
1.626545217957059322e-04
4.647272051305883486e-05
2.788363230783529956e-04
8.132726089785295796e-04
5.762617343619295604e-03
4.647272051305883486e-05
7.296217120550237134e-03
1.673017938470117974e-03
2.323636025652941743e-05
4.182544846175294934e-04
1.858908820522353394e-04
2.323636025652941743e-05
8.829816897481178014e-04
2.091272423087647467e-04
6.970908076958824890e-05
2.323636025652941743e-05
1.858908820522353394e-04
9.294544102611766972e-05
9.294544102611766972e-05
8.365089692350589868e-04
4.647272051305883486e-05
2.323636025652941743e-05
6.970908076958824890e-05
3.485454038479412716e-04
9.294544102611766972e-05
2.091272423087647467e-04
5.274653778232177292e-03
3.717817641044706789e-04
4.647272051305883486e-05
4.647272051305883486e-05
2.323636025652941743e-05
9.945162189794590213e-03
9.294544102611766972e-05
4.647272051305883486e-05
4.647272051305883486e-05
1.161818012826470905e-04
9.294544102611766972e-05
2.323636025652941743e-05
6.273817269262942130e-04
2.091272423087647467e-04
6.970908076958824890e-05
2.323636025652941743e-05
2.323636025652941743e-05
1.858908820522353394e-04
1.115345292313411982e-03
2.323636025652941743e-05
1.394181615391764978e-04
4.647272051305883486e-05
3.950181243610000861e-04
2.323636025652941743e-05
9.759271307742355388e-04
7.900362487220001723e-04
6.970908076958824890e-05
2.323636025652941743e-05
4.647272051305883486e-05
1.626545217957059322e-04
1.161818012826470905e-04
2.323636025652941743e-05
4.414908448740589007e-04
4.182544846175294934e-04
1.626545217957059322e-04
9.294544102611766972e-05
9.294544102611766972e-05
3.950181243610000861e-04
2.091272423087647467e-04
4.647272051305883486e-05
1.858908820522353394e-04
6.970908076958824890e-05
1.161818012826470905e-04
1.394181615391764978e-04
1.394181615391764978e-04
1.626545217957059322e-04
2.323636025652941743e-05
9.294544102611766972e-05
6.970908076958824890e-05
1.858908820522353394e-04
1.068872571800353168e-03
1.161818012826470905e-04
2.323636025652941743e-05
4.414908448740589007e-04
9.526907705177061316e-04
2.323636025652941743e-05
2.555999628218235883e-04
1.626545217957059322e-04
6.970908076958824890e-05
2.091272423087647467e-04
6.273817269262942130e-04
2.555999628218235883e-04
2.323636025652941811e-04
3.671344920531647866e-03
1.022399851287294353e-03
8.829816897481178014e-04
2.323636025652941743e-05
4.647272051305883486e-05
2.323636025652941743e-05
4.647272051305883486e-05
2.091272423087647467e-04
6.970908076958824890e-05
2.323636025652941743e-05
4.647272051305883486e-05
9.294544102611766972e-05
2.323636025652941743e-05
4.647272051305883486e-05
9.991634910307648377e-04
3.253090435914118644e-04
9.294544102611766972e-05
6.970908076958824890e-05
2.323636025652941743e-05
2.788363230783529956e-04
6.970908076958824890e-05
6.970908076958824890e-05
3.485454038479412716e-04
1.626545217957059322e-04
2.253926944883353264e-03
6.273817269262942130e-04
3.717817641044706789e-04
4.647272051305883486e-05
1.858908820522353394e-04
3.485454038479412716e-04
1.858908820522353394e-04
6.970908076958824890e-05
6.970908076958824890e-05
5.111999256436471767e-04
1.858908820522353394e-04
1.487127056417882716e-03
7.435635282089413578e-04
4.182544846175294934e-04
9.294544102611766972e-05
9.294544102611766972e-05
6.970908076958824890e-05
2.323636025652941743e-05
5.576726461567059912e-04
2.555999628218235883e-04
1.626545217957059322e-04
1.626545217957059322e-04
2.323636025652941743e-05
6.970908076958825432e-04
4.879635653871177694e-04
4.647272051305883486e-05
3.020726833348824029e-04
4.879635653871177694e-04
1.394181615391764978e-04
2.323636025652941743e-05
2.323636025652941743e-05
4.647272051305883486e-05
1.858908820522353394e-04
1.394181615391765086e-03
1.928617901291941562e-03
5.576726461567059912e-04
5.111999256436471767e-04
1.394181615391764978e-04
1.161818012826470905e-04
2.091272423087647467e-04
2.323636025652941743e-05
6.970908076958824890e-05
3.020726833348824029e-04
1.626545217957059322e-04
7.900362487220001723e-04
2.555999628218235883e-04
7.667998884654707650e-04
1.858908820522353394e-04
1.161818012826470905e-04
2.323636025652941743e-05
2.323636025652941743e-05
9.294544102611766972e-05
9.294544102611766972e-05
2.323636025652941743e-05
4.647272051305883622e-04
1.812436100009294634e-03
3.253090435914118644e-04
1.394181615391764978e-04
2.091272423087647467e-04
8.365089692350589868e-04
9.294544102611766972e-05
6.041453666697648058e-04
1.394181615391764978e-04
4.647272051305883486e-05
3.462217678222883309e-03
2.323636025652941743e-05
1.045636211543823869e-03
2.323636025652941743e-05
8.365089692350589868e-04
4.647272051305883486e-05
4.182544846175294934e-04
1.161818012826470905e-04
1.394181615391764978e-04
5.111999256436471767e-04
3.485454038479412716e-04
3.485454038479412716e-04
1.208290733339529612e-03
2.323636025652941743e-05
6.506180871828237287e-04
4.647272051305883622e-04
3.950181243610000861e-04
9.294544102611766972e-05
3.485454038479412716e-04
1.161818012826470905e-04
4.647272051305883622e-04
6.970908076958824890e-05
1.673017938470117974e-03
4.647272051305883622e-04
2.323636025652941811e-04
6.970908076958824890e-05
6.970908076958824890e-05
1.161818012826470905e-04
4.647272051305883486e-05
6.970908076958824890e-05
6.970908076958824890e-05
2.323636025652941743e-05
1.463890696161353200e-03
2.184217864113765367e-03
1.626545217957059322e-04
1.161818012826470905e-04
2.114508783344177037e-03
7.900362487220001723e-04
2.323636025652941811e-04
9.294544102611766972e-05
6.970908076958824890e-05
6.506180871828237287e-04
2.323636025652941743e-05
9.294544102611766972e-05
6.041453666697648058e-04
3.020726833348824029e-04
2.323636025652941743e-05
1.161818012826470905e-04
6.506180871828237287e-04
2.091272423087647467e-04
1.394181615391764978e-04
4.414908448740589007e-04
2.323636025652941743e-05
1.626545217957059322e-04
4.647272051305883486e-05
2.323636025652941743e-05
1.138581652569941498e-03
4.182544846175295476e-03
6.970908076958824890e-05
4.902872014127706776e-03
1.231527093596059127e-03
4.647272051305883486e-05
1.394181615391764978e-04
6.970908076958824890e-05
9.294544102611766972e-05
3.020726833348824029e-04
2.160981503857235635e-03
4.647272051305883486e-05
3.322799516683706648e-03
3.253090435914118644e-04
2.323636025652941743e-05
2.555999628218235883e-04
2.788363230783529956e-04
6.970908076958824890e-05
9.294544102611766972e-05
3.973417603866530486e-03
1.254763453852588426e-03
2.091272423087647467e-04
9.062180500046473170e-04
8.109489729528766497e-03
9.294544102611766972e-05
6.970908076958824890e-05
2.323636025652941743e-05
2.323636025652941743e-05
2.323636025652941811e-04
6.970908076958824890e-05
2.323636025652941743e-05
6.320289989776001378e-03
2.021563342318059408e-03
2.323636025652941743e-05
7.900362487220001723e-04
1.394181615391764978e-04
1.882145180778882747e-03
2.323636025652941811e-04
6.970908076958825432e-04
2.323636025652941743e-05
4.647272051305883486e-05
2.323636025652941743e-05
2.323636025652941743e-05
3.950181243610000861e-04
3.043963193605353761e-03
1.394181615391764978e-04
1.626545217957059159e-03
1.673017938470117974e-03
3.485454038479412716e-04
4.647272051305883486e-05
9.294544102611766972e-05
1.858908820522353394e-04
2.323636025652941811e-04
1.161818012826470905e-04
2.323636025652941743e-05
2.091272423087647467e-04
1.858908820522353394e-04
2.323636025652941743e-05
2.044799702574588707e-03
2.323636025652941743e-05
2.323636025652941743e-05
4.647272051305883486e-05
4.647272051305883486e-05
4.298726647457942404e-03
1.858908820522353394e-04
1.858908820522353394e-04
4.647272051305883486e-05
3.485454038479412716e-04
4.182544846175294934e-04
3.043963193605353761e-03
7.900362487220001723e-04
1.626545217957059159e-03
3.020726833348824029e-04
1.161818012826470905e-04
4.647272051305883622e-04
4.647272051305883486e-05
6.970908076958824890e-05
9.294544102611766972e-05
1.394181615391764978e-04
1.858908820522353394e-04
1.185054373083000313e-03
2.323636025652941743e-05
2.323636025652941811e-04
3.020726833348824029e-04
9.294544102611766972e-05
1.858908820522353394e-04
1.858908820522353394e-04
4.647272051305883486e-05
2.555999628218235883e-04
1.161818012826470905e-04
6.970908076958824890e-05
3.926944883353471888e-03
4.647272051305883486e-05
1.696254298726647489e-03
4.647272051305883486e-05
1.231527093596059127e-03
2.323636025652941743e-05
2.323636025652941743e-05
4.647272051305883486e-05
4.647272051305883486e-05
2.323636025652941743e-05
2.323636025652941743e-05
1.394181615391764978e-04
2.323636025652941743e-05
4.647272051305883622e-04
6.970908076958824890e-05
6.970908076958824890e-05
2.091272423087647467e-04
2.323636025652941743e-05
2.788363230783529956e-04
1.045636211543823869e-03
1.092108932056882684e-03
9.294544102611766972e-05
2.323636025652941743e-05
1.161818012826470905e-04
4.647272051305883486e-05
1.161818012826470905e-04
2.323636025652941811e-04
1.161818012826470905e-04
5.111999256436471767e-04
6.970908076958825432e-04
1.487127056417882716e-03
4.182544846175294934e-04
1.394181615391764978e-04
2.323636025652941811e-04
4.647272051305883486e-05
3.950181243610000861e-04
6.970908076958824890e-05
2.323636025652941743e-05
9.294544102611766972e-05
5.344362859001765840e-04
6.506180871828237287e-04
1.394181615391764978e-04
3.717817641044706789e-04
1.394181615391764978e-04
1.161818012826470905e-04
2.555999628218235883e-04
3.276326796170647617e-03
2.323636025652941743e-05
1.394181615391764978e-04
4.647272051305883486e-05
1.161818012826470905e-04
4.693744771818942653e-03
2.765126870527000440e-03
3.485454038479412608e-03
1.858908820522353394e-04
1.394181615391764978e-04
3.857235802583883124e-03
2.323636025652941743e-05
2.091272423087647467e-04
1.394181615391764978e-04
4.647272051305883486e-05
6.970908076958824890e-05
2.323636025652941743e-05
3.020726833348824029e-04
9.294544102611766972e-05
9.294544102611766972e-05
4.647272051305883486e-05
1.858908820522353394e-04
2.393345106422529924e-03
6.273817269262942130e-04
2.323636025652941743e-05
3.717817641044706789e-04
1.161818012826470797e-03
4.647272051305883486e-05
6.970908076958824890e-05
2.323636025652941743e-05
4.647272051305883486e-05
4.554326610279765992e-03
3.253090435914118644e-04
1.626545217957059322e-04
4.647272051305883486e-05
2.323636025652941743e-05
3.020726833348824029e-04
7.017380797471883813e-03
2.323636025652941743e-05
9.294544102611766972e-05
6.970908076958824890e-05
3.253090435914118644e-04
1.115345292313411982e-03
9.294544102611766972e-05
2.323636025652941743e-05
5.576726461567059912e-04
7.830653406450413176e-03
3.950181243610000861e-04
8.597453294915883941e-04
1.626545217957059322e-04
2.091272423087647467e-04
1.626545217957059322e-04
3.113672274374942091e-03
1.858908820522353394e-04
1.394181615391764978e-04
2.323636025652941743e-05
2.091272423087647467e-04
1.858908820522353394e-04
9.759271307742355388e-04
2.160981503857235635e-03
2.323636025652941743e-05
1.789199739752765118e-03
9.294544102611766972e-05
2.323636025652941811e-04
6.970908076958824890e-05
9.294544102611766972e-05
4.647272051305883486e-05
5.809090064132353985e-04
1.626545217957059322e-04
1.626545217957059322e-04
1.045636211543823869e-03
4.647272051305883486e-05
9.294544102611766972e-05
2.091272423087647467e-04
2.091272423087647467e-04
4.647272051305883486e-05
2.672181429500882811e-03
2.555999628218235883e-04
2.788363230783529956e-04
6.970908076958824890e-05
2.323636025652941743e-05
6.970908076958824890e-05
9.294544102611766972e-05
6.970908076958824890e-05
2.788363230783529956e-04
2.323636025652941743e-05
1.858908820522353394e-04
1.301236174365647457e-03
5.111999256436471767e-04
1.394181615391764978e-04
2.091272423087647467e-04
1.394181615391764978e-04
1.161818012826470905e-04
1.161818012826470905e-04
4.647272051305883486e-05
6.970908076958824890e-05
3.717817641044706789e-04
1.673017938470117974e-03
3.950181243610000861e-04
4.647272051305883486e-05
6.970908076958824890e-05
2.323636025652941811e-04
7.435635282089413578e-04
4.414908448740589332e-03
1.928617901291941562e-03
6.970908076958824890e-05
2.323636025652941743e-05
2.323636025652941743e-05
2.323636025652941811e-04
9.062180500046473170e-04
2.323636025652941743e-05
3.253090435914118644e-04
4.647272051305883486e-05
3.253090435914118644e-04
1.394181615391764978e-04
4.647272051305883486e-05
2.091272423087647467e-04
2.323636025652941743e-05
7.667998884654707650e-04
2.323636025652941743e-05
4.647272051305883486e-05
1.742727019239706304e-03
3.950181243610000861e-04
1.649781578213588675e-03
4.647272051305883486e-05
4.647272051305883622e-04
2.323636025652941743e-05
1.440654335904823901e-03
9.294544102611766972e-05
9.991634910307648377e-04
1.858908820522353394e-04
8.829816897481178014e-04
1.324472534622176756e-03
1.858908820522353394e-04
3.950181243610000861e-04
4.647272051305883486e-05
4.182544846175294934e-04
1.161818012826470905e-04
2.323636025652941743e-05
2.091272423087647467e-04
2.323636025652941743e-05
1.626545217957059322e-04
2.718654150013941843e-03
2.323636025652941743e-05
1.440654335904823901e-03
2.323636025652941743e-05
6.970908076958824890e-05
6.924435356445766618e-03
2.323636025652941743e-05
1.161818012826470905e-04
6.970908076958824890e-05
2.323636025652941743e-05
1.417417975648294385e-03
2.323636025652941743e-05
1.858908820522353394e-04
2.323636025652941743e-05
1.161818012826470905e-04
4.414908448740589007e-04
6.970908076958824890e-05
1.858908820522353394e-04
2.323636025652941743e-05
2.323636025652941811e-04
6.738544474393531360e-04
9.991634910307648377e-04
4.647272051305883486e-05
2.323636025652941811e-04
2.555999628218235883e-04
1.296588902314341554e-02
5.809090064132353985e-04
2.323636025652941743e-05
2.277163305139882996e-03
4.647272051305883486e-05
7.435635282089413578e-04
5.344362859001765840e-04
2.323636025652941743e-05
3.020726833348824029e-04
2.555999628218235883e-04
9.294544102611766972e-05
6.970908076958824890e-05
9.294544102611766972e-05
1.487127056417882716e-03
2.323636025652941743e-05
1.394181615391764978e-04
2.323636025652941743e-05
6.970908076958824890e-05
2.323636025652941811e-04
2.323636025652941743e-05
6.111162747467236388e-03
4.647272051305883486e-05
2.323636025652941743e-05
1.394181615391764978e-04
7.435635282089413578e-04
6.970908076958824890e-05
9.294544102611766972e-05
3.717817641044706789e-04
6.970908076958824890e-05
4.647272051305883486e-05
1.161818012826470905e-04
2.323636025652941743e-05
1.975090621805000377e-03
6.970908076958824890e-05
4.879635653871177694e-04
6.970908076958824890e-05
2.091272423087647467e-04
9.294544102611766972e-05
2.323636025652941743e-05
2.323636025652941743e-05
3.950181243610000861e-04
4.647272051305883486e-05
1.440654335904823901e-03
8.365089692350589868e-04
8.132726089785295796e-04
2.323636025652941743e-05
5.344362859001765840e-04
1.626545217957059322e-04
4.647272051305883486e-05
4.647272051305883486e-05
6.970908076958824890e-05
4.647272051305883486e-05
3.020726833348824029e-04
6.970908076958824890e-05
1.161818012826470797e-03
2.323636025652941743e-05
1.161818012826470905e-04
4.647272051305883486e-05
1.951854261548471078e-03
4.647272051305883486e-05
7.528580723115530990e-03
4.647272051305883486e-05
4.647272051305883486e-05
7.435635282089413578e-04
4.647272051305883486e-05
6.970908076958824890e-05
4.182544846175294934e-04
6.970908076958824890e-05
6.970908076958824890e-05
1.394181615391764978e-04
1.858908820522353394e-04
2.323636025652941743e-05
2.323636025652941743e-05
4.414908448740589007e-04
2.091272423087647467e-04
6.970908076958824890e-05
1.277999814109117942e-03
9.015707779533413055e-03
2.323636025652941743e-05
1.626545217957059322e-04
1.161818012826470905e-04
3.717817641044706789e-04
4.182544846175294934e-04
9.294544102611766972e-05
5.576726461567059912e-04
6.970908076958824890e-05
1.835672460265823933e-03
2.555999628218235883e-04
6.970908076958824890e-05
1.394181615391764978e-04
5.994980946184589460e-03
3.950181243610000861e-04
7.435635282089413578e-04
8.016544288502649301e-03
4.647272051305883622e-04
3.020726833348824029e-04
2.323636025652941743e-05
3.485454038479412716e-04
3.717817641044706789e-04
4.647272051305883486e-05
1.858908820522353394e-04
1.161818012826470905e-04
2.091272423087647467e-04
4.647272051305883486e-05
2.788363230783529956e-04
2.323636025652941743e-05
1.394181615391764978e-04
6.970908076958824890e-05
1.673017938470117974e-03
3.485454038479412716e-04
6.041453666697648058e-04
9.294544102611766972e-05
1.603308857700529860e-03
2.323636025652941743e-05
1.394181615391764978e-04
7.667998884654707650e-04
2.834835951296588771e-03
8.132726089785295796e-04
9.294544102611766972e-05
4.647272051305883486e-05
1.626545217957059322e-04
6.970908076958824890e-05
2.555999628218235883e-04
6.041453666697648058e-04
3.253090435914118644e-04
2.323636025652941811e-04
4.647272051305883486e-05
6.970908076958824890e-05
2.555999628218235883e-04
2.555999628218235883e-04
7.435635282089413578e-04
4.647272051305883486e-05
3.020726833348824029e-04
2.323636025652941811e-04
4.879635653871177694e-04
2.323636025652941743e-05
3.020726833348824029e-04
1.161818012826470905e-04
1.394181615391764978e-04
6.970908076958824890e-05
2.323636025652941743e-05
3.253090435914118644e-04
2.555999628218235883e-04
2.323636025652941743e-05
2.323636025652941811e-04
1.626545217957059322e-04
9.294544102611766972e-05
3.485454038479412716e-04
2.951017752579236132e-03
4.647272051305883486e-05
2.323636025652941743e-05
6.738544474393531360e-04
1.626545217957059322e-04
4.647272051305883486e-05
3.485454038479412716e-04
3.624872200018589268e-03
1.394181615391764978e-04
2.323636025652941743e-05
6.970908076958824890e-05
7.667998884654707650e-04
2.068036062831118006e-03
2.323636025652941743e-05
1.231527093596059127e-03
1.858908820522353449e-03
1.626545217957059322e-04
4.182544846175294934e-04
7.203271679524119505e-04
1.858908820522353394e-04
2.323636025652941811e-04
2.555999628218235883e-04
1.626545217957059322e-04
1.626545217957059322e-04
1.394181615391764978e-04
6.273817269262942130e-04
4.647272051305883622e-04
6.041453666697648058e-04
2.323636025652941743e-05
7.900362487220001723e-04
2.323636025652941743e-05
9.062180500046473170e-04
1.626545217957059322e-04
4.647272051305883486e-05
4.647272051305883486e-05
1.626545217957059322e-04
6.970908076958824890e-05
3.485454038479412716e-04
1.394181615391764978e-04
2.091272423087647467e-04
2.323636025652941743e-05
4.182544846175294934e-04
6.970908076958824890e-05
2.323636025652941743e-05
3.020726833348824029e-04
3.020726833348824029e-04
1.394181615391764978e-04
7.435635282089413578e-04
7.900362487220001723e-04
2.323636025652941743e-05
4.647272051305883486e-05
1.858908820522353394e-04
6.970908076958824890e-05
4.182544846175294934e-04
1.626545217957059322e-04
4.647272051305883486e-05
9.294544102611766972e-05
6.970908076958824890e-05
4.414908448740589007e-04
4.229017566688354074e-03
1.394181615391764978e-04
1.510363416674412014e-03
3.020726833348824029e-04
2.323636025652941743e-05
2.323636025652941743e-05
1.161818012826470905e-04
7.203271679524119505e-04
6.738544474393531360e-04
2.137745143600706336e-03
3.485454038479412716e-04
9.294544102611766972e-05
1.626545217957059322e-04
2.091272423087647467e-04
4.647272051305883486e-05
6.970908076958824890e-05
4.647272051305883486e-05
2.323636025652941743e-05
2.323636025652941743e-05
8.597453294915883941e-04
1.045636211543823869e-03
1.394181615391764978e-04
2.323636025652941743e-05
9.062180500046473170e-04
7.435635282089413578e-04
2.555999628218235883e-04
1.440654335904823901e-03
9.294544102611766972e-05
2.323636025652941743e-05
2.323636025652941811e-04
6.970908076958824890e-05
4.647272051305883486e-05
2.323636025652941811e-04
7.435635282089413578e-04
4.414908448740589007e-04
3.020726833348824029e-04
1.138581652569941498e-03
2.323636025652941743e-05
2.323636025652941743e-05
1.394181615391764978e-04
6.738544474393531360e-04
6.970908076958824890e-05
2.393345106422529924e-03
6.970908076958824890e-05
2.323636025652941743e-05
2.323636025652941743e-05
3.253090435914118644e-04
1.161818012826470905e-04
5.809090064132353985e-04
4.647272051305883486e-05
4.647272051305883486e-05
2.323636025652941743e-05
1.975090621805000377e-03
2.323636025652941743e-05
1.045636211543823869e-03
2.323636025652941743e-05
2.788363230783529956e-04
2.323636025652941743e-05
5.576726461567059912e-04
1.858908820522353394e-04
1.138581652569941498e-03
2.788363230783529956e-04
4.182544846175294934e-04
2.858072311553118503e-03
6.738544474393531360e-04
2.323636025652941743e-05
2.323636025652941743e-05
5.971744585928060595e-03
6.738544474393531360e-04
6.970908076958824890e-05
3.020726833348824029e-04
1.858908820522353394e-04
4.647272051305883622e-04
6.970908076958825432e-04
2.555999628218235883e-04
1.394181615391764978e-04
6.738544474393531360e-04
5.344362859001765840e-04
4.647272051305883486e-05
1.858908820522353394e-04
9.294544102611766972e-05
2.091272423087647467e-04
1.905381541035412263e-03
5.576726461567059912e-04
9.294544102611766972e-05
3.253090435914118644e-04
9.294544102611766972e-05
4.461381169253647930e-03
1.417417975648294385e-03
1.115345292313411982e-03
1.161818012826470905e-04
2.184217864113765367e-03
1.161818012826470905e-04
6.970908076958824890e-05
5.809090064132353985e-04
1.161818012826470905e-04
1.394181615391764978e-04
3.020726833348824029e-04
4.647272051305883486e-05
6.041453666697648058e-04
1.533599776930941530e-03
6.970908076958824890e-05
2.323636025652941743e-05
3.717817641044706789e-04
6.506180871828237287e-04
1.394181615391764978e-04
1.045636211543823869e-03
2.323636025652941743e-05
1.858908820522353394e-04
6.970908076958824890e-05
8.597453294915883941e-04
1.161818012826470905e-04
2.788363230783529956e-04
2.323636025652941743e-05
4.647272051305883486e-05
9.294544102611766972e-05
1.626545217957059322e-04
7.435635282089413578e-04
2.346872385909471326e-03
1.394181615391764978e-04
3.950181243610000861e-04
4.647272051305883486e-05
3.950181243610000861e-04
2.091272423087647738e-03
9.294544102611766972e-05
8.597453294915883941e-04
3.485454038479412716e-04
2.323636025652941743e-05
4.647272051305883486e-05
4.647272051305883486e-05
2.091272423087647467e-04
9.294544102611766972e-05
6.970908076958824890e-05
2.114508783344177037e-03
1.394181615391764978e-04
1.161818012826470905e-04
7.203271679524119505e-04
2.555999628218235883e-04
3.764290361557765495e-03
1.068872571800353168e-03
1.022399851287294353e-03
4.647272051305883486e-05
4.414908448740589007e-04
2.788363230783529956e-04
9.294544102611766972e-05
4.647272051305883486e-05
4.647272051305883486e-05
1.626545217957059322e-04
4.647272051305883486e-05
3.717817641044706789e-04
1.185054373083000313e-03
4.647272051305883486e-05
1.649781578213588675e-03
5.692908262849707274e-03
4.647272051305883486e-05
6.970908076958824890e-05
9.294544102611766972e-05
2.091272423087647467e-04
1.858908820522353394e-04
6.970908076958824890e-05
6.970908076958824890e-05
2.323636025652941743e-05
1.719490658983176788e-03
1.161818012826470797e-03
1.394181615391764978e-04
3.717817641044706789e-04
4.647272051305883486e-05
2.091272423087647467e-04
1.673017938470117974e-03
6.970908076958824890e-05
2.323636025652941743e-05
2.091272423087647467e-04
2.323636025652941743e-05
1.626545217957059322e-04
6.970908076958824890e-05
2.323636025652941743e-05
6.970908076958824890e-05
4.647272051305883486e-05
3.253090435914118318e-03
7.435635282089413578e-04
8.295380611581002622e-03
9.991634910307648377e-04
6.970908076958824890e-05
3.020726833348824029e-04
6.970908076958824890e-05
9.294544102611766972e-05
1.858908820522353394e-04
4.647272051305883486e-05
6.970908076958824890e-05
9.991634910307648377e-04
9.294544102611766972e-05
2.323636025652941743e-05
6.970908076958825432e-04
6.970908076958824890e-05
4.647272051305883486e-05
4.879635653871177694e-04
2.091272423087647467e-04
2.323636025652941743e-05
3.485454038479412716e-04
4.647272051305883486e-05
2.091272423087647467e-04
5.204944697462589830e-03
1.394181615391764978e-04
4.414908448740589007e-04
9.294544102611766972e-05
6.970908076958824890e-05
4.647272051305883486e-05
4.647272051305883486e-05
2.323636025652941743e-05
1.161818012826470905e-04
1.626545217957059322e-04
1.138581652569941498e-03
2.323636025652941743e-05
2.323636025652941743e-05
9.294544102611766972e-05
9.294544102611766972e-05
4.647272051305883486e-05
2.323636025652941743e-05
1.487127056417882716e-03
4.182544846175294934e-04
4.879635653871177694e-04
9.294544102611766972e-05
1.626545217957059322e-04
3.717817641044706789e-04
6.970908076958824890e-05
2.323636025652941743e-05
4.647272051305883188e-03
4.182544846175294934e-04
4.647272051305883486e-05
7.435635282089413578e-04
6.970908076958824890e-05
9.991634910307648377e-04
5.111999256436471767e-04
4.647272051305883486e-05
1.324472534622176756e-03
2.323636025652941743e-05
4.647272051305883486e-05
6.273817269262942130e-04
3.020726833348824029e-04
2.323636025652941811e-04
2.091272423087647467e-04
6.970908076958824890e-05
1.161818012826470905e-04
2.323636025652941743e-05
5.809090064132353985e-04
4.647272051305883486e-05
2.323636025652941743e-05
6.970908076958824890e-05
2.323636025652941743e-05
2.323636025652941743e-05
6.970908076958824890e-05
2.323636025652941743e-05
4.647272051305883486e-05
9.294544102611766972e-05
1.161818012826470905e-04
1.161818012826470905e-04
2.323636025652941811e-04
2.323636025652941743e-05
1.858908820522353449e-03
2.788363230783529956e-04
6.970908076958824890e-05
2.323636025652941743e-05
1.045636211543823869e-03
1.324472534622176756e-03
2.323636025652941743e-05
7.667998884654707650e-04
1.394181615391764978e-04
1.115345292313411982e-03
4.414908448740589007e-04
1.905381541035412263e-03
1.556836137187471046e-03
3.485454038479412716e-04
1.161818012826470905e-04
6.970908076958824890e-05
1.394181615391764978e-04
2.323636025652941743e-05
2.323636025652941743e-05
2.555999628218235883e-04
1.858908820522353394e-04
1.161818012826470905e-04
1.161818012826470905e-04
3.950181243610000861e-04
2.323636025652941743e-05
1.161818012826470905e-04
4.647272051305883486e-05
7.203271679524119505e-04
7.435635282089413578e-04
5.809090064132353985e-04
1.626545217957059322e-04
4.647272051305883486e-05
2.323636025652941743e-05
6.970908076958824890e-05
9.294544102611766972e-05
6.970908076958824890e-05
6.970908076958824890e-05
4.647272051305883486e-05
9.294544102611766972e-05
2.323636025652941743e-05
2.323636025652941743e-05
7.900362487220001723e-04
2.625708708987824214e-03
1.858908820522353394e-04
7.900362487220001723e-04
9.526907705177061316e-04
5.646435542336648676e-03
5.576726461567059912e-04
4.647272051305883486e-05
2.788363230783529956e-04
4.414908448740589007e-04
9.294544102611766972e-05
3.694581280788177165e-03
9.294544102611766972e-05
2.323636025652941743e-05
2.323636025652941743e-05
1.626545217957059322e-04
6.970908076958824890e-05
6.041453666697648058e-04
2.323636025652941743e-05
4.647272051305883486e-05
2.323636025652941743e-05
3.253090435914118644e-04
2.323636025652941743e-05
3.253090435914118644e-04
6.970908076958824890e-05
2.323636025652941743e-05
2.323636025652941743e-05
1.161818012826470905e-04
2.323636025652941743e-05
2.323636025652941743e-05
4.647272051305883486e-05
6.970908076958824890e-05
2.788363230783529956e-04
2.323636025652941743e-05
3.950181243610000861e-04
2.323636025652941743e-05
9.294544102611766972e-05
9.294544102611766972e-05
2.323636025652941743e-05
2.323636025652941743e-05
9.294544102611766972e-05
2.323636025652941743e-05
2.277163305139882996e-03
2.718654150013941843e-03
1.394181615391764978e-04
1.089785296031229624e-02
4.647272051305883486e-05
4.182544846175294934e-04
4.647272051305883486e-05
3.717817641044706789e-04
4.647272051305883486e-05
4.182544846175294934e-04
3.950181243610000861e-04
1.161818012826470905e-04
2.323636025652941743e-05
3.020726833348824029e-04
5.530253741054000881e-03
3.717817641044706789e-04
2.788363230783529956e-04
2.323636025652941743e-05
2.323636025652941811e-04
2.788363230783529956e-04
2.323636025652941743e-05
1.417417975648294385e-03
5.111999256436471767e-04
4.647272051305883486e-05
1.417417975648294385e-03
4.647272051305883486e-05
1.394181615391764978e-04
9.294544102611766972e-05
2.788363230783529956e-04
2.091272423087647467e-04
3.485454038479412716e-04
4.647272051305883622e-04
2.323636025652941743e-05
4.647272051305883486e-05
2.323636025652941743e-05
2.323636025652941743e-05
5.809090064132353985e-04
9.294544102611766972e-05
1.138581652569941498e-03
5.809090064132353985e-04
3.253090435914118644e-04
4.647272051305883486e-05
2.323636025652941811e-04
2.323636025652941811e-04
1.161818012826470905e-04
6.970908076958824890e-05
6.970908076958825432e-04
1.068872571800353168e-03
4.182544846175294934e-04
1.394181615391764978e-04
4.647272051305883486e-05
2.323636025652941743e-05
2.323636025652941743e-05
3.020726833348824029e-04
2.323636025652941743e-05
1.208290733339529612e-03
2.323636025652941743e-05
2.323636025652941743e-05
4.414908448740589007e-04
3.020726833348824029e-04
1.626545217957059322e-04
2.555999628218235883e-04
1.394181615391764978e-04
1.858908820522353394e-04
1.161818012826470905e-04
4.647272051305883486e-05
4.647272051305883622e-04
9.294544102611766972e-05
3.717817641044706789e-04
1.161818012826470905e-04
4.647272051305883486e-05
9.294544102611766972e-05
9.294544102611766972e-05
1.858908820522353394e-04
