4.728132387706855569e-04
1.418439716312056833e-03
1.654846335697399530e-03
4.728132387706855569e-04
2.364066193853427784e-04
4.728132387706855569e-04
4.728132387706855569e-04
2.364066193853427784e-04
4.728132387706855569e-04
1.891252955082742227e-03
2.364066193853427784e-04
4.964539007092198808e-03
4.728132387706855569e-04
2.364066193853427839e-03
7.092198581560284166e-04
5.910165484633569596e-03
2.364066193853427784e-04
9.456264775413711137e-04
2.364066193853427784e-04
7.092198581560284166e-04
1.891252955082742227e-03
2.364066193853427784e-04
2.364066193853427784e-04
2.364066193853427784e-04
2.364066193853427784e-04
9.456264775413711137e-04
4.728132387706855569e-04
4.728132387706855569e-04
2.364066193853427784e-04
9.456264775413711137e-04
7.092198581560283516e-03
1.654846335697399530e-03
7.092198581560284166e-04
7.092198581560284166e-04
4.728132387706855569e-04
7.092198581560284166e-04
9.456264775413711137e-04
2.364066193853427784e-04
2.364066193853427784e-04
2.364066193853427784e-04
4.728132387706855569e-04
2.364066193853427784e-04
2.127659574468085141e-03
2.364066193853427784e-04
2.364066193853427784e-04
2.364066193853427784e-04
4.728132387706855569e-04
4.728132387706855569e-04
2.364066193853427784e-04
2.364066193853427784e-04
4.728132387706855569e-04
4.728132387706855569e-04
4.728132387706855569e-04
2.127659574468085141e-03
2.364066193853427784e-04
1.182033096926713919e-03
7.092198581560284166e-04
4.728132387706855569e-04
2.364066193853427784e-04
2.364066193853427784e-04
4.728132387706855569e-04
2.364066193853427784e-04
4.728132387706855569e-04
2.364066193853427784e-04
2.364066193853427784e-04
9.456264775413711137e-04
2.364066193853427784e-04
4.728132387706855569e-04
1.891252955082742227e-03
9.456264775413711137e-04
4.728132387706855569e-04
2.364066193853427784e-04
2.364066193853427784e-04
7.092198581560284166e-04
4.728132387706855569e-04
2.364066193853427784e-04
9.456264775413711137e-04
2.364066193853427784e-04
4.728132387706855569e-04
2.364066193853427784e-04
2.364066193853427784e-04
2.364066193853427839e-03
4.728132387706855569e-04
4.728132387706855569e-04
2.364066193853427784e-04
1.182033096926713919e-03
1.182033096926713919e-03
7.092198581560284166e-04
2.364066193853427784e-04
2.364066193853427784e-04
2.364066193853427784e-04
4.728132387706855569e-04
9.456264775413711137e-04
2.364066193853427784e-04
4.728132387706855569e-04
9.456264775413711137e-04
1.182033096926713919e-03
7.092198581560284166e-04
2.600472813238770536e-03
2.364066193853427784e-04
4.728132387706855569e-04
2.364066193853427784e-04
4.728132387706855569e-04
4.184397163120567170e-02
7.092198581560284166e-04
2.600472813238770536e-03
2.364066193853427784e-04
2.364066193853427784e-04
1.891252955082742227e-03
2.600472813238770536e-03
2.364066193853427784e-04
7.092198581560284166e-04
7.092198581560284166e-04
2.364066193853427784e-04
2.364066193853427784e-04
2.364066193853427784e-04
2.364066193853427839e-03
4.728132387706855569e-04
1.182033096926713919e-03
3.782505910165484455e-03
5.437352245862884202e-03
2.364066193853427784e-04
5.200945626477541071e-03
4.728132387706855569e-04
9.456264775413711137e-04
4.728132387706855569e-04
2.364066193853427784e-04
2.364066193853427784e-04
1.891252955082742227e-03
9.456264775413711137e-04
2.364066193853427784e-04
9.456264775413711137e-04
8.274231678486997435e-03
7.565011820330968910e-03
4.728132387706855569e-04
4.491725768321513414e-03
4.255319148936170283e-03
2.364066193853427784e-04
2.364066193853427784e-04
2.836879432624113666e-03
7.092198581560284166e-04
2.364066193853427784e-04
2.364066193853427784e-04
2.364066193853427784e-04
4.728132387706855569e-04
2.364066193853427784e-04
1.654846335697399530e-03
7.092198581560284166e-04
4.728132387706855569e-04
1.182033096926713919e-03
9.456264775413711137e-04
2.364066193853427784e-04
5.200945626477541071e-03
2.364066193853427839e-03
4.728132387706855569e-04
1.182033096926713919e-03
2.364066193853427784e-04
4.728132387706855569e-04
2.600472813238770536e-03
2.364066193853427839e-03
1.182033096926713919e-03
4.728132387706855569e-04
4.728132387706855569e-04
9.456264775413711137e-04
2.364066193853427784e-04
4.728132387706855569e-04
7.092198581560284166e-04
2.364066193853427784e-04
1.418439716312056833e-03
4.728132387706855569e-04
1.891252955082742227e-03
2.364066193853427784e-04
2.364066193853427839e-03
2.364066193853427784e-04
2.127659574468085141e-03
2.127659574468085141e-03
1.418439716312056833e-03
2.364066193853427784e-04
4.728132387706855569e-04
2.364066193853427784e-04
4.728132387706855569e-04
7.092198581560284166e-04
1.654846335697399530e-03
7.092198581560284166e-04
2.364066193853427784e-04
4.728132387706855569e-04
4.728132387706855569e-04
9.456264775413711137e-04
9.456264775413711137e-04
9.456264775413711137e-04
6.146572104018912727e-03
9.456264775413711137e-04
2.364066193853427784e-04
2.364066193853427784e-04
1.891252955082742227e-03
9.456264775413711137e-04
4.728132387706855569e-04
7.092198581560284166e-04
2.364066193853427784e-04
2.364066193853427784e-04
4.728132387706855569e-04
2.364066193853427784e-04
1.654846335697399530e-03
4.491725768321513414e-03
2.364066193853427784e-04
2.364066193853427784e-04
1.891252955082742227e-03
2.364066193853427784e-04
7.092198581560283516e-03
3.546099290780141758e-03
1.418439716312056833e-03
2.364066193853427784e-04
2.364066193853427784e-04
2.364066193853427784e-04
2.364066193853427839e-03
2.364066193853427839e-03
2.364066193853427784e-04
2.364066193853427784e-04
1.654846335697399530e-03
2.364066193853427784e-04
2.364066193853427784e-04
9.456264775413711137e-04
2.364066193853427784e-04
4.728132387706855569e-04
2.364066193853427784e-04
4.728132387706855569e-04
4.018912529550827152e-03
7.092198581560284166e-04
2.364066193853427784e-04
4.728132387706855677e-03
1.418439716312056833e-03
1.891252955082742227e-03
2.364066193853427784e-04
2.364066193853427784e-04
1.418439716312056833e-03
9.456264775413711137e-04
4.728132387706855569e-04
2.364066193853427784e-04
2.364066193853427784e-04
2.364066193853427784e-04
4.255319148936170283e-03
1.182033096926713919e-03
2.364066193853427784e-04
2.364066193853427784e-04
9.456264775413711137e-04
1.182033096926713919e-03
2.364066193853427784e-04
4.728132387706855569e-04
2.364066193853427784e-04
4.728132387706855569e-04
9.456264775413711137e-04
2.364066193853427784e-04
9.456264775413711137e-04
2.364066193853427784e-04
2.364066193853427784e-04
1.654846335697399530e-03
2.364066193853427784e-04
4.728132387706855569e-04
9.456264775413711137e-04
4.728132387706855569e-04
4.728132387706855569e-04
7.092198581560284166e-04
4.728132387706855569e-04
9.456264775413711137e-04
2.364066193853427784e-04
1.891252955082742227e-03
2.364066193853427784e-04
2.364066193853427784e-04
7.092198581560284166e-04
2.364066193853427784e-04
2.364066193853427784e-04
4.728132387706855569e-04
2.364066193853427784e-04
4.728132387706855569e-04
9.456264775413711137e-04
2.364066193853427839e-03
2.364066193853427784e-04
4.728132387706855569e-04
1.418439716312056833e-03
1.182033096926713919e-03
9.456264775413711137e-04
2.364066193853427784e-04
4.728132387706855569e-04
2.364066193853427784e-04
2.364066193853427784e-04
9.456264775413711137e-04
4.728132387706855569e-04
4.728132387706855569e-04
9.456264775413711137e-04
4.728132387706855569e-04
7.328605200945626647e-03
2.364066193853427784e-04
2.364066193853427784e-04
2.364066193853427784e-04
4.728132387706855569e-04
4.728132387706855569e-04
4.728132387706855569e-04
1.418439716312056833e-03
7.801418439716312041e-03
2.364066193853427784e-04
1.276595744680850998e-02
4.728132387706855569e-04
2.364066193853427784e-04
1.182033096926713919e-03
1.654846335697399530e-03
7.092198581560284166e-04
2.364066193853427784e-04
4.728132387706855569e-04
2.364066193853427784e-04
2.364066193853427784e-04
4.728132387706855569e-04
3.026004728132387564e-02
7.092198581560284166e-04
4.728132387706855569e-04
6.855791962174941252e-03
1.654846335697399530e-03
4.728132387706855569e-04
2.364066193853427784e-04
2.364066193853427784e-04
4.728132387706855569e-04
9.456264775413711137e-04
2.364066193853427784e-04
2.364066193853427784e-04
4.728132387706855569e-04
2.364066193853427784e-04
4.728132387706855569e-04
1.418439716312056833e-03
4.728132387706855569e-04
2.364066193853427784e-04
9.456264775413711137e-04
2.364066193853427784e-04
2.364066193853427784e-04
2.364066193853427784e-04
2.364066193853427784e-04
4.728132387706855569e-04
2.364066193853427784e-04
4.728132387706855569e-04
4.728132387706855569e-04
7.092198581560284166e-04
1.182033096926713919e-03
2.364066193853427784e-04
2.836879432624113666e-03
2.364066193853427784e-04
7.092198581560284166e-04
2.364066193853427784e-04
2.364066193853427784e-04
2.364066193853427784e-04
1.323877068557919624e-02
7.092198581560284166e-04
2.364066193853427784e-04
9.952718676122931929e-02
2.364066193853427784e-04
5.673758865248227333e-03
2.364066193853427784e-04
1.654846335697399530e-03
2.364066193853427784e-04
2.364066193853427784e-04
2.364066193853427784e-04
2.364066193853427784e-04
2.364066193853427784e-04
2.364066193853427784e-04
2.364066193853427784e-04
2.364066193853427784e-04
2.364066193853427784e-04
2.955082742316784972e-02
1.465721040189125329e-02
7.092198581560284166e-04
4.728132387706855569e-04
2.364066193853427784e-04
2.364066193853427784e-04
2.364066193853427784e-04
4.728132387706855569e-04
2.364066193853427784e-04
2.364066193853427784e-04
2.364066193853427784e-04
1.111111111111111154e-02
2.364066193853427784e-04
2.364066193853427784e-04
7.092198581560284166e-04
2.364066193853427784e-04
4.728132387706855569e-04
2.364066193853427784e-04
2.364066193853427784e-04
2.364066193853427784e-04
7.092198581560284166e-04
2.364066193853427784e-04
1.418439716312056833e-03
2.364066193853427784e-04
4.728132387706855569e-04
2.364066193853427784e-04
2.364066193853427784e-04
7.092198581560284166e-04
2.364066193853427784e-04
1.891252955082742227e-03
2.364066193853427784e-04
2.364066193853427784e-04
2.364066193853427784e-04
7.092198581560284166e-04
2.364066193853427784e-04
4.728132387706855569e-04
2.364066193853427784e-04
2.364066193853427784e-04
2.364066193853427784e-04
4.728132387706855569e-04
2.364066193853427784e-04
4.728132387706855569e-04
9.456264775413711137e-04
2.364066193853427784e-04
2.364066193853427784e-04
4.728132387706855569e-04
2.364066193853427784e-04
7.092198581560284166e-04
9.456264775413711137e-04
2.364066193853427784e-04
2.364066193853427784e-04
2.364066193853427784e-04
4.728132387706855569e-04
1.182033096926713919e-03
7.092198581560284166e-04
4.728132387706855569e-04
1.182033096926713919e-03
4.728132387706855569e-04
2.364066193853427784e-04
4.728132387706855569e-04
2.364066193853427784e-04
2.364066193853427784e-04
4.728132387706855569e-04
4.728132387706855569e-04
4.728132387706855569e-04
4.728132387706855569e-04
2.364066193853427784e-04
1.182033096926713919e-03
2.836879432624113666e-03
1.182033096926713919e-03
4.728132387706855569e-04
1.418439716312056833e-03
4.728132387706855569e-04
1.654846335697399530e-03
4.728132387706855569e-04
2.364066193853427784e-04
2.364066193853427784e-04
3.309692671394799061e-03
4.728132387706855569e-04
7.092198581560284166e-04
1.182033096926713919e-03
2.364066193853427784e-04
7.092198581560284166e-04
4.728132387706855569e-04
4.728132387706855569e-04
2.364066193853427784e-04
2.364066193853427784e-04
7.092198581560284166e-04
1.891252955082742227e-03
4.728132387706855569e-04
1.654846335697399530e-03
4.728132387706855569e-04
1.654846335697399530e-03
1.418439716312056833e-03
4.728132387706855569e-04
2.364066193853427784e-04
2.364066193853427784e-04
7.092198581560284166e-04
4.728132387706855569e-04
2.364066193853427784e-04
9.456264775413711137e-04
2.600472813238770536e-03
4.728132387706855569e-04
7.092198581560284166e-04
2.364066193853427784e-04
2.364066193853427784e-04
2.364066193853427784e-04
9.456264775413711137e-04
1.418439716312056833e-03
4.728132387706855569e-04
2.364066193853427784e-04
4.728132387706855569e-04
4.018912529550827152e-03
9.456264775413711137e-04
2.364066193853427784e-04
2.364066193853427784e-04
1.182033096926713919e-03
1.654846335697399530e-03
4.728132387706855569e-04
1.182033096926713919e-03
2.364066193853427784e-04
4.728132387706855569e-04
7.092198581560284166e-04
7.092198581560284166e-04
4.728132387706855569e-04
1.418439716312056833e-03
7.092198581560284166e-04
2.364066193853427784e-04
2.364066193853427784e-04
4.728132387706855569e-04
4.728132387706855569e-04
7.092198581560284166e-04
9.456264775413711137e-04
2.364066193853427784e-04
4.728132387706855569e-04
2.364066193853427784e-04
4.728132387706855569e-04
2.364066193853427784e-04
7.092198581560284166e-04
2.364066193853427784e-04
2.364066193853427784e-04
1.182033096926713919e-03
7.092198581560284166e-04
1.654846335697399530e-03
4.728132387706855569e-04
9.456264775413711137e-04
2.364066193853427784e-04
2.364066193853427784e-04
4.728132387706855569e-04
4.728132387706855569e-04
2.364066193853427784e-04
2.364066193853427784e-04
2.364066193853427839e-03
2.364066193853427784e-04
3.546099290780141758e-03
2.364066193853427784e-04
4.728132387706855569e-04
2.364066193853427784e-04
4.728132387706855569e-04
4.728132387706855569e-04
4.728132387706855569e-04
2.364066193853427784e-04
1.418439716312056833e-03
2.364066193853427784e-04
2.364066193853427784e-04
1.418439716312056833e-03
2.364066193853427784e-04
1.654846335697399530e-03
1.418439716312056833e-03
7.092198581560284166e-04
4.728132387706855569e-04
2.364066193853427784e-04
7.092198581560284166e-04
9.456264775413711137e-04
2.364066193853427784e-04
4.728132387706855569e-04
2.364066193853427784e-04
2.364066193853427784e-04
2.364066193853427784e-04
2.364066193853427784e-04
7.801418439716312041e-03
2.364066193853427784e-04
3.073286052009456364e-03
1.891252955082742227e-03
4.728132387706855569e-04
2.364066193853427784e-04
2.364066193853427784e-04
4.728132387706855569e-04
4.728132387706855569e-04
9.456264775413711137e-04
4.728132387706855569e-04
1.418439716312056833e-03
2.364066193853427784e-04
2.364066193853427784e-04
1.418439716312056833e-03
9.456264775413711137e-04
1.891252955082742227e-03
2.364066193853427839e-03
7.092198581560284166e-04
2.364066193853427784e-04
4.728132387706855569e-04
4.728132387706855569e-04
2.364066193853427784e-04
2.364066193853427784e-04
2.364066193853427784e-04
2.364066193853427784e-04
2.364066193853427784e-04
7.092198581560284166e-04
4.728132387706855569e-04
4.728132387706855569e-04
9.456264775413711137e-04
2.364066193853427784e-04
2.364066193853427784e-04
2.364066193853427784e-04
1.418439716312056833e-03
1.418439716312056833e-03
4.728132387706855569e-04
2.364066193853427784e-04
2.364066193853427784e-04
7.092198581560284166e-04
9.456264775413711137e-04
2.600472813238770536e-03
4.728132387706855569e-04
2.364066193853427784e-04
7.092198581560284166e-04
2.364066193853427784e-04
1.182033096926713919e-03
4.728132387706855569e-04
4.728132387706855569e-04
2.364066193853427784e-04
4.728132387706855569e-04
2.364066193853427784e-04
2.364066193853427784e-04
3.546099290780141758e-03
2.364066193853427839e-03
2.364066193853427784e-04
2.364066193853427784e-04
9.456264775413711137e-04
2.364066193853427784e-04
2.364066193853427784e-04
2.364066193853427784e-04
2.364066193853427784e-04
4.728132387706855569e-04
2.364066193853427784e-04
7.092198581560284166e-04
4.728132387706855569e-04
2.364066193853427784e-04
1.182033096926713919e-03
2.364066193853427784e-04
5.437352245862884202e-03
4.491725768321513414e-03
1.654846335697399530e-03
9.456264775413711137e-04
1.418439716312056833e-03
2.364066193853427784e-04
4.728132387706855569e-04
1.418439716312056833e-03
4.728132387706855569e-04
1.418439716312056833e-03
9.456264775413711137e-04
2.364066193853427784e-04
9.456264775413711137e-04
7.092198581560284166e-04
4.728132387706855569e-04
2.364066193853427784e-04
7.092198581560284166e-04
2.364066193853427784e-04
1.182033096926713919e-03
7.092198581560283516e-03
7.092198581560284166e-04
2.600472813238770536e-03
7.092198581560284166e-04
2.364066193853427784e-04
2.364066193853427784e-04
8.983451536643026827e-03
9.456264775413711137e-04
1.182033096926713919e-03
2.364066193853427784e-04
5.673758865248227333e-03
4.728132387706855677e-03
9.456264775413711137e-04
1.418439716312056833e-03
9.456264775413711137e-04
7.092198581560284166e-04
2.127659574468085141e-03
2.364066193853427784e-04
9.456264775413711137e-04
2.364066193853427784e-04
2.364066193853427784e-04
7.092198581560284166e-04
9.456264775413711137e-04
7.092198581560284166e-04
4.728132387706855569e-04
2.364066193853427784e-04
4.728132387706855569e-04
9.456264775413711354e-03
2.364066193853427784e-04
1.182033096926713919e-03
4.728132387706855569e-04
4.728132387706855569e-04
2.364066193853427784e-04
3.546099290780141758e-03
2.600472813238770536e-03
7.092198581560284166e-04
1.182033096926713919e-03
4.728132387706855569e-04
9.456264775413711137e-04
2.364066193853427784e-04
2.364066193853427784e-04
1.891252955082742227e-03
7.092198581560284166e-04
4.728132387706855569e-04
9.456264775413711137e-04
3.073286052009456364e-03
1.891252955082742227e-03
2.364066193853427784e-04
4.728132387706855569e-04
3.309692671394799061e-03
1.182033096926713919e-03
9.456264775413711137e-04
7.092198581560284166e-04
4.728132387706855569e-04
2.364066193853427784e-04
1.654846335697399530e-03
2.364066193853427784e-04
2.364066193853427784e-04
1.418439716312056833e-03
2.364066193853427784e-04
2.364066193853427784e-04
2.127659574468085141e-03
2.364066193853427784e-04
7.092198581560284166e-04
2.364066193853427784e-04
3.309692671394799061e-03
3.546099290780141758e-03
1.891252955082742227e-03
2.364066193853427784e-04
2.364066193853427784e-04
2.364066193853427784e-04
3.309692671394799061e-03
9.456264775413711137e-04
1.891252955082742227e-03
4.728132387706855569e-04
3.782505910165484455e-03
2.364066193853427784e-04
2.364066193853427784e-04
2.364066193853427784e-04
7.092198581560284166e-04
2.364066193853427784e-04
2.364066193853427784e-04
7.092198581560284166e-04
2.364066193853427784e-04
2.364066193853427784e-04
2.364066193853427784e-04
2.364066193853427784e-04
2.364066193853427784e-04
2.364066193853427784e-04
2.364066193853427784e-04
1.654846335697399530e-03
2.364066193853427784e-04
4.728132387706855569e-04
4.728132387706855569e-04
2.364066193853427784e-04
2.364066193853427784e-04
1.182033096926713919e-03
4.728132387706855569e-04
2.364066193853427784e-04
2.364066193853427784e-04
2.364066193853427784e-04
4.728132387706855569e-04
2.364066193853427784e-04
1.891252955082742227e-03
4.728132387706855569e-04
7.092198581560284166e-04
4.728132387706855569e-04
2.364066193853427784e-04
2.364066193853427784e-04
7.092198581560284166e-04
2.364066193853427784e-04
2.364066193853427784e-04
2.364066193853427784e-04
9.456264775413711137e-04
4.728132387706855569e-04
2.364066193853427784e-04
2.364066193853427784e-04
2.364066193853427784e-04
2.364066193853427784e-04
2.364066193853427784e-04
9.456264775413711137e-04
2.364066193853427784e-04
2.364066193853427784e-04
4.728132387706855569e-04
2.364066193853427784e-04
2.364066193853427784e-04
2.364066193853427784e-04
2.364066193853427784e-04
2.364066193853427784e-04
2.364066193853427784e-04
2.364066193853427784e-04
2.364066193853427784e-04
7.092198581560284166e-04
4.728132387706855569e-04
4.728132387706855569e-04
7.092198581560284166e-04
2.364066193853427784e-04
7.092198581560284166e-04
7.092198581560284166e-04
2.364066193853427784e-04
2.364066193853427784e-04
2.364066193853427784e-04
2.364066193853427784e-04
5.910165484633569596e-03
2.127659574468085141e-03
1.418439716312056833e-03
4.728132387706855569e-04
1.654846335697399530e-03
1.418439716312056833e-03
2.364066193853427784e-04
7.092198581560284166e-04
2.364066193853427784e-04
4.728132387706855569e-04
2.364066193853427784e-04
2.364066193853427784e-04
7.092198581560284166e-04
2.364066193853427784e-04
2.364066193853427784e-04
2.364066193853427784e-04
4.728132387706855569e-04
9.456264775413711137e-04
7.092198581560284166e-04
2.364066193853427784e-04
2.127659574468085141e-03
2.364066193853427839e-03
4.491725768321513414e-03
4.728132387706855569e-04
2.364066193853427784e-04
2.364066193853427784e-04
1.891252955082742227e-03
2.364066193853427839e-03
7.092198581560283516e-03
7.092198581560284166e-04
1.016548463356974075e-02
3.073286052009456364e-03
2.364066193853427784e-04
2.364066193853427784e-04
2.364066193853427784e-04
2.364066193853427784e-04
2.364066193853427784e-04
2.364066193853427784e-04
2.364066193853427784e-04
2.364066193853427784e-04
2.364066193853427784e-04
2.364066193853427784e-04
1.182033096926713919e-03
2.364066193853427784e-04
4.728132387706855569e-04
2.364066193853427784e-04
4.728132387706855569e-04
2.364066193853427839e-03
4.728132387706855569e-04
7.092198581560284166e-04
4.728132387706855569e-04
4.728132387706855569e-04
2.364066193853427784e-04
