  1   7   1.453995   0.000000  -0.000000   728
  1   8   1.921328   0.642426   0.618941   728
  1   9   0.000000   0.000000   0.000000   728
  1  10  -0.249656  -0.494439  -0.937871   728
  1  11  -0.447868  -0.906807   1.139788   728
  1  12  -0.066506  -1.920314   1.037968   728
  1  13  -1.533843  -0.900625   1.256503   728
  1  14   0.190373  -0.411853   2.756997   728
  1  15  -0.613551   1.391026  -0.000000   728
  1  16  -1.779303   1.588902  -0.334158   728
  1  17  -5.787711  10.920597  12.909003   728
  1  18  -6.190875  11.161954  14.228284   728
  1  19  -6.060820  11.782503  11.840439   728
  1  20  -6.796863  12.372282  14.564426   728
  1  21  -6.550713  13.047127  12.189769   728
  1  22  -6.996727  13.281664  13.504860   728
  1  23  -5.764326  11.516953  10.505794   728
  1  24  -5.979871  12.496122   9.516823   728
  1  25  -5.234338  10.630180  10.181377   728
  1  26  -5.584753  12.301754   8.537435   728
  1  27  -6.491289  13.743346   9.899821   728
  1  28  -6.602433  14.642830   8.903745   728
  1  29  -6.534411  14.404901   7.927342   728
  1  30  -6.787026  15.586121   9.207932   728
  1  31  -6.807314  14.031334  11.230610   728
  1  32  -7.444937  15.317209  11.647937   728
  1  33  -6.605527  16.000103  12.691990   728
  1  34  -7.851749  16.312658  10.607468   728
  1  35  -8.762757  15.071169  12.326553   728
  1  36  -5.893831  10.291413  15.280955   728
  1  37  -6.408208  10.584294  16.555767   728
  1  38  -5.452288   9.316314  15.097875   728
  1  39  -6.145278   9.901143  17.341942   728
  1  40  -6.975473  11.811268  16.922297   728
  1  41  -7.119146  12.027112  18.230949   728
  1  42  -6.725129  11.330327  18.844412   728
  1  43  -7.412476  12.951128  18.532869   728
  1  44  -7.134553  12.732383  15.880021   728
  1  45  -7.773483  14.058009  16.198267   728
  1  46  -8.154845  14.421205  17.597425   728
  1  47  -6.817770  15.149634  15.817252   728
  1  48  -8.968743  14.363860  15.345675   728
  1  49  -5.118451   9.720781  12.624688   728
  1  50  -5.980626   8.812181  11.989949   728
  1  51  -5.634132   7.465113  11.809261   728
  1  52  -4.418585   7.010051  12.339322   728
  1  53  -3.670095   7.919121  13.085753   728
  1  54  -6.966808   9.143250  11.702825   728
  1  55  -6.311508   6.814796  11.274701   728
  1  56  -2.816036   7.502818  13.597779   728
  1  57  -3.904690   9.294266  13.174297   728
  1  58  -2.987357  10.224967  13.710198   728
  1  59  -3.055582  11.449488  13.583724   728
  1  60  -2.021739   9.695612  14.244025   728
  1  61  -3.982063   5.694784  12.069283   728
  1  62  -2.969268   5.271214  12.616671   728
  1  63  -4.769274   4.849873  11.399564   728
  1  64  -5.613158   5.209274  10.971551   728
  1  65  -4.341281   3.571678  10.870001   728
  1  66  -5.210402   2.925787  10.761601   728
  1  67  -3.768514   3.018003  11.618251   728
  1  68  -3.709230   3.681882   9.477820   728
  1  69  -2.817411   4.314132   9.495672   728
  1  70  -4.328901   4.153405   8.722458   728
  1  71  -3.339832   2.268353   9.027950   728
  1  72  -4.244032   1.665581   9.088698   728
  1  73  -2.598567   1.919046   9.748997   728
  1  74  -2.852004   2.347078   7.586692   728
  1  75  -1.833431   2.704473   7.567282   728
  1  76  -3.433369   2.981934   6.913513   728
  1  77  -2.745539   0.967680   6.929937   728
  1  78  -3.779243   0.646530   6.925735   728
  1  79  -2.126967   0.320838   7.552402   728
  1  80  -2.236253   0.946310   5.575400   728
  1  81  -2.892925   1.498850   4.493743   728
  1  82  -3.988118   2.069827   4.572761   728
  1  83  -2.197257   1.071921   3.206158   728
  1  84  -2.911425   0.894872   2.396705   728
  1  85  -1.488725   1.879825   3.022390   728
  1  86  -1.398560  -0.163397   3.589140   728
  1  87  -2.003309  -1.052845   3.369448   728
  1  88  -1.359358  -0.016921   5.097652   728
  1  89  -0.896494  -0.882693   5.831139   728
  2   7   1.455644  -0.000000   0.000000   787
  2   8   1.866391   0.351991   0.851286   787
  2   9   0.000000   0.000000   0.000000   787
  2  10  -0.337171  -0.495826  -0.908719   787
  2  11  -0.519014  -0.938750   1.088841   787
  2  12  -1.581843  -1.120883   0.914711   787
  2  13  -0.545942  -0.290929   1.967082   787
  2  14   0.377976  -2.456394   1.480325   787
  2  15  -0.556797   1.413675  -0.000000   787
  2  16  -1.659676   1.667284   0.462754   787
  2  17   6.713044 -13.070892  12.253102   787
  2  18   6.199592 -14.276606  11.750687   787
  2  19   6.774942 -12.838049  13.626223   787
  2  20   5.867506 -15.302517  12.639127   787
  2  21   6.308276 -13.782919  14.541505   787
  2  22   5.959975 -15.052611  14.020864   787
  2  23   7.371243 -11.660677  14.122932   787
  2  24   7.485283 -11.444577  15.495084   787
  2  25   7.894860 -10.989414  13.466100   787
  2  26   8.052869 -10.572079  15.792228   787
  2  27   7.061072 -12.435678  16.397722   787
  2  28   7.363483 -12.219095  17.680899   787
  2  29   7.820944 -11.337127  17.874197   787
  2  30   7.221140 -12.890576  18.424507   787
  2  31   6.402668 -13.568470  15.917005   787
  2  32   5.992129 -14.584113  16.947361   787
  2  33   7.096657 -15.412311  17.523474   787
  2  34   5.247305 -14.014614  18.113682   787
  2  35   4.932528 -15.539059  16.470154   787
  2  36   5.890380 -14.438503  10.394966   787
  2  37   5.373564 -15.650850   9.929222   787
  2  38   6.066247 -13.657332   9.663363   787
  2  39   5.141500 -15.757104   8.874254   787
  2  40   5.093619 -16.693502  10.816695   787
  2  41   4.602906 -17.833599  10.300960   787
  2  42   4.120439 -17.887316   9.415220   787
  2  43   4.362051 -18.623533  10.885937   787
  2  44   5.331041 -16.516520  12.176734   787
  2  45   4.943034 -17.690226  13.022405   787
  2  46   3.458330 -17.687592  13.271100   787
  2  47   5.339145 -19.109818  12.733882   787
  2  48   5.483828 -17.663408  14.415865   787
  2  49   6.929236 -12.005528  11.361156   787
  2  50   6.021391 -10.953227  11.511744   787
  2  51   6.128493  -9.781152  10.749070   787
  2  52   7.078243  -9.726317   9.719912   787
  2  53   7.979354 -10.791883   9.642664   787
  2  54   5.186848 -11.040851  12.185582   787
  2  55   5.365738  -9.028787  10.886005   787
  2  56   8.737369 -10.698610   8.881014   787
  2  57   7.990758 -11.938291  10.456307   787
  2  58   9.008520 -12.903446  10.277033   787
  2  59   9.064509 -13.877027  11.019670   787
  2  60   9.770038 -12.877761   9.323497   787
  2  61   7.154291  -8.615706   8.864189   787
  2  62   7.962249  -8.613891   7.932415   787
  2  63   6.275163  -7.624388   9.033653   787
  2  64   5.526629  -7.789900   9.695849   787
  2  65   6.252974  -6.400101   8.254919   787
  2  66   7.165284  -6.332211   7.669187   787
  2  67   6.400402  -5.556420   8.939150   787
  2  68   4.967082  -6.302608   7.448210   787
  2  69   4.146415  -6.083850   8.116007   787
  2  70   4.798976  -7.230476   6.899573   787
  2  71   5.151880  -5.127873   6.485898   787
  2  72   5.805061  -5.527054   5.701927   787
  2  73   5.676185  -4.311894   6.978828   787
  2  74   3.861179  -4.636854   5.845356   787
  2  75   3.444939  -3.920043   6.563984   787
  2  76   3.115460  -5.427498   5.797549   787
  2  77   4.000224  -3.871037   4.532197   787
  2  78   4.380192  -4.612037   3.827684   787
  2  79   4.837586  -3.190440   4.704868   787
  2  80   2.794366  -3.145916   4.206297   787
  2  81   2.834967  -1.759808   4.114346   787
  2  82   3.719663  -0.946329   4.331752   787
  2  83   1.380079  -1.345200   3.905782   787
  2  84   0.933336  -1.186495   4.886104   787
  2  85   1.404742  -0.505523   3.211784   787
  2  86   0.740361  -2.565137   3.252853   787
  2  87  -0.224847  -2.725304   3.721596   787
  2  88   1.658442  -3.718735   3.649382   787
  2  89   1.157220  -4.717746   4.156285   787
  3   7   1.447791  -0.000000  -0.000000   880
  3   8   1.870297  -0.526890  -0.748114   880
  3   9   0.000000   0.000000   0.000000   880
  3  10  -0.302460  -0.275759  -1.014682   880
  3  11  -0.756464  -1.003737   0.864103   880
  3  12  -1.783545  -0.721828   0.650254   880
  3  13  -0.404687  -0.936377   1.894211   880
  3  14  -0.731252  -2.697542   0.233321   880
  3  15  -0.606650   1.388121  -0.000000   880
  3  16  -1.824092   1.547646   0.050888   880
  3  17  11.512569  -7.991182   2.514729   880
  3  18  12.496276  -8.924267   2.873439   880
  3  19  11.876574  -6.672114   2.212625   880
  3  20  13.863046  -8.621737   2.824340   880
  3  21  13.228080  -6.291031   2.210394   880
  3  22  14.172417  -7.281091   2.515211   880
  3  23  10.942530  -5.657027   2.018565   880
  3  24  11.401437  -4.354552   1.824246   880
  3  25   9.872762  -5.812469   2.003215   880
  3  26  10.635857  -3.621213   1.589722   880
  3  27  12.732702  -3.938439   1.731111   880
  3  28  13.000147  -2.631315   1.673615   880
  3  29  12.188635  -2.042321   1.580708   880
  3  30  13.963202  -2.309056   1.664792   880
  3  31  13.637740  -4.986233   1.893725   880
  3  32  15.079245  -4.636920   1.634804   880
  3  33  15.553761  -5.397182   0.419962   880
  3  34  15.644795  -3.266079   1.433185   880
  3  35  16.052036  -5.162997   2.645603   880
  3  36  12.188430 -10.263964   3.145193   880
  3  37  13.193962 -11.217337   3.399921   880
  3  38  11.168598 -10.589423   3.130219   880
  3  39  12.941229 -12.260630   3.512899   880
  3  40  14.546295 -10.872919   3.463680   880
  3  41  15.425426 -11.819724   3.796383   880
  3  42  15.169312 -12.773798   4.010499   880
  3  43  16.376740 -11.700415   3.468856   880
  3  44  14.870097  -9.574158   3.041695   880
  3  45  16.325624  -9.218501   2.992208   880
  3  46  16.772997  -8.308859   4.101173   880
  3  47  17.364035 -10.262829   2.697437   880
  3  48  16.666557  -8.368123   1.799594   880
  3  49  10.173082  -8.377673   2.463795   880
  3  50   9.522985  -8.679507   3.660491   880
  3  51   8.188886  -9.114362   3.632626   880
  3  52   7.450108  -9.195176   2.439279   880
  3  53   8.110286  -8.793268   1.272305   880
  3  54  10.045164  -8.588756   4.604471   880
  3  55   7.706360  -9.396993   4.552999   880
  3  56   7.647235  -8.901979   0.311539   880
  3  57   9.469528  -8.481707   1.252560   880
  3  58  10.009524  -8.305361  -0.042781   880
  3  59  11.205552  -8.096755  -0.205566   880
  3  60   9.344304  -8.093603  -1.051758   880
  3  61   6.124362  -9.675726   2.448051   880
  3  62   5.657031 -10.024760   1.365935   880
  3  63   5.499963  -9.841843   3.619815   880
  3  64   6.051561  -9.590405   4.429950   880
  3  65   4.221879 -10.501115   3.719619   880
  3  66   4.258623 -11.313946   4.438891   880
  3  67   3.835634 -10.991788   2.824488   880
  3  68   3.123790  -9.521626   4.165499   880
  3  69   3.473427  -8.790345   4.888676   880
  3  70   2.286516 -10.005254   4.664973   880
  3  71   2.618540  -8.841145   2.896695   880
  3  72   1.962988  -9.565857   2.423464   880
  3  73   3.443521  -8.643269   2.212842   880
  3  74   1.812553  -7.568091   3.139850   880
  3  75   2.420168  -6.823264   3.649102   880
  3  76   0.922439  -7.723472   3.763270   880
  3  77   1.440471  -6.910961   1.816997   880
  3  78   0.574737  -7.389734   1.370922   880
  3  79   2.274500  -7.160893   1.167591   880
  3  80   1.161770  -5.492187   1.908709   880
  3  81   2.168061  -4.560882   2.139246   880
  3  82   3.287215  -4.732600   1.647914   880
  3  83   1.520590  -3.202343   1.896021   880
  3  84   1.706253  -2.639977   2.806227   880
  3  85   1.977286  -2.804931   0.988226   880
  3  86   0.031220  -3.444992   1.687471   880
  3  87  -0.384933  -3.062861   2.624804   880
  3  88  -0.114452  -4.951541   1.779621   880
  3  89  -1.154032  -5.554485   1.521313   880
  4   7   1.447034   0.000000  -0.000000   550
  4   8   1.922349   0.027324   0.894161   550
  4   9   0.000000   0.000000   0.000000   550
  4  10  -0.406349  -0.535203  -0.852899   550
  4  11  -0.530740  -0.750511   1.212619   550
  4  12  -1.609640  -0.809883   1.330319   550
  4  13  -0.050863  -0.288910   2.078784   550
  4  14   0.049826  -2.462336   1.153479   550
  4  15  -0.536683   1.427085   0.000000   550
  4  16   0.084037   2.377715   0.484572   550
  4  17  -0.807034 -14.699575   8.609689   550
  4  18  -1.867620 -14.907902   7.716459   550
  4  19  -0.549681 -15.467844   9.750275   550
  4  20  -2.621716 -16.075113   7.915337   550
  4  21  -1.314280 -16.617565   9.968741   550
  4  22  -2.349572 -16.869705   9.046517   550
  4  23   0.437720 -15.150259  10.690475   550
  4  24   0.694038 -15.976657  11.800732   550
  4  25   1.113103 -14.308146  10.586543   550
  4  26   1.391744 -15.717706  12.566467   550
  4  27  -0.053837 -17.152533  11.969840   550
  4  28   0.365435 -18.031096  12.897544   550
  4  29   1.157607 -17.781883  13.477592   550
  4  30  -0.274151 -18.782806  13.123731   550
  4  31  -1.075033 -17.453466  11.068119   550
  4  32  -2.054486 -18.547976  11.336480   550
  4  33  -2.132509 -19.603956  10.267033   550
  4  34  -1.954142 -19.353220  12.599460   550
  4  35  -3.396337 -17.886734  11.384387   550
  4  36  -2.249645 -13.987651   6.730661   550
  4  37  -3.375190 -14.296926   5.954008   550
  4  38  -1.673153 -13.086167   6.592154   550
  4  39  -3.681471 -13.580554   5.211307   550
  4  40  -4.051195 -15.514935   6.056336   550
  4  41  -5.122147 -15.692543   5.262850   550
  4  42  -5.388139 -14.975033   4.612216   550
  4  43  -5.531397 -16.600996   5.099063   550
  4  44  -3.665647 -16.421667   7.052374   550
  4  45  -4.429833 -17.683420   7.340475   550
  4  46  -3.543675 -18.878944   7.178154   550
  4  47  -5.013165 -17.787315   8.723453   550
  4  48  -5.539968 -18.157457   6.453743   550
  4  49   0.023354 -13.618941   8.283992   550
  4  50   0.077535 -12.567863   9.202086   550
  4  51   0.740551 -11.385430   8.838674   550
  4  52   1.480477 -11.294611   7.653449   550
  4  53   1.353873 -12.361644   6.761813   550
  4  54  -0.420310 -12.600648  10.158996   550
  4  55   0.821127 -10.619432   9.596666   550
  4  56   1.884822 -12.162248   5.837239   550
  4  57   0.703783 -13.561357   7.055698   550
  4  58   0.798045 -14.611828   6.124773   550
  4  59   0.477110 -15.782286   6.354626   550
  4  60   1.364098 -14.339317   5.072050   550
  4  61   2.278870 -10.161542   7.396503   550
  4  62   3.003113 -10.143329   6.400437   550
  4  63   2.362699  -9.207928   8.325636   550
  4  64   1.805973  -9.309525   9.159266   550
  4  65   3.416786  -8.232924   8.540956   550
  4  66   4.309166  -8.657827   8.081808   550
  4  67   3.507179  -8.080438   9.617235   550
  4  68   2.947206  -6.931680   7.892913   550
  4  69   3.691075  -6.191203   8.202357   550
  4  70   2.046812  -6.533895   8.351560   550
  4  71   2.796276  -6.910588   6.373908   550
  4  72   2.143768  -7.683485   5.958625   550
  4  73   3.821132  -7.022477   6.012593   550
  4  74   2.360211  -5.554767   5.827837   550
  4  75   2.933525  -4.690354   6.149561   550
  4  76   1.308680  -5.492850   6.127582   550
  4  77   2.538852  -5.616447   4.314435   550
  4  78   1.993598  -6.434780   3.844085   550
  4  79   3.609598  -5.754313   4.225551   550
  4  80   2.173000  -4.325315   3.751467   550
  4  81   3.114169  -3.330623   3.510869   550
  4  82   4.307440  -3.594230   3.477454   550
  4  83   2.420127  -2.269214   2.670740   550
  4  84   2.613352  -1.279223   3.074702   550
  4  85   2.817354  -2.360529   1.658379   550
  4  86   0.932185  -2.597405   2.727458   550
  4  87   0.466819  -1.957327   3.468493   550
  4  88   0.901155  -4.000583   3.330804   550
  4  89   0.146990  -4.852843   2.850193   550
  5   7   1.441319  -0.000000  -0.000000   593
  5   8   1.895555   0.517685   0.746103   593
  5   9   0.000000   0.000000   0.000000   593
  5  10  -0.227708  -0.330799  -1.013421   593
  5  11  -0.518692  -0.869173   1.139341   593
  5  12  -1.606306  -0.908609   1.164608   593
  5  13  -0.228610  -0.404983   2.089385   593
  5  14   0.015263  -2.600431   1.213065   593
  5  15  -0.692144   1.353713  -0.000000   593
  5  16  -0.071392   2.384987   0.277383   593
  5  17  -7.851215 -11.343597  -3.496934   593
  5  18  -7.141796 -12.365217  -4.150553   593
  5  19  -9.083280 -10.880551  -3.970007   593
  5  20  -7.631485 -12.843856  -5.376360   593
  5  21  -9.671770 -11.405418  -5.123697   593
  5  22  -8.872570 -12.340653  -5.806938   593
  5  23  -9.748088  -9.838189  -3.302990   593
  5  24 -10.976406  -9.340279  -3.730562   593
  5  25  -9.303564  -9.354426  -2.442193   593
  5  26 -11.348429  -8.416222  -3.317868   593
  5  27 -11.421070  -9.782448  -4.983624   593
  5  28 -12.480863  -9.100272  -5.436584   593
  5  29 -12.843656  -8.351593  -4.872703   593
  5  30 -12.917480  -9.534485  -6.243697   593
  5  31 -10.869283 -10.885405  -5.643260   593
  5  32 -11.441191 -11.294827  -6.963674   593
  5  33 -11.030317 -10.288127  -8.001719   593
  5  34 -10.981752 -12.593629  -7.542584   593
  5  35 -12.929409 -11.438478  -6.950847   593
  5  36  -5.931237 -12.868073  -3.656198   593
  5  37  -5.178663 -13.816806  -4.364814   593
  5  38  -5.495455 -12.429410  -2.771115   593
  5  39  -4.239661 -14.185034  -4.010577   593
  5  40  -5.713381 -14.296008  -5.566704   593
  5  41  -4.880324 -15.104751  -6.237563   593
  5  42  -3.934592 -15.277031  -5.932912   593
  5  43  -5.216545 -15.587506  -7.057504   593
  5  44  -6.953773 -13.862332  -6.056149   593
  5  45  -7.523669 -14.314901  -7.361256   593
  5  46  -6.738345 -15.120275  -8.356011   593
  5  47  -8.613086 -15.308049  -7.077657   593
  5  48  -7.997262 -13.199004  -8.243114   593
  5  49  -7.264738 -10.775586  -2.358555   593
  5  50  -6.269677  -9.827433  -2.586724   593
  5  51  -5.706164  -9.139376  -1.505460   593
  5  52  -6.047935  -9.528495  -0.205659   593
  5  53  -6.978749 -10.559184   0.003538   593
  5  54  -6.018864  -9.413166  -3.555475   593
  5  55  -5.069248  -8.296629  -1.728873   593
  5  56  -7.267999 -10.914948   0.972385   593
  5  57  -7.634193 -11.176052  -1.060969   593
  5  58  -8.396895 -12.325409  -0.809858   593
  5  59  -9.095284 -12.899079  -1.648999   593
  5  60  -8.564450 -12.697255   0.345893   593
  5  61  -5.476514  -8.934492   0.942617   593
  5  62  -5.794972  -9.335332   2.056088   593
  5  63  -4.482146  -8.060420   0.786644   593
  5  64  -4.199211  -7.884879  -0.173270   593
  5  65  -3.624321  -7.671312   1.888109   593
  5  66  -2.686916  -7.551924   1.343668   593
  5  67  -3.478066  -8.439697   2.642760   593
  5  68  -4.101939  -6.393184   2.574454   593
  5  69  -4.990848  -6.571398   3.175352   593
  5  70  -4.269146  -5.655606   1.787993   593
  5  71  -2.850655  -6.004868   3.367230   593
  5  72  -1.948981  -5.903747   2.775997   593
  5  73  -2.603451  -6.812793   4.055960   593
  5  74  -2.953893  -4.686017   4.132199   593
  5  75  -3.922728  -4.672109   4.612267   593
  5  76  -2.986433  -3.962468   3.314631   593
  5  77  -1.832351  -4.287506   5.094868   593
  5  78  -1.690258  -5.070577   5.841336   593
  5  79  -2.195559  -3.446850   5.689407   593
  5  80  -0.593346  -3.939006   4.437970   593
  5  81   0.352247  -4.860557   4.022279   593
  5  82   0.749035  -5.809476   4.692433   593
  5  83   1.314074  -4.088662   3.125357   593
  5  84   2.235244  -3.973289   3.708309   593
  5  85   1.557254  -4.491321   2.148000   593
  5  86   0.658425  -2.736236   2.901379   593
  5  87   1.369647  -1.939413   3.113590   593
  5  88  -0.431827  -2.645825   3.965745   593
  5  89  -1.446524  -2.019780   3.688326   593
  6   7   1.449586   0.000000  -0.000000   578
  6   8   1.778578   0.259073   0.915724   578
  6   9   0.000000   0.000000   0.000000   578
  6  10  -0.244070  -0.432033  -0.967404   578
  6  11  -0.651150  -0.848400   1.094130   578
  6  12  -1.676271  -0.517433   1.264390   578
  6  13  -0.116652  -0.771285   2.037404   578
  6  14  -0.742142  -2.597440   0.627787   578
  6  15  -0.631766   1.392472  -0.000000   578
  6  16   0.018695   2.369615   0.356501   578
  6  17  -2.674485 -17.732565  -2.497634   578
  6  18  -1.938689 -18.863325  -2.844600   578
  6  19  -4.019835 -17.570086  -2.837243   578
  6  20  -2.589978 -19.957043  -3.427619   578
  6  21  -4.685543 -18.624880  -3.465841   578
  6  22  -3.970372 -19.817427  -3.707653   578
  6  23  -4.749560 -16.384504  -2.688917   578
  6  24  -6.129610 -16.335575  -2.928020   578
  6  25  -4.289636 -15.500918  -2.284014   578
  6  26  -6.674317 -15.450549  -2.638500   578
  6  27  -6.795041 -17.429316  -3.510974   578
  6  28  -8.118177 -17.265589  -3.630571   578
  6  29  -8.472762 -16.331287  -3.497337   578
  6  30  -8.599764 -18.022911  -4.085361   578
  6  31  -6.030823 -18.560827  -3.828080   578
  6  32  -6.626993 -19.613375  -4.713699   578
  6  33  -6.974678 -20.819616  -3.887262   578
  6  34  -7.805330 -19.308977  -5.590490   578
  6  35  -5.711492 -20.187693  -5.756923   578
  6  36  -0.558708 -18.972538  -2.643783   578
  6  37   0.093409 -20.208269  -2.773081   578
  6  38   0.070299 -18.136408  -2.394312   578
  6  39   1.120323 -20.372242  -2.485400   578
  6  40  -0.642180 -21.305326  -3.235756   578
  6  41   0.074025 -22.433844  -3.225774   578
  6  42   1.071344 -22.305531  -3.113569   578
  6  43  -0.329815 -23.225843  -3.701855   578
  6  44  -1.959591 -21.192144  -3.670174   578
  6  45  -2.681246 -22.386007  -4.215522   578
  6  46  -3.807842 -22.840342  -3.338789   578
  6  47  -3.303079 -22.010098  -5.529796   578
  6  48  -1.952278 -23.655884  -4.562829   578
  6  49  -1.973940 -16.639702  -1.968218   578
  6  50  -1.859495 -15.525492  -2.806038   578
  6  51  -0.989866 -14.489418  -2.435636   578
  6  52  -0.263108 -14.529457  -1.242944   578
  6  53  -0.384796 -15.677691  -0.456016   578
  6  54  -2.302518 -15.448140  -3.788965   578
  6  55  -0.831891 -13.708284  -3.159153   578
  6  56   0.234484 -15.716726   0.427086   578
  6  57  -1.296504 -16.701832  -0.745876   578
  6  58  -1.495319 -17.674280   0.252832   578
  6  59  -2.491258 -18.389414   0.218351   578
  6  60  -0.719925 -17.912294   1.179932   578
  6  61   0.592586 -13.489939  -0.825703   578
  6  62   1.163369 -13.593204   0.252648   578
  6  63   0.757253 -12.344830  -1.492868   578
  6  64   0.364036 -12.308867  -2.423775   578
  6  65   1.647714 -11.243501  -1.180846   578
  6  66   2.301072 -11.024059  -2.031650   578
  6  67   2.344741 -11.643970  -0.444450   578
  6  68   0.799402 -10.074522  -0.682289   578
  6  69  -0.017382 -10.450701  -0.064995   578
  6  70   0.454959  -9.611827  -1.608718   578
  6  71   1.664408  -9.153008   0.181929   578
  6  72   2.595088  -9.028427  -0.365900   578
  6  73   1.909997  -9.541986   1.167464   578
  6  74   1.004495  -7.780058   0.204878   578
  6  75  -0.040423  -7.889106   0.516892   578
  6  76   1.154814  -7.282623  -0.756248   578
  6  77   1.778372  -6.944987   1.210597   578
  6  78   2.859647  -7.002717   1.054029   578
  6  79   1.578522  -7.290600   2.222680   578
  6  80   1.528646  -5.520375   1.266381   578
  6  81   2.559422  -4.599122   1.266181   578
  6  82   3.603996  -4.931536   0.708984   578
  6  83   1.955388  -3.212742   1.142511   578
  6  84   2.473467  -2.520303   1.822154   578
  6  85   1.964217  -2.757166   0.150910   578
  6  86   0.522496  -3.418892   1.623785   578
  6  87   0.406187  -3.023892   2.631878   578
  6  88   0.348654  -4.932263   1.687630   578
  6  89  -0.741452  -5.342825   1.278223   578
  7   7   1.445301   0.000000   0.000000   608
  7   8   1.971002  -0.078592   0.859570   608
  7   9   0.000000   0.000000   0.000000   608
  7  10  -0.277175  -0.486550  -0.935385   608
  7  11  -0.527919  -0.841426   1.166277   608
  7  12   0.022692  -1.781187   1.104833   608
  7  13  -1.587836  -1.055684   1.035237   608
  7  14  -0.393209  -0.101669   2.817828   608
  7  15  -0.650731   1.380670  -0.000000   608
  7  16  -1.829238   1.555956  -0.280350   608
  7  17   9.078098 -11.580761   3.130586   608
  7  18   9.705234 -11.668476   4.382747   608
  7  19   9.741630 -11.874547   1.926834   608
  7  20  11.029110 -12.095743   4.432722   608
  7  21  11.032708 -12.403751   1.992082   608
  7  22  11.690563 -12.443090   3.240232   608
  7  23   9.067377 -11.828667   0.706761   608
  7  24   9.637362 -12.415405  -0.433525   608
  7  25   8.038041 -11.567720   0.532758   608
  7  26   9.072499 -12.402638  -1.364743   608
  7  27  10.909068 -12.991693  -0.311641   608
  7  28  11.515309 -13.385777  -1.443571   608
  7  29  11.024339 -13.291250  -2.318622   608
  7  30  12.490952 -13.640451  -1.480467   608
  7  31  11.620614 -13.045999   0.892997   608
  7  32  12.898756 -13.818648   1.014517   608
  7  33  14.019559 -13.189216   0.236754   608
  7  34  13.444316 -14.251401   2.342143   608
  7  35  12.702326 -15.129550   0.328982   608
  7  36   9.041565 -11.288566   5.552112   608
  7  37   9.722737 -11.268027   6.778563   608
  7  38   8.025585 -10.923183   5.593086   608
  7  39   9.236609 -10.874115   7.656580   608
  7  40  11.099267 -11.509178   6.808816   608
  7  41  11.621992 -11.402671   8.033114   608
  7  42  11.127080 -10.923741   8.772226   608
  7  43  12.550241 -11.743926   8.259388   608
  7  44  11.723843 -11.995805   5.648599   608
  7  45  13.122648 -12.542391   5.730948   608
  7  46  13.980118 -12.019253   4.621140   608
  7  47  13.897020 -12.347771   7.003339   608
  7  48  13.089714 -14.036036   5.689211   608
  7  49   7.749172 -11.150008   3.034111   608
  7  50   7.575785  -9.830814   2.607771   608
  7  51   6.313766  -9.224466   2.648374   608
  7  52   5.192062  -9.862653   3.189023   608
  7  53   5.425578 -11.163140   3.653245   608
  7  54   8.405922  -9.313388   2.167155   608
  7  55   6.289480  -8.234442   2.211267   608
  7  56   4.510889 -11.632198   3.979792   608
  7  57   6.659782 -11.834022   3.593622   608
  7  58   6.767580 -13.127055   4.132271   608
  7  59   7.806878 -13.768915   4.201369   608
  7  60   5.780866 -13.714294   4.576058   608
  7  61   3.882301  -9.368472   3.007052   608
  7  62   2.928245  -9.993337   3.446622   608
  7  63   3.686356  -8.137987   2.509846   608
  7  64   4.534897  -7.634630   2.289826   608
  7  65   2.459553  -7.367939   2.500833   608
  7  66   1.624573  -8.034966   2.246900   608
  7  67   2.516011  -6.538241   1.795629   608
  7  68   2.287892  -6.849643   3.921749   608
  7  69   3.184314  -6.311553   4.213103   608
  7  70   2.119900  -7.645864   4.650181   608
  7  71   1.045591  -5.957976   3.964398   608
  7  72   0.166884  -6.535233   3.685386   608
  7  73   1.226662  -5.115105   3.300408   608
  7  74   0.759770  -5.340953   5.327697   608
  7  75   1.485984  -4.570482   5.547435   608
  7  76   0.853385  -6.084928   6.121951   608
  7  77  -0.624233  -4.702358   5.321602   608
  7  78  -0.988170  -4.923429   6.325185   608
  7  79  -1.301114  -5.140238   4.579515   608
  7  80  -0.483156  -3.267474   5.183752   608
  7  81  -0.828689  -2.374175   6.180707   608
  7  82  -1.438664  -2.694984   7.188485   608
  7  83  -1.128696  -1.060627   5.464477   608
  7  84  -2.101781  -0.706606   5.796709   608
  7  85  -0.241960  -0.437578   5.634224   608
  7  86  -1.072166  -1.324350   3.963326   608
  7  87  -2.090431  -1.575615   3.655098   608
  7  88  -0.426488  -2.701534   3.916824   608
  7  89  -0.619735  -3.417454   2.927172   608
  8   7   1.447584   0.000000   0.000000   504
  8   8   1.935709   0.208583   0.864888   504
  8   9   0.000000   0.000000   0.000000   504
  8  10  -0.367302  -0.548835  -0.876339   504
  8  11  -0.557618  -0.832053   1.155573   504
  8  12  -1.643221  -0.774020   1.154652   504
  8  13  -0.212008  -0.312938   2.057334   504
  8  14  -0.087941  -2.575787   1.177834   504
  8  15  -0.665660   1.367440  -0.000000   504
  8  16  -1.845488   1.428895  -0.336943   504
  8  17  -4.147602 -12.438769   7.787224   504
  8  18  -2.787543 -12.383894   8.114987   504
  8  19  -5.098289 -13.169355   8.513611   504
  8  20  -2.354269 -13.069324   9.264709   504
  8  21  -4.677382 -13.804715   9.695581   504
  8  22  -3.306684 -13.788832  10.010442   504
  8  23  -6.411097 -13.287009   8.034765   504
  8  24  -7.311148 -14.099424   8.740167   504
  8  25  -6.653154 -12.742511   7.143065   504
  8  26  -8.290435 -14.173923   8.297396   504
  8  27  -6.935488 -14.742038   9.922254   504
  8  28  -7.872772 -15.461201  10.555420   504
  8  29  -8.808747 -15.363457  10.193618   504
  8  30  -7.656000 -16.168289  11.243341   504
  8  31  -5.613976 -14.596453  10.370371   504
  8  32  -5.108238 -15.375095  11.543761   504
  8  33  -5.822669 -16.662220  11.860456   504
  8  34  -3.724552 -15.957448  11.406358   504
  8  35  -5.057186 -14.720893  12.894952   504
  8  36  -1.880790 -11.669648   7.332010   504
  8  37  -0.527777 -11.639047   7.704057   504
  8  38  -2.194762 -11.173100   6.425167   504
  8  39   0.076817 -10.967022   7.109542   504
  8  40  -0.078615 -12.313377   8.848841   504
  8  41   1.207735 -12.170942   9.176737   504
  8  42   1.852948 -11.599588   8.648669   504
  8  43   1.580218 -12.815469   9.858237   504
  8  44  -0.991033 -13.075721   9.586492   504
  8  45  -0.510299 -13.891400  10.758185   504
  8  46  -1.326763 -13.508121  11.949312   504
  8  47  -0.746349 -15.370242  10.684628   504
  8  48   0.885681 -13.822622  11.313799   504
  8  49  -4.579009 -11.597762   6.750164   504
  8  50  -4.444924 -12.109921   5.463379   504
  8  51  -4.893464 -11.383730   4.356149   504
  8  52  -5.516778 -10.139667   4.539136   504
  8  53  -5.497092  -9.607718   5.838653   504
  8  54  -3.905888 -13.034410   5.322456   504
  8  55  -4.840135 -11.855853   3.385554   504
  8  56  -5.983417  -8.653695   5.972539   504
  8  57  -5.057530 -10.291259   6.972347   504
  8  58  -5.219317  -9.771597   8.267869   504
  8  59  -4.859753 -10.357839   9.281838   504
  8  60  -5.571076  -8.608441   8.454235   504
  8  61  -6.024659  -9.359579   3.483615   504
  8  62  -6.366332  -8.203944   3.685529   504
  8  63  -5.998755  -9.871527   2.254250   504
  8  64  -5.809957 -10.857913   2.143355   504
  8  65  -6.558099  -9.213389   1.083061   504
  8  66  -7.134785  -8.314978   1.287249   504
  8  67  -7.251670  -9.871831   0.571186   504
  8  68  -5.409981  -8.987742   0.100051   504
  8  69  -5.825431  -8.796913  -0.888880   504
  8  70  -4.900166  -9.949492   0.024380   504
  8  71  -4.493832  -7.897574   0.637830   504
  8  72  -4.154922  -8.134585   1.641206   504
  8  73  -5.001989  -6.932165   0.727060   504
  8  74  -3.176119  -7.747623  -0.131619   504
  8  75  -3.305508  -7.175627  -1.044514   504
  8  76  -2.853029  -8.760121  -0.355135   504
  8  77  -2.055356  -7.116042   0.681891   504
  8  78  -1.106604  -7.525166   0.344421   504
  8  79  -2.163605  -7.499939   1.698454   504
  8  80  -2.043889  -5.669813   0.769580   504
  8  81  -3.107522  -4.954549   1.303978   504
  8  82  -3.534993  -5.400528   2.368953   504
  8  83  -2.754450  -3.477465   1.223578   504
  8  84  -3.557099  -3.043289   0.629313   504
  8  85  -2.632801  -3.048796   2.214003   504
  8  86  -1.482055  -3.418096   0.388243   504
  8  87  -1.586574  -2.877654  -0.556054   504
  8  88  -1.097277  -4.870860   0.143240   504
  8  89  -0.178159  -5.170676  -0.610969   504
  9   7   1.446720  -0.000000  -0.000000   896
  9   8   1.947716   0.684798   0.554847   896
  9   9   0.000000   0.000000   0.000000   896
  9  10  -0.403118  -0.477439  -0.895907   896
  9  11  -0.326395  -0.889900   1.198392   896
  9  12  -0.194924  -1.948589   1.017303   896
  9  13  -1.387553  -0.768638   1.437008   896
  9  14   0.488967  -0.292659   2.702085   896
  9  15  -0.818056   1.284088   0.000000   896
  9  16  -2.011376   1.244134   0.308206   896
  9  17   4.543573  -1.137000  16.918566   896
  9  18   5.228639  -2.320935  17.194033   896
  9  19   3.596257  -0.704365  17.854738   896
  9  20   5.066269  -2.994507  18.414742   896
  9  21   3.438452  -1.295910  19.116077   896
  9  22   4.213998  -2.441204  19.387054   896
  9  23   2.754284   0.374859  17.547398   896
  9  24   1.853556   0.929535  18.468225   896
  9  25   2.707488   0.785360  16.551504   896
  9  26   1.321732   1.826154  18.184608   896
  9  27   1.796876   0.363787  19.739965   896
  9  28   0.973563   0.980166  20.591511   896
  9  29   0.373447   1.707041  20.210310   896
  9  30   0.726452   0.664805  21.516922   896
  9  31   2.577122  -0.750710  20.081150   896
  9  32   2.511454  -1.395697  21.425278   896
  9  33   1.271063  -1.106786  22.211952   896
  9  34   2.411159  -2.886831  21.493542   896
  9  35   3.596669  -1.092241  22.408808   896
  9  36   6.028863  -2.881854  16.198635   896
  9  37   6.696095  -4.093426  16.389145   896
  9  38   6.177063  -2.480141  15.203517   896
  9  39   7.257159  -4.528224  15.579477   896
  9  40   6.476703  -4.793983  17.587055   896
  9  41   6.974933  -6.036670  17.623062   896
  9  42   7.358284  -6.457200  16.784853   896
  9  43   6.810145  -6.654000  18.410494   896
  9  44   5.698665  -4.228117  18.604429   896
  9  45   5.559593  -4.874937  19.945732   896
  9  46   6.557712  -5.931314  20.322327   896
  9  47   5.874786  -3.907365  21.038460   896
  9  48   4.174596  -5.339861  20.306469   896
  9  49   4.643939  -0.509780  15.675334   896
  9  50   3.516009  -0.552075  14.853576   896
  9  51   3.561354  -0.035447  13.554291   896
  9  52   4.689009   0.701563  13.155528   896
  9  53   5.750512   0.813837  14.064981   896
  9  54   2.624957  -1.104163  15.108386   896
  9  55   2.728436  -0.264616  12.904423   896
  9  56   6.645364   1.343583  13.761321   896
  9  57   5.817975   0.153514  15.287284   896
  9  58   7.003412   0.293580  16.038094   896
  9  59   7.045991   0.104131  17.247803   896
  9  60   8.047982   0.751507  15.572177   896
  9  61   4.775964   1.207320  11.843983   896
  9  62   5.876455   1.579384  11.431926   896
  9  63   3.634694   1.585157  11.273246   896
  9  64   2.777237   1.379136  11.775663   896
  9  65   3.509240   2.395047  10.080379   896
  9  66   4.423791   2.647955   9.550723   896
  9  67   3.123125   3.386051  10.338113   896
  9  68   2.639203   1.694676   9.037199   896
  9  69   2.456653   2.275605   8.130890   896
  9  70   1.635276   1.493468   9.413426   896
  9  71   3.236071   0.378078   8.576311   896
  9  72   3.358001  -0.374872   9.364155   896
  9  73   4.273107   0.582468   8.293322   896
  9  74   2.472345  -0.217419   7.393135   896
  9  75   2.191987   0.630226   6.766639   896
  9  76   1.580672  -0.653012   7.836170   896
  9  77   3.127137  -1.316832   6.561065   896
  9  78   3.162458  -2.246913   7.130452   896
  9  79   4.156500  -0.974116   6.423015   896
  9  80   2.362857  -1.684893   5.386414   896
  9  81   1.254834  -2.514062   5.476758   896
  9  82   0.444240  -2.519445   6.400777   896
  9  83   0.704902  -2.631014   4.056549   896
  9  84   1.035926  -3.638968   3.789997   896
  9  85  -0.362270  -2.462495   3.890280   896
  9  86   1.533327  -1.689644   3.195075   896
  9  87   1.830830  -2.069390   2.225082   896
  9  88   2.703629  -1.326762   4.088446   896
  9  89   3.495835  -0.418827   3.835144   896
 10   7   1.449345   0.000000   0.000000   652
 10   8   1.854081   0.615067   0.697481   652
 10   9   0.000000   0.000000   0.000000   652
 10  10  -0.322768  -0.422992  -0.955142   652
 10  11  -0.446893  -0.952521   1.091415   652
 10  12  -0.055132  -1.926748   0.804175   652
 10  13  -1.533453  -0.993405   1.029643   652
 10  14   0.064029  -0.632989   2.802396   652
 10  15  -0.430054   1.462209  -0.000000   652
 10  16   0.326152   2.402847   0.182627   652
 10  17  -1.858357  -3.291865  14.239626   652
 10  18  -0.826030  -4.057722  13.692851   652
 10  19  -2.559157  -3.728794  15.368375   652
 10  20  -0.436132  -5.212841  14.372396   652
 10  21  -2.306424  -4.982591  15.926066   652
 10  22  -1.267474  -5.768316  15.366590   652
 10  23  -3.492059  -2.888079  15.999478   652
 10  24  -4.091019  -3.298952  17.187805   652
 10  25  -3.701047  -1.878085  15.688456   652
 10  26  -4.842530  -2.686244  17.663958   652
 10  27  -3.920048  -4.591297  17.692307   652
 10  28  -4.591178  -4.899201  18.807913   652
 10  29  -5.339240  -4.341009  19.197947   652
 10  30  -4.458500  -5.783371  19.291691   652
 10  31  -3.045932  -5.453268  17.016567   652
 10  32  -3.144875  -6.893520  17.422743   652
 10  33  -4.580215  -7.291530  17.336199   652
 10  34  -2.415652  -7.933588  16.619383   652
 10  35  -2.649341  -7.163588  18.811958   652
 10  36  -0.278058  -3.778174  12.439304   652
 10  37   0.822576  -4.539469  12.015467   652
 10  38  -0.625800  -2.991521  11.783369   652
 10  39   1.284370  -4.333685  11.060637   652
 10  40   1.345362  -5.582598  12.778074   652
 10  41   2.300688  -6.295122  12.154968   652
 10  42   2.743509  -5.856925  11.354162   652
 10  43   2.709975  -7.066890  12.662274   652
 10  44   0.662845  -5.962516  13.929524   652
 10  45   1.110770  -7.206434  14.644388   652
 10  46   2.588610  -7.482149  14.657503   652
 10  47   0.777585  -7.419940  16.087683   652
 10  48   0.623788  -8.460173  13.974023   652
 10  49  -2.245426  -2.091325  13.624336   652
 10  50  -3.585135  -2.042321  13.219147   652
 10  51  -4.209277  -0.879226  12.743479   652
 10  52  -3.438788   0.269618  12.537077   652
 10  53  -2.088454   0.182568  12.897100   652
 10  54  -4.232188  -2.904282  13.332485   652
 10  55  -5.247333  -0.939014  12.461048   652
 10  56  -1.469759   1.061902  12.859882   652
 10  57  -1.458448  -0.963207  13.403846   652
 10  58  -0.122947  -0.893904  13.850092   652
 10  59   0.520515  -1.737819  14.482126   652
 10  60   0.538043   0.107225  13.605081   652
 10  61  -4.022361   1.407917  11.932412   652
 10  62  -3.253320   2.321008  11.645280   652
 10  63  -5.231874   1.344962  11.368752   652
 10  64  -5.778398   0.509899  11.531794   652
 10  65  -5.821379   2.266911  10.422395   652
 10  66  -5.422713   3.271656  10.617466   652
 10  67  -6.877374   2.300808  10.676808   652
 10  68  -5.715816   1.879550   8.957877   652
 10  69  -6.337476   2.509866   8.324915   652
 10  70  -5.991116   0.829636   8.803309   652
 10  71  -4.283859   2.007726   8.464958   652
 10  72  -3.590374   1.338418   8.983812   652
 10  73  -3.964125   3.045951   8.582256   652
 10  74  -4.140416   1.586300   7.002622   652
 10  75  -4.633810   2.352685   6.404778   652
 10  76  -4.585171   0.604861   6.825786   652
 10  77  -2.663336   1.480791   6.615324   652
 10  78  -2.249907   0.726997   7.285604   652
 10  79  -2.143857   2.426416   6.769053   652
 10  80  -2.522997   0.929264   5.283999   652
 10  81  -3.010045   1.630083   4.193752   652
 10  82  -3.226208   2.838281   4.214492   652
 10  83  -2.377624   0.940970   2.987823   652
 10  84  -3.109679   0.581979   2.254463   652
 10  85  -1.687999   1.661714   2.542906   652
 10  86  -1.555874  -0.234444   3.507078   652
 10  87  -2.244256  -1.075254   3.384735   652
 10  88  -1.582782  -0.059280   5.013860   652
 10  89  -0.735986  -0.519223   5.773260   652
 11   7   1.453478  -0.000000   0.000000   502
 11   8   1.943820  -0.490869   0.729049   502
 11   9   0.000000   0.000000   0.000000   502
 11  10  -0.352122  -0.422766  -0.942271   502
 11  11  -0.602692  -0.893832   1.082601   502
 11  12  -0.360447  -1.934211   0.865508   502
 11  13  -1.682102  -0.911450   0.991155   502
 11  14  -0.215756  -0.430365   2.790402   502
 11  15  -0.666743   1.378715  -0.000000   502
 11  16  -0.148675   2.361311   0.531234   502
 11  17   6.632488 -14.190127   3.316958   502
 11  18   6.913122 -14.777405   2.083730   502
 11  19   6.187830 -14.965829   4.391184   502
 11  20   6.805311 -16.170214   1.931860   502
 11  21   5.966360 -16.343246   4.246017   502
 11  22   6.164297 -16.879055   2.954378   502
 11  23   5.914901 -14.345231   5.618894   502
 11  24   5.586861 -15.086805   6.772089   502
 11  25   6.011155 -13.281214   5.762775   502
 11  26   5.576198 -14.661923   7.764187   502
 11  27   5.444992 -16.468014   6.642704   502
 11  28   4.972126 -16.986382   7.781605   502
 11  29   4.744538 -16.475500   8.627599   502
 11  30   4.743640 -17.964060   7.793159   502
 11  31   5.486821 -17.043921   5.362125   502
 11  32   5.139514 -18.496988   5.345573   502
 11  33   3.812629 -18.787252   5.980571   502
 11  34   4.785946 -19.081547   4.004274   502
 11  35   6.169801 -19.267895   6.116293   502
 11  36   7.348905 -14.048716   0.966948   502
 11  37   7.755102 -14.663688  -0.221924   502
 11  38   7.551248 -12.991201   1.074737   502
 11  39   8.160542 -14.005739  -0.974599   502
 11  40   7.627818 -16.054234  -0.351083   502
 11  41   7.913820 -16.515106  -1.574684   502
 11  42   8.433056 -15.868201  -2.162652   502
 11  43   7.744225 -17.481787  -1.813152   502
 11  44   7.130184 -16.805582   0.723737   502
 11  45   6.858008 -18.263369   0.529891   502
 11  46   7.549794 -18.977047  -0.602451   502
 11  47   7.314980 -19.063402   1.701438   502
 11  48   5.440786 -18.632280   0.201429   502
 11  49   6.890766 -12.828637   3.526090   502
 11  50   5.735538 -12.057802   3.740252   502
 11  51   5.701760 -10.669279   3.559807   502
 11  52   6.833941  -9.938182   3.176319   502
 11  53   7.994260 -10.704885   3.247915   502
 11  54   4.812374 -12.607528   3.879779   502
 11  55   4.757680 -10.180677   3.705695   502
 11  56   8.932631 -10.161297   3.201291   502
 11  57   8.058243 -12.102738   3.305475   502
 11  58   9.315914 -12.722414   3.168492   502
 11  59   9.447459 -13.913011   3.448267   502
 11  60  10.300106 -12.048740   2.884006   502
 11  61   6.750349  -8.542413   2.970061   502
 11  62   7.812699  -7.970639   2.723100   502
 11  63   5.559070  -7.951193   2.955445   502
 11  64   4.782520  -8.447351   3.369444   502
 11  65   5.400005  -6.571035   2.549537   502
 11  66   4.422281  -6.546586   2.056731   502
 11  67   6.147798  -6.309933   1.799648   502
 11  68   5.561344  -5.679138   3.774685   502
 11  69   6.586403  -5.622091   4.137039   502
 11  70   4.795596  -6.088110   4.440244   502
 11  71   5.159276  -4.260915   3.368007   502
 11  72   4.126375  -4.393488   3.046078   502
 11  73   5.799327  -3.847523   2.589842   502
 11  74   5.197394  -3.295004   4.541790   502
 11  75   6.239445  -3.170408   4.828327   502
 11  76   4.637841  -3.763977   5.350469   502
 11  77   4.508564  -1.969038   4.228693   502
 11  78   4.911873  -1.683916   3.251529   502
 11  79   4.772966  -1.227412   4.980348   502
 11  80   3.058870  -1.964015   4.191809   502
 11  81   2.291265  -2.236295   5.317706   502
 11  82   2.666847  -1.794783   6.405918   502
 11  83   0.862622  -1.897020   4.900123   502
 11  84   0.114760  -2.651659   5.170720   502
 11  85   0.537680  -1.020300   5.463305   502
 11  86   0.858838  -1.757488   3.381499   502
 11  87   0.495363  -2.689258   2.938113   502
 11  88   2.342039  -1.708882   3.027867   502
 11  89   2.838845  -1.451728   1.939909   502
 12   7   1.456296  -0.000000   0.000000   564
 12   8   1.793453   0.260506   0.918403   564
 12   9   0.000000   0.000000   0.000000   564
 12  10  -0.229486  -0.490866  -0.939408   564
 12  11  -0.475039  -0.903765   1.130332   564
 12  12  -0.174964  -0.495946   2.090247   564
 12  13   0.070043  -1.828247   0.937663   564
 12  14  -2.203258  -1.437715   1.269460   564
 12  15  -0.631879   1.385940   0.000000   564
 12  16  -1.854020   1.472563  -0.016349   564
 12  17   1.542143 -10.430721   0.693389   564
 12  18   1.844830 -11.430001  -0.235654   564
 12  19   2.060857 -10.445969   1.986489   564
 12  20   2.746708 -12.426234   0.154643   564
 12  21   2.923318 -11.465298   2.399440   564
 12  22   3.384079 -12.364367   1.414976   564
 12  23   1.806649  -9.447242   2.946347   564
 12  24   2.359696  -9.501024   4.233415   564
 12  25   1.132746  -8.657184   2.667486   564
 12  26   2.114416  -8.773854   4.989365   564
 12  27   3.157612 -10.576838   4.639808   564
 12  28   3.604362 -10.484269   5.895534   564
 12  29   3.412503  -9.631873   6.404169   564
 12  30   3.966239 -11.321273   6.356153   564
 12  31   3.434205 -11.576902   3.699879   564
 12  32   4.217153 -12.756442   4.186377   564
 12  33   5.604781 -12.756938   3.616127   564
 12  34   4.544421 -12.975285   5.640717   564
 12  35   3.736207 -14.129589   3.821465   564
 12  36   1.251957 -11.491421  -1.510811   564
 12  37   1.609163 -12.571549  -2.325876   564
 12  38   0.505816 -10.818211  -1.902043   564
 12  39   1.171068 -12.686433  -3.306779   564
 12  40   2.618851 -13.475123  -1.980207   564
 12  41   2.978668 -14.228577  -3.027173   564
 12  42   2.413261 -14.270619  -3.855150   564
 12  43   3.807072 -14.800282  -2.932302   564
 12  44   3.132344 -13.478682  -0.675441   564
 12  45   4.145326 -14.497281  -0.255890   564
 12  46   5.273531 -13.899570   0.524175   564
 12  47   3.605603 -15.621164   0.586061   564
 12  48   4.854386 -15.330984  -1.289076   564
 12  49   0.579426  -9.488848   0.287494   564
 12  50  -0.792821  -9.732215   0.397534   564
 12  51  -1.754578  -8.729512   0.205409   564
 12  52  -1.314285  -7.421295  -0.025693   564
 12  53   0.061259  -7.208678  -0.086301   564
 12  54  -1.185187 -10.688481   0.708834   564
 12  55  -2.783488  -9.046154   0.251022   564
 12  56   0.422448  -6.196348  -0.253433   564
 12  57   1.036336  -8.223274  -0.090598   564
 12  58   2.389495  -7.840765  -0.220027   564
 12  59   3.353859  -8.601072  -0.235358   564
 12  60   2.670754  -6.659387  -0.446599   564
 12  61  -2.252694  -6.461702  -0.472761   564
 12  62  -1.850305  -5.333904  -0.728602   564
 12  63  -3.552978  -6.762813  -0.512678   564
 12  64  -3.744283  -7.654685  -0.081673   564
 12  65  -4.673491  -6.017707  -1.040567   564
 12  66  -5.471954  -6.714587  -1.299444   564
 12  67  -4.355975  -5.473218  -1.932764   564
 12  68  -5.041138  -5.073586   0.103273   564
 12  69  -5.785080  -4.384439  -0.294375   564
 12  70  -4.167004  -4.457364   0.296817   564
 12  71  -5.547764  -5.844848   1.318134   564
 12  72  -4.858343  -6.621699   1.650700   564
 12  73  -6.396631  -6.341611   0.853313   564
 12  74  -6.030632  -5.081907   2.549134   564
 12  75  -6.835140  -5.671003   2.976731   564
 12  76  -6.502929  -4.158590   2.218349   564
 12  77  -4.998838  -4.876508   3.662062   564
 12  78  -4.724856  -5.820328   4.138969   564
 12  79  -5.527301  -4.254203   4.387846   564
 12  80  -3.840560  -4.215522   3.097807   564
 12  81  -2.744904  -4.974559   2.694199   564
 12  82  -2.396070  -6.098978   3.059842   564
 12  83  -1.684954  -3.966464   2.303867   564
 12  84  -0.783352  -4.098501   2.908085   564
 12  85  -1.439537  -3.983441   1.239169   564
 12  86  -2.262997  -2.597683   2.653732   564
 12  87  -1.628923  -2.152095   3.416623   564
 12  88  -3.654883  -2.845891   3.197004   564
 12  89  -4.439478  -1.948066   3.506393   564
 13   7   1.441007   0.000000  -0.000000   574
 13   8   1.961199  -0.278628   0.821564   574
 13   9   0.000000   0.000000   0.000000   574
 13  10  -0.276404  -0.676691  -0.806220   574
 13  11  -0.370991  -0.874096   1.199467   574
 13  12  -1.442534  -1.054136   1.247233   574
 13  13  -0.122693  -0.249108   2.061696   574
 13  14   0.426576  -2.481603   1.465565   574
 13  15  -0.715611   1.346403   0.000000   574
 13  16  -1.950095   1.290172   0.099932   574
 13  17   2.082712  -2.811483  -3.610634   574
 13  18   3.269105  -2.714858  -4.341958   574
 13  19   1.008116  -1.958983  -3.918187   574
 13  20   3.432881  -1.743084  -5.337415   574
 13  21   1.167519  -0.960790  -4.880736   574
 13  22   2.398950  -0.810519  -5.548864   574
 13  23  -0.183551  -1.929029  -3.179789   574
 13  24  -1.246002  -1.083593  -3.507407   574
 13  25  -0.398470  -2.704873  -2.448710   574
 13  26  -2.202140  -1.178826  -3.010988   574
 13  27  -1.085628  -0.157595  -4.548613   574
 13  28  -2.165984   0.579617  -4.819073   574
 13  29  -2.922470   0.497362  -4.151566   574
 13  30  -2.034964   1.409131  -5.385590   574
 13  31   0.139418  -0.068576  -5.213997   574
 13  32   0.318808   0.969875  -6.288260   574
 13  33   1.667171   1.622059  -6.195133   574
 13  34   0.265789   0.338161  -7.647902   574
 13  35  -0.486116   2.226250  -6.355478   574
 13  36   4.294569  -3.645833  -4.151143   574
 13  37   5.471594  -3.631059  -4.909163   574
 13  38   4.222119  -4.465533  -3.447975   574
 13  39   6.255837  -4.350820  -4.719405   574
 13  40   5.652440  -2.591166  -5.838526   574
 13  41   6.853823  -2.542056  -6.429431   574
 13  42   7.551946  -3.216605  -6.123314   574
 13  43   6.908993  -1.894864  -7.196959   574
 13  44   4.633223  -1.670240  -6.056910   574
 13  45   4.737178  -0.589961  -7.101845   574
 13  46   4.561883   0.767848  -6.464877   574
 13  47   5.952926  -0.559953  -7.976349   574
 13  48   3.619487  -0.705774  -8.096358   574
 13  49   1.989374  -3.739507  -2.568012   574
 13  50   2.855920  -3.580557  -1.486516   574
 13  51   2.878405  -4.424220  -0.368605   574
 13  52   2.095202  -5.574447  -0.387921   574
 13  53   1.268350  -5.780108  -1.508688   574
 13  54   3.600817  -2.802962  -1.528667   574
 13  55   3.432808  -4.166320   0.519046   574
 13  56   0.674598  -6.687486  -1.533708   574
 13  57   1.133306  -4.852480  -2.544868   574
 13  58   0.433795  -5.299136  -3.683149   574
 13  59   0.450589  -4.705837  -4.758936   574
 13  60  -0.197083  -6.347977  -3.635994   574
 13  61   2.235312  -6.549441   0.623145   574
 13  62   1.544475  -7.561078   0.595999   574
 13  63   3.080068  -6.240680   1.608820   574
 13  64   3.633917  -5.401228   1.518975   574
 13  65   3.333917  -7.257198   2.613635   574
 13  66   4.333497  -7.114440   3.023832   574
 13  67   3.386520  -8.247583   2.166789   574
 13  68   2.289647  -7.175417   3.722016   574
 13  69   2.443637  -8.049304   4.362024   574
 13  70   1.246973  -7.306990   3.461210   574
 13  71   2.418654  -5.963880   4.644477   574
 13  72   2.312618  -5.053959   4.045726   574
 13  73   3.401994  -6.017364   5.118904   574
 13  74   1.400129  -5.899908   5.779693   574
 13  75   1.656825  -5.136248   6.513472   574
 13  76   1.489997  -6.789381   6.396346   574
 13  77  -0.033382  -5.681574   5.313672   574
 13  78  -0.612075  -5.623879   6.238867   574
 13  79  -0.404442  -6.523027   4.727436   574
 13  80  -0.184526  -4.501438   4.482870   574
 13  81  -0.417141  -3.261513   5.051884   574
 13  82  -0.812004  -3.178304   6.208931   574
 13  83  -0.978415  -2.358851   3.960887   574
 13  84  -2.025183  -2.112178   4.152534   574
 13  85  -0.326510  -1.477087   3.950381   574
 13  86  -0.706174  -3.168773   2.696367   574
 13  87  -1.610612  -3.450580   2.173415   574
 13  88  -0.287648  -4.583505   3.103764   574
 13  89  -0.868492  -5.516553   2.572311   574
 14   7   1.441388  -0.000000  -0.000000   607
 14   8   1.810197   0.322120   0.889000   607
 14   9   0.000000   0.000000   0.000000   607
 14  10  -0.348692  -0.428685  -0.945908   607
 14  11  -0.483148  -0.818692   1.186512   607
 14  12  -1.556418  -0.826542   0.997494   607
 14  13  -0.250316  -0.342392   2.142874   607
 14  14   0.147633  -2.511582   1.328779   607
 14  15  -0.644102   1.375112   0.000000   607
 14  16  -1.874722   1.421405   0.049330   607
 14  17   2.887911  -5.862935  -2.338840   607
 14  18   3.770532  -5.450606  -1.331683   607
 14  19   3.332067  -6.028316  -3.655645   607
 14  20   5.133939  -5.321764  -1.644441   607
 14  21   4.687011  -5.929108  -4.003759   607
 14  22   5.570186  -5.596515  -2.952531   607
 14  23   2.425442  -6.118897  -4.720270   607
 14  24   2.924962  -6.389900  -6.004221   607
 14  25   1.356612  -6.242185  -4.621271   607
 14  26   2.214257  -6.656034  -6.776282   607
 14  27   4.287121  -6.470569  -6.285317   607
 14  28   4.735161  -6.851132  -7.487745   607
 14  29   4.071635  -7.029719  -8.231345   607
 14  30   5.721293  -6.864026  -7.729976   607
 14  31   5.202765  -6.085680  -5.294180   607
 14  32   6.669962  -6.289283  -5.553948   607
 14  33   7.523026  -5.275938  -4.856800   607
 14  34   7.104541  -7.657380  -5.105225   607
 14  35   7.288809  -6.024139  -6.885948   607
 14  36   3.296127  -5.141296  -0.049080   607
 14  37   4.193594  -4.674963   0.914916   607
 14  38   2.292788  -5.406113   0.215087   607
 14  39   3.829916  -4.414873   1.898324   607
 14  40   5.555058  -4.523906   0.603799   607
 14  41   6.358451  -4.182069   1.618298   607
 14  42   5.977983  -4.131788   2.558149   607
 14  43   7.356379  -4.125662   1.487684   607
 14  44   6.042368  -4.929200  -0.643866   607
 14  45   7.485839  -4.766274  -1.018499   607
 14  46   8.048906  -6.013247  -1.629738   607
 14  47   7.737264  -3.671423  -2.013328   607
 14  48   8.507630  -4.490125   0.046857   607
 14  49   1.504939  -5.797103  -2.125173   607
 14  50   0.976419  -4.510022  -1.954613   607
 14  51  -0.377137  -4.376599  -1.646256   607
 14  52  -1.220629  -5.499410  -1.643029   607
 14  53  -0.643269  -6.767397  -1.770580   607
 14  54   1.602760  -3.634437  -1.975809   607
 14  55  -0.724718  -3.358191  -1.585128   607
 14  56  -1.288204  -7.627983  -1.669826   607
 14  57   0.717225  -6.954731  -2.072178   607
 14  58   1.158327  -8.289882  -2.122128   607
 14  59   2.318181  -8.562323  -2.423148   607
 14  60   0.320524  -9.159507  -2.309851   607
 14  61  -2.588615  -5.352093  -1.357007   607
 14  62  -3.273791  -6.349771  -1.154337   607
 14  63  -3.149743  -4.144790  -1.241874   607
 14  64  -2.548655  -3.330629  -1.253621   607
 14  65  -4.555886  -3.961457  -0.940134   607
 14  66  -5.244250  -4.803482  -0.898279   607
 14  67  -4.910127  -3.219312  -1.655560   607
 14  68  -4.655375  -3.376619   0.468647   607
 14  69  -5.398270  -2.576320   0.394289   607
 14  70  -3.735429  -2.985713   0.896541   607
 14  71  -5.214975  -4.327332   1.523917   607
 14  72  -4.499138  -5.140816   1.683681   607
 14  73  -6.213596  -4.688986   1.277006   607
 14  74  -5.250497  -3.624611   2.875145   607
 14  75  -6.204163  -3.899467   3.333816   607
 14  76  -5.304196  -2.538220   2.851361   607
 14  77  -4.140597  -4.057459   3.832048   607
 14  78  -4.342763  -5.090040   4.103901   607
 14  79  -4.200261  -3.420879   4.709947   607
 14  80  -2.798972  -3.937438   3.308465   607
 14  81  -1.910385  -5.001541   3.348451   607
 14  82  -2.226748  -6.082592   2.862404   607
 14  83  -0.494943  -4.489736   3.092554   607
 14  84   0.127512  -4.763516   3.939487   607
 14  85  -0.239080  -4.918499   2.132087   607
 14  86  -0.656037  -2.984595   2.879254   607
 14  87  -0.191625  -2.455890   3.705142   607
 14  88  -2.120875  -2.730947   3.195500   607
 14  89  -2.617204  -1.611464   3.357416   607
 15   7   1.444333   0.000000  -0.000000  1559
 15   8   1.880383  -0.248691   0.876876  1559
 15   9   0.000000   0.000000   0.000000  1559
 15  10  -0.303393  -0.364299  -0.982924  1559
 15  11  -0.568359  -0.900348   1.092995  1559
 15  12  -0.257904  -1.936355   0.921799  1559
 15  13  -1.642279  -0.882124   0.941794  1559
 15  14  -0.412022  -0.356662   2.806053  1559
 15  15  -0.608724   1.397983   0.000000  1559
 15  16  -1.811562   1.532751   0.232202  1559
 15  17  -1.156031   4.706565   4.821166  1559
 15  18  -1.275324   6.028457   5.284812  1559
 15  19  -2.230160   3.847795   5.083579  1559
 15  20  -2.485224   6.563876   5.754354  1559
 15  21  -3.352060   4.234689   5.818257  1559
 15  22  -3.458198   5.617388   6.107177  1559
 15  23  -2.101242   2.517002   4.670214  1559
 15  24  -3.033713   1.574203   5.137256  1559
 15  25  -1.411652   2.236433   3.891916  1559
 15  26  -3.038145   0.567826   4.743190  1559
 15  27  -4.046428   1.930384   6.028569  1559
 15  28  -4.896993   0.946281   6.367215  1559
 15  29  -4.594224   0.011865   6.114040  1559
 15  30  -5.716402   1.138134   6.915998  1559
 15  31  -4.177630   3.272771   6.412603  1559
 15  32  -5.345158   3.652175   7.274017  1559
 15  33  -5.091822   4.962570   7.966608  1559
 15  34  -6.660713   3.976849   6.628647  1559
 15  35  -5.653326   2.736291   8.425838  1559
 15  36  -0.152593   6.865904   5.265880  1559
 15  37  -0.251116   8.229030   5.573744  1559
 15  38   0.843507   6.474230   5.115283  1559
 15  39   0.600212   8.893931   5.538431  1559
 15  40  -1.538213   8.775897   5.706076  1559
 15  41  -1.617143  10.102777   5.820802  1559
 15  42  -0.769971  10.647487   5.673525  1559
 15  43  -2.522543  10.539665   5.781058  1559
 15  44  -2.650352   7.947286   5.877684  1559
 15  45  -4.028912   8.448036   6.210287  1559
 15  46  -4.262723   9.923071   6.054715  1559
 15  47  -5.125128   7.906403   5.341756  1559
 15  48  -4.445712   8.149592   7.621463  1559
 15  49   0.067024   4.174729   4.413382  1559
 15  50   0.720128   3.262673   5.256595  1559
 15  51   1.988464   2.771083   4.956653  1559
 15  52   2.618235   3.112400   3.746987  1559
 15  53   1.862175   3.884062   2.852888  1559
 15  54   0.269818   2.904789   6.176401  1559
 15  55   2.563885   2.272918   5.730876  1559
 15  56   2.321279   4.079892   1.888795  1559
 15  57   0.615303   4.442580   3.160565  1559
 15  58  -0.017377   5.237277   2.177321  1559
 15  59  -1.056541   5.879085   2.286959  1559
 15  60   0.498084   5.356931   1.069629  1559
 15  61   3.885046   2.647615   3.348664  1559
 15  62   4.439280   2.986586   2.304191  1559
 15  63   4.605725   2.024499   4.283784  1559
 15  64   4.077040   1.777626   5.106977  1559
 15  65   5.983662   1.593079   4.128643  1559
 15  66   6.574731   1.863754   4.994191  1559
 15  67   6.394161   1.987277   3.199020  1559
 15  68   5.949805   0.060651   4.036910  1559
 15  69   5.486963  -0.413064   4.894857  1559
 15  70   6.972976  -0.308647   3.940779  1559
 15  71   5.275930  -0.388285   2.745961  1559
 15  72   5.964412  -0.082634   1.940376  1559
 15  73   4.393930   0.222528   2.623137  1559
 15  74   4.994277  -1.873889   2.548849  1559
 15  75   5.925917  -2.398637   2.371126  1559
 15  76   4.580106  -2.184491   1.602598  1559
 15  77   4.299563  -2.605721   3.697848  1559
 15  78   4.992271  -2.619550   4.545295  1559
 15  79   4.212810  -3.661677   3.444016  1559
 15  80   2.930766  -2.206374   3.911192  1559
 15  81   2.436214  -2.008907   5.190341  1559
 15  82   3.143184  -1.888270   6.192112  1559
 15  83   1.038684  -1.426790   5.065649  1559
 15  84   0.299728  -1.885823   5.722486  1559
 15  85   1.243761  -0.390700   5.356961  1559
 15  86   0.681978  -1.568233   3.595392  1559
 15  87   0.073878  -2.476732   3.576834  1559
 15  88   2.009995  -1.863162   2.915107  1559
 15  89   2.000855  -2.582172   1.922463  1559
 16   7   1.449725   0.000000  -0.000000   956
 16   8   1.884842  -0.404945  -0.809438   956
 16   9   0.000000   0.000000   0.000000   956
 16  10  -0.321163  -0.478107  -0.925996   956
 16  11  -0.501336  -0.921530   1.109075   956
 16  12  -1.571195  -1.098799   1.157838   956
 16  13  -0.154650  -0.535195   2.068635   956
 16  14   0.228666  -2.570543   0.967122   956
 16  15  -0.685579   1.359919   0.000000   956
 16  16  -1.908294   1.444432   0.091236   956
 16  17  -5.148220  -1.758349   1.743743   956
 16  18  -4.620188  -1.340085   0.510520   956
 16  19  -6.108887  -0.994635   2.408319   956
 16  20  -5.023714  -0.124166  -0.058963   956
 16  21  -6.571251   0.219709   1.879280   956
 16  22  -5.973965   0.626120   0.662282   956
 16  23  -6.475509  -1.325498   3.719052   956
 16  24  -7.517776  -0.616452   4.346853   956
 16  25  -5.996658  -2.197396   4.132087   956
 16  26  -7.646627  -0.821714   5.400115   956
 16  27  -8.077331   0.496023   3.714482   956
 16  28  -8.860377   1.246186   4.510845   956
 16  29  -9.168366   0.735015   5.328676   956
 16  30  -9.297702   2.083868   4.154423   956
 16  31  -7.611381   0.932038   2.475699   956
 16  32  -8.058639   2.231724   1.870576   956
 16  33  -8.309651   2.110180   0.400297   956
 16  34  -9.170298   3.058295   2.461330   956
 16  35  -6.960291   3.254509   1.972790   956
 16  36  -3.601788  -2.075279  -0.096150   956
 16  37  -3.140941  -1.670884  -1.360896   956
 16  38  -3.172671  -2.944748   0.358367   956
 16  39  -2.316577  -2.206234  -1.806905   956
 16  40  -3.504734  -0.429274  -1.896302   956
 16  41  -2.797152  -0.108296  -2.980875   956
 16  42  -2.153235  -0.759766  -3.419466   956
 16  43  -3.182121   0.601576  -3.592494   956
 16  44  -4.461677   0.354481  -1.245305   956
 16  45  -4.898932   1.626044  -1.925991   956
 16  46  -6.218562   1.461835  -2.625857   956
 16  47  -5.246724   2.714390  -0.953035   956
 16  48  -4.003243   2.276423  -2.944154   956
 16  49  -4.595839  -2.876721   2.365447   956
 16  50  -3.314699  -2.788978   2.927213   956
 16  51  -2.840608  -3.866156   3.691300   956
 16  52  -3.564057  -5.031135   3.931182   956
 16  53  -4.811672  -5.102200   3.300148   956
 16  54  -2.720586  -1.890314   2.921525   956
 16  55  -1.846488  -3.707211   4.087990   956
 16  56  -5.431099  -5.981419   3.452738   956
 16  57  -5.336739  -4.058001   2.532320   956
 16  58  -6.552350  -4.263821   1.851124   956
 16  59  -6.964703  -3.603637   0.901007   956
 16  60  -7.295386  -5.198517   2.145639   956
 16  61  -3.034437  -6.030241   4.774149   956
 16  62  -3.705668  -7.049332   4.860765   956
 16  63  -1.908292  -5.847685   5.462747   956
 16  64  -1.428203  -4.965470   5.364714   956
 16  65  -1.125522  -6.929034   6.040289   956
 16  66  -1.537256  -7.885837   5.730447   956
 16  67  -1.319492  -6.842174   7.116503   956
 16  68   0.360416  -6.845038   5.688250   956
 16  69   0.362899  -6.968279   4.601553   956
 16  70   0.849750  -7.701353   6.141870   956
 16  71   1.080413  -5.566713   6.100548   956
 16  72   1.024885  -5.368883   7.172315   956
 16  73   0.655712  -4.628326   5.726845   956
 16  74   2.548694  -5.504195   5.697254   956
 16  75   2.969877  -6.371265   6.212033   956
 16  76   2.995881  -4.610109   6.130423   956
 16  77   2.883792  -5.580791   4.211072   956
 16  78   2.429293  -6.456944   3.772908   956
 16  79   3.948546  -5.766851   4.066573   956
 16  80   2.459366  -4.367027   3.544332   956
 16  81   3.354570  -3.325103   3.331960   956
 16  82   4.561973  -3.422630   3.136337   956
 16  83   2.607256  -2.401331   2.377043   956
 16  84   2.765699  -1.347132   2.606520   956
 16  85   2.999744  -2.585767   1.380632   956
 16  86   1.127733  -2.725344   2.538688   956
 16  87   0.698479  -1.969701   3.197204   956
 16  88   1.142081  -4.100544   3.186079   956
 16  89   0.339446  -4.964029   2.862551   956
 17   7   1.444231   0.000000   0.000000   762
 17   8   1.974616   0.813845   0.297733   762
 17   9   0.000000   0.000000   0.000000   762
 17  10  -0.315877  -0.543740  -0.892227   762
 17  11  -0.503450  -0.706174   1.256967   762
 17  12  -1.564294  -0.454406   1.321973   762
 17  13   0.055256  -0.251911   2.080431   762
 17  14  -0.357694  -2.510397   1.245738   762
 17  15  -0.475551   1.449811  -0.000000   762
 17  16  -0.432066   2.209964   0.957536   762
 17  17  -3.258067   0.818334   4.459163   762
 17  18  -3.311870   1.645347   3.322478   762
 17  19  -2.732667   1.389757   5.617537   762
 17  20  -2.898919   2.983784   3.407098   762
 17  21  -2.224921   2.692723   5.729666   762
 17  22  -2.323594   3.494878   4.584675   762
 17  23  -2.531520   0.550375   6.717665   762
 17  24  -1.896577   1.049989   7.860396   762
 17  25  -2.864636  -0.482941   6.769531   762
 17  26  -1.692245   0.381124   8.685905   762
 17  27  -1.353244   2.337385   7.935229   762
 17  28  -0.891823   2.695796   9.137575   762
 17  29  -0.664364   1.947195   9.787848   762
 17  30  -0.388303   3.564702   9.198986   762
 17  31  -1.508832   3.180191   6.831569   762
 17  32  -0.831586   4.523170   6.847423   762
 17  33  -1.700496   5.742631   6.844399   762
 17  34   0.302098   4.612164   7.825094   762
 17  35   0.118398   4.423269   5.698884   762
 17  36  -3.683209   1.151495   2.074954   762
 17  37  -3.710491   1.987347   0.949160   762
 17  38  -3.925276   0.118659   1.886385   762
 17  39  -4.075947   1.627233  -0.008055   762
 17  40  -3.359650   3.332516   1.060183   762
 17  41  -3.520360   4.046728  -0.064392   762
 17  42  -4.147753   3.648566  -0.756957   762
 17  43  -3.207810   5.009223  -0.082182   762
 17  44  -2.902173   3.823721   2.283757   762
 17  45  -2.325605   5.209892   2.316890   762
 17  46  -1.945958   5.835863   3.629799   762
 17  47  -0.996939   5.155434   1.623363   762
 17  48  -3.119111   6.220677   1.555930   762
 17  49  -3.696015  -0.493123   4.248260   762
 17  50  -2.673876  -1.444438   4.138079   762
 17  51  -2.989269  -2.803019   4.272951   762
 17  52  -4.309348  -3.257878   4.385599   762
 17  53  -5.265569  -2.236527   4.507991   762
 17  54  -1.670435  -1.073640   3.964826   762
 17  55  -2.162528  -3.482101   4.114688   762
 17  56  -6.289506  -2.565420   4.485989   762
 17  57  -5.024057  -0.855758   4.489090   762
 17  58  -6.098679   0.018191   4.753093   762
 17  59  -5.879257   1.231693   4.740051   762
 17  60  -7.244689  -0.395574   4.885994   762
 17  61  -4.712539  -4.601735   4.336690   762
 17  62  -5.912485  -4.828753   4.238256   762
 17  63  -3.818147  -5.585569   4.472114   762
 17  64  -2.848704  -5.384634   4.629606   762
 17  65  -4.086732  -6.976112   4.160904   762
 17  66  -5.142660  -7.216866   4.264634   762
 17  67  -3.529064  -7.609714   4.850367   762
 17  68  -3.576704  -7.244668   2.751418   762
 17  69  -4.204375  -6.667414   2.066945   762
 17  70  -3.639434  -8.317383   2.544173   762
 17  71  -2.123750  -6.916936   2.445942   762
 17  72  -1.471360  -7.531744   3.073156   762
 17  73  -1.951274  -5.871405   2.683465   762
 17  74  -1.757604  -7.280280   1.013804   762
 17  75  -1.984019  -8.326261   0.816161   762
 17  76  -0.671212  -7.163481   0.899736   762
 17  77  -2.413182  -6.582850  -0.168444   762
 17  78  -3.473677  -6.824689  -0.181241   762
 17  79  -2.011307  -6.928819  -1.123276   762
 17  80  -2.319636  -5.161918   0.094422   762
 17  81  -3.341706  -4.411643   0.661313   762
 17  82  -4.517765  -4.733459   0.609167   762
 17  83  -2.956589  -2.946663   0.481524   762
 17  84  -3.594162  -2.503293  -0.290567   762
 17  85  -3.139385  -2.435860   1.421080   762
 17  86  -1.543378  -2.924698  -0.066704   762
 17  87  -1.321463  -2.398880  -0.996853   762
 17  88  -1.337040  -4.376867  -0.483503   762
 17  89  -0.240676  -4.898403  -0.691565   762
 18   7   1.445444  -0.000000  -0.000000   505
 18   8   1.994136  -0.502851   0.684598   505
 18   9   0.000000   0.000000   0.000000   505
 18  10  -0.368609  -0.478391  -0.907839   505
 18  11  -0.504619  -0.881960   1.132612   505
 18  12  -0.270152  -0.413880   2.090436   505
 18  13   0.152278  -1.747264   1.088569   505
 18  14  -2.289608  -1.180485   1.016045   505
 18  15  -0.670241   1.368676  -0.000000   505
 18  16  -0.283927   2.256783   0.755793   505
 18  17  -2.306427  -3.027221  -3.129010   505
 18  18  -2.689775  -2.993421  -4.476899   505
 18  19  -0.953345  -3.113948  -2.802596   505
 18  20  -1.733874  -2.975166  -5.504821   505
 18  21   0.056172  -2.910158  -3.758393   505
 18  22  -0.389925  -2.929737  -5.095636   505
 18  23  -0.546062  -3.507116  -1.518604   505
 18  24   0.818367  -3.380785  -1.221827   505
 18  25  -1.250760  -3.686279  -0.727969   505
 18  26   1.061062  -3.611763  -0.198039   505
 18  27   1.806091  -3.003841  -2.142379   505
 18  28   3.076154  -3.099001  -1.746419   505
 18  29   3.334278  -3.530582  -0.876642   505
 18  30   3.809701  -3.060019  -2.440530   505
 18  31   1.419907  -2.789355  -3.474617   505
 18  32   2.435442  -2.375483  -4.496965   505
 18  33   2.313125  -3.116993  -5.798389   505
 18  34   2.446859  -0.941652  -4.914813   505
 18  35   3.878464  -2.664829  -4.243056   505
 18  36  -4.052197  -2.932747  -4.791739   505
 18  37  -4.425098  -3.051211  -6.136995   505
 18  38  -4.805321  -3.038236  -4.029851   505
 18  39  -5.445892  -3.175701  -6.437458   505
 18  40  -3.465809  -2.951875  -7.161104   505
 18  41  -3.865066  -3.065053  -8.437969   505
 18  42  -4.810381  -3.347586  -8.644487   505
 18  43  -3.225956  -2.992529  -9.210546   505
 18  44  -2.103798  -2.945680  -6.851590   505
 18  45  -1.032019  -2.802141  -7.892783   505
 18  46  -0.297917  -1.540610  -7.545035   505
 18  47  -0.096387  -3.968305  -7.792988   505
 18  48  -1.365208  -2.759780  -9.362370   505
 18  49  -3.350813  -3.066962  -2.194944   505
 18  50  -3.592676  -4.271197  -1.523958   505
 18  51  -4.584134  -4.364880  -0.539006   505
 18  52  -5.428790  -3.279762  -0.255324   505
 18  53  -5.192116  -2.100790  -0.961449   505
 18  54  -2.984833  -5.154167  -1.673273   505
 18  55  -4.586554  -5.258971   0.064313   505
 18  56  -5.935213  -1.316132  -0.909306   505
 18  57  -4.125735  -1.959018  -1.855442   505
 18  58  -3.947658  -0.650926  -2.344097   505
 18  59  -2.912677  -0.369713  -2.949524   505
 18  60  -4.769758   0.265355  -2.266774   505
 18  61  -6.518767  -3.309535   0.638469   505
 18  62  -7.264007  -2.338664   0.719263   505
 18  63  -6.625237  -4.288409   1.537230   505
 18  64  -5.941291  -5.036497   1.441918   505
 18  65  -7.680691  -4.468811   2.508607   505
 18  66  -7.813867  -5.506210   2.787480   505
 18  67  -8.619020  -4.027811   2.147977   505
 18  68  -7.339546  -3.625109   3.724169   505
 18  69  -8.208832  -3.726691   4.375186   505
 18  70  -7.274861  -2.577195   3.413699   505
 18  71  -5.987294  -3.831920   4.401693   505
 18  72  -5.217910  -3.677484   3.633515   505
 18  73  -5.951594  -4.851427   4.779361   505
 18  74  -5.789982  -2.926556   5.614079   505
 18  75  -5.010633  -3.351451   6.245570   505
 18  76  -6.666323  -2.911769   6.262162   505
 18  77  -5.522728  -1.474476   5.236401   505
 18  78  -5.483361  -0.924318   6.169718   505
 18  79  -6.408897  -1.071861   4.727765   505
 18  80  -4.337627  -1.238767   4.442315   505
 18  81  -3.045629  -1.380031   4.933635   505
 18  82  -2.704902  -1.405257   6.110906   505
 18  83  -2.073197  -1.155823   3.786506   505
 18  84  -1.388697  -0.375302   4.125988   505
 18  85  -1.562349  -2.103096   3.569687   505
 18  86  -2.884855  -0.598505   2.623491   505
 18  87  -2.742062   0.485102   2.586014   505
 18  88  -4.299094  -0.786561   3.132572   505
 18  89  -5.279421  -0.544326   2.420193   505
 19   7   1.443400  -0.000000   0.000000   545
 19   8   1.889707   0.364288   0.821464   545
 19   9   0.000000   0.000000   0.000000   545
 19  10  -0.358251  -0.383068  -0.954104   545
 19  11  -0.473604  -0.814198   1.204649   545
 19  12  -0.232020  -1.847359   0.970736   545
 19  13  -1.560413  -0.744793   1.215931   545
 19  14   0.169045  -0.523569   2.868031   545
 19  15  -0.529376   1.431733  -0.000000   545
 19  16   0.134196   2.310096   0.559690   545
 19  17   0.723566   6.758757  -1.454324   545
 19  18   1.794858   5.902256  -1.743697   545
 19  19   0.851250   8.151190  -1.443042   545
 19  20   2.909656   6.504496  -2.339624   545
 19  21   2.027085   8.737235  -1.918504   545
 19  22   3.017110   7.902648  -2.477537   545
 19  23  -0.201960   8.983158  -1.042442   545
 19  24   0.043848  10.339643  -0.811950   545
 19  25  -1.187412   8.651060  -0.772079   545
 19  26  -0.771312  10.997079  -0.559577   545
 19  27   1.257234  10.904368  -1.226292   545
 19  28   1.396765  12.210873  -0.954483   545
 19  29   0.740189  12.691216  -0.370463   545
 19  30   2.262707  12.626599  -1.285867   545
 19  31   2.241163  10.122848  -1.848151   545
 19  32   3.564150  10.671315  -2.302776   545
 19  33   3.488772  12.132618  -2.643382   545
 19  34   4.656018  10.621382  -1.273052   545
 19  35   3.963210  10.090936  -3.633910   545
 19  36   1.758971   4.511494  -1.555551   545
 19  37   2.840724   3.755665  -2.006032   545
 19  38   0.991962   4.016893  -0.985229   545
 19  39   2.829016   2.685635  -1.851765   545
 19  40   3.892823   4.331789  -2.719801   545
 19  41   4.835461   3.487645  -3.158158   545
 19  42   4.640019   2.504947  -3.007800   545
 19  43   5.559932   3.801193  -3.778585   545
 19  44   3.967785   5.725683  -2.832693   545
 19  45   5.159069   6.388472  -3.470854   545
 19  46   6.169810   5.566994  -4.224562   545
 19  47   4.763060   7.292873  -4.610431   545
 19  48   6.005821   7.313191  -2.657398   545
 19  49  -0.438967   6.134048  -0.984160   545
 19  50  -0.619791   6.179709   0.399430   545
 19  51  -1.776782   5.656788   0.990044   545
 19  52  -2.732512   4.968993   0.231283   545
 19  53  -2.439315   4.844814  -1.127656   545
 19  54   0.059439   6.677267   1.078462   545
 19  55  -1.867125   5.834806   2.050066   545
 19  56  -3.193368   4.404454  -1.770219   545
 19  57  -1.362065   5.468374  -1.784703   545
 19  58  -1.356523   5.437735  -3.189526   545
 19  59  -0.527369   6.134468  -3.776612   545
 19  60  -2.205144   4.885930  -3.897941   545
 19  61  -3.918393   4.486725   0.811287   545
 19  62  -4.749625   3.917671   0.102535   545
 19  63  -4.210760   4.868939   2.063380   545
 19  64  -3.550236   5.396667   2.607356   545
 19  65  -5.491694   4.654725   2.713470   545
 19  66  -6.290573   4.524666   1.977618   545
 19  67  -5.683465   5.462193   3.417258   545
 19  68  -5.419226   3.400626   3.573170   545
 19  69  -5.199535   2.502901   2.994180   545
 19  70  -6.410774   3.175862   3.969795   545
 19  71  -4.426915   3.619175   4.715166   545
 19  72  -4.527581   4.628799   5.116076   545
 19  73  -3.441463   3.746138   4.261993   545
 19  74  -4.439109   2.542261   5.786849   545
 19  75  -5.431973   2.535556   6.230893   545
 19  76  -3.773111   2.925966   6.565193   545
 19  77  -3.965572   1.161332   5.351304   545
 19  78  -4.533813   0.901568   4.461234   545
 19  79  -4.068108   0.410579   6.137405   545
 19  80  -2.592077   1.238579   4.913985   545
 19  81  -1.534781   1.260516   5.823130   545
 19  82  -1.678540   1.404954   7.031878   545
 19  83  -0.242762   1.041734   5.057742   545
 19  84   0.370443   1.923475   5.220882   545
 19  85   0.260288   0.133328   5.400433   545
 19  86  -0.641334   0.935434   3.586845   545
 19  87  -0.356868   1.819250   3.003711   545
 19  88  -2.161219   0.950317   3.625938   545
 19  89  -2.823614   1.085288   2.600894   545
