  1   7   1.446305   0.000000   0.000000 10994
  1   8   1.942189  -0.481168   0.740120 10994
  1   9   0.000000   0.000000   0.000000 10994
  1  10  -0.273663  -0.392433  -0.976220 10994
  1  11  -0.355251  -0.993272   1.099867 10994
  1  12  -1.443056  -1.058861   1.108604 10994
  1  13   0.023575  -0.718594   2.084722 10994
  1  14   0.267300  -2.672234   0.813467 10994
  1  15  -0.710915   1.351443  -0.000000 10994
  1  16  -1.749285   1.531996  -0.618296 10994
  1  17   2.692031  -3.663266  -2.810045 10994
  1  18   3.911552  -3.010057  -3.033845 10994
  1  19   1.488136  -2.965544  -2.895014 10994
  1  20   3.879955  -1.735984  -3.607118 10994
  1  21   1.525335  -1.701528  -3.505247 10994
  1  22   2.693760  -1.033686  -3.914722 10994
  1  23   0.228168  -3.462809  -2.553544 10994
  1  24  -0.979530  -2.790396  -2.798341 10994
  1  25  -0.987965  -1.525228  -3.404541 10994
  1  26   0.306505  -1.009886  -3.583893 10994
  1  27   0.444513   0.030270  -3.807571 10994
  1  28   0.110211  -4.420643  -2.076843 10994
  1  29  -2.111103  -0.843629  -3.662191 10994
  1  30  -2.118224   0.537588  -4.137889 10994
  1  31  -3.094367   1.012817  -4.136109 10994
  1  32  -1.509224   1.130841  -3.441706 10994
  1  33  -1.642390   0.645974  -5.108010 10994
  1  34   5.143381  -3.550718  -2.652816 10994
  1  35   6.332895  -2.841816  -2.909748 10994
  1  36   6.308488  -1.541467  -3.409144 10994
  1  37   5.053981  -0.986690  -3.703649 10994
  1  38   4.868405   0.028279  -4.035769 10994
  1  39   5.170622  -4.611239  -2.437979 10994
  1  40   7.434183  -0.808642  -3.477516 10994
  1  41   7.364074   0.642220  -3.718732 10994
  1  42   8.284626   1.182261  -3.523951 10994
  1  43   6.920737   0.828408  -4.697449 10994
  1  44   6.715940   1.043148  -2.934654 10994
  1  45   8.767926  -1.376052  -3.324298 10994
  1  46   8.757624  -2.835398  -2.949060 10994
  1  47   7.553660  -3.447494  -2.585732 10994
  1  48   9.670986  -1.262027  -4.545110 10994
  1  49   9.531320  -0.626626  -2.239820 10994
  1  50   9.708668  -3.254496  -2.655679 10994
  1  51   9.940362  -0.225283  -4.793897 10994
  1  52   9.138734  -1.712055  -5.380923 10994
  1  53  10.555446  -1.886563  -4.400936 10994
  1  54   8.965257  -0.676291  -1.315642 10994
  1  55   9.727890   0.416737  -2.496058 10994
  1  56  10.476693  -1.140608  -2.082693 10994
  1  57  -3.435304  -1.406429  -3.408922 10994
  1  58  -3.366923  -2.864490  -3.036386 10994
  1  59  -2.184946  -3.483247  -2.626788 10994
  1  60  -4.060207  -0.672438  -2.233910 10994
  1  61  -4.278003  -1.348630  -4.679401 10994
  1  62  -4.243639  -3.491427  -2.958169 10994
  1  63  -5.053013  -1.086587  -2.067125 10994
  1  64  -4.165785   0.394748  -2.469212 10994
  1  65  -3.579120  -0.901960  -1.286770 10994
  1  66  -3.744506  -1.458979  -5.628772 10994
  1  67  -4.763792  -0.386662  -4.822675 10994
  1  68  -5.085440  -2.078085  -4.631023 10994
  1  69  -2.270959  -4.899176  -2.103959 10994
  1  70  -1.914327  -6.339610  -3.136947 10994
  1  71  -2.199675  -7.663790  -2.490636 10994
  1  72  -0.575951  -6.161155  -3.789560 10994
  1  73  -2.940320  -6.436760  -4.230245 10994
  1  74  -1.596897  -5.135884  -1.277273 10994
  1  75  -3.322120  -5.012820  -1.865117 10994
  1  76   7.691389  -4.763780  -1.865646 10994
  1  77   7.919695  -6.207787  -2.936309 10994
  1  78   6.778719  -6.377484  -3.896506 10994
  1  79   8.079067  -7.496928  -2.202266 10994
  1  80   9.187478  -6.140539  -3.736063 10994
  1  81   6.829468  -4.988246  -1.238981 10994
  1  82   8.554832  -4.599041  -1.217780 10994
  1  83   2.656976  -4.863183  -2.069863 10994
  1  84   2.803763  -4.781305  -0.679809 10994
  1  85   2.727430  -5.936118   0.101138 10994
  1  86   2.617218  -7.180531  -0.517567 10994
  1  87   2.561699  -7.264713  -1.915683 10994
  1  88   2.828239  -3.827657  -0.179452 10994
  1  89   2.737110  -5.831872   1.173071 10994
  1  90   2.409034  -8.224672  -2.376954 10994
  1  91   2.632500  -6.109852  -2.709646 10994
  1  92   2.684356  -6.169147  -4.114883 10994
  1  93   2.740500  -5.156073  -4.810965 10994
  1  94   2.696594  -7.287654  -4.623796 10994
  1  95   2.425972  -8.361902   0.235284 10994
  1  96   2.005591  -9.361468  -0.342860 10994
  1  97   2.709177  -8.321252   1.544153 10994
  1  98   3.224904  -7.535030   1.873510 10994
  1  99   2.570062  -9.460848   2.428674 10994
  1 100   3.320181  -9.472562   3.208536 10994
  1 101   2.397278 -10.418887   1.937545 10994
  1 102   1.264114  -9.183527   3.169141 10994
  1 103   1.110206 -10.041878   3.830534 10994
  1 104   0.380416  -9.083141   2.538588 10994
  1 105   1.311753  -8.040477   4.175157 10994
  1 106   1.785306  -7.111430   3.862234 10994
  1 107   1.998400  -8.378451   4.950006 10994
  1 108  -0.043286  -7.681688   4.783137 10994
  1 109   0.035949  -7.200033   5.765497 10994
  1 110  -0.606030  -8.593277   4.949637 10994
  1 111  -0.905757  -6.897744   3.800450 10994
  1 112  -1.894900  -6.860594   4.251692 10994
  1 113  -0.893452  -7.517417   2.901586 10994
  1 114  -0.397913  -5.573581   3.489839 10994
  1 115  -0.469199  -4.525647   4.392366 10994
  1 116  -1.082969  -4.621867   5.459572 10994
  1 117  -0.337967  -3.265443   3.557761 10994
  1 118  -1.054482  -2.510457   3.888222 10994
  1 119   0.683602  -2.908975   3.609025 10994
  1 120  -0.518840  -3.666635   2.096449 10994
  1 121  -1.605264  -3.700417   2.012524 10994
  1 122  -0.141673  -5.143845   2.199386 10994
  1 123  -0.280025  -5.907811   1.248748 10994
  2   7   1.443226   0.000000   0.000000 22713
  2   8   1.928527  -0.337003   0.808587 22713
  2   9   0.000000   0.000000   0.000000 22713
  2  10  -0.391969  -0.436411  -0.926987 22713
  2  11  -0.446223  -0.787124   1.235848 22713
  2  12  -1.535864  -0.783786   1.186170 22713
  2  13  -0.240918  -0.248463   2.163638 22713
  2  14   0.185003  -2.469553   1.434568 22713
  2  15  -0.540596   1.420899   0.000000 22713
  2  16  -1.628091   1.718109  -0.483654 22713
  2  17   1.681444  -3.168428  -2.937942 22713
  2  18   2.770255  -2.400743  -3.379812 22713
  2  19   0.401532  -2.607598  -3.014068 22713
  2  20   2.532524  -1.178922  -4.015454 22713
  2  21   0.173986  -1.375992  -3.649024 22713
  2  22   1.232448  -0.743999  -4.328099 22713
  2  23  -0.609397  -3.164501  -2.217086 22713
  2  24  -1.858474  -2.545629  -2.267123 22713
  2  25  -2.148866  -1.386072  -2.981825 22713
  2  26  -1.079041  -0.747220  -3.635923 22713
  2  27  -1.013079   0.209257  -4.120690 22713
  2  28  -0.444696  -4.098249  -1.691362 22713
  2  29  -3.337455  -0.771492  -2.994144 22713
  2  30  -3.532020   0.277714  -3.994399 22713
  2  31  -3.076097  -0.080743  -4.920164 22713
  2  32  -4.588888   0.451591  -4.193886 22713
  2  33  -3.032306   1.196246  -3.673176 22713
  2  34   4.080514  -2.914135  -3.410589 22713
  2  35   5.147845  -2.198536  -3.956504 22713
  2  36   4.945312  -0.882533  -4.417819 22713
  2  37   3.622580  -0.449610  -4.511415 22713
  2  38   3.328378   0.490607  -4.955978 22713
  2  39   4.262191  -3.931509  -3.109850 22713
  2  40   5.867690  -0.133686  -5.035031 22713
  2  41   5.598293   1.237815  -5.441125 22713
  2  42   6.486303   1.779057  -5.793532 22713
  2  43   4.821145   1.323306  -6.200026 22713
  2  44   5.312267   1.800116  -4.552527 22713
  2  45   7.231441  -0.628134  -5.255493 22713
  2  46   7.470767  -2.018398  -4.718464 22713
  2  47   6.438704  -2.716356  -4.073328 22713
  2  48   7.752773  -0.498479  -6.681326 22713
  2  49   8.206548   0.253938  -4.475934 22713
  2  50   8.389058  -2.503986  -5.010945 22713
  2  51   7.454345   0.464061  -7.090057 22713
  2  52   7.262968  -1.154252  -7.399487 22713
  2  53   8.823293  -0.683066  -6.677285 22713
  2  54   9.244779  -0.055540  -4.543026 22713
  2  55   7.836267   0.128405  -3.456261 22713
  2  56   8.236342   1.312640  -4.716074 22713
  2  57  -4.538236  -1.265222  -2.320307 22713
  2  58  -4.200312  -2.472989  -1.477871 22713
  2  59  -2.917629  -3.040789  -1.489173 22713
  2  60  -5.006217  -0.160279  -1.369783 22713
  2  61  -5.701465  -1.741987  -3.173594 22713
  2  62  -4.970739  -2.996665  -0.935554 22713
  2  63  -5.925547  -0.435305  -0.852006 22713
  2  64  -5.238544   0.707484  -1.990760 22713
  2  65  -4.259626   0.135876  -0.645701 22713
  2  66  -5.329173  -2.314259  -4.034642 22713
  2  67  -6.257581  -0.881428  -3.549194 22713
  2  68  -6.380567  -2.335218  -2.557640 22713
  2  69  -2.744821  -4.252966  -0.610441 22713
  2  70  -3.089743  -5.816808  -1.457512 22713
  2  71  -3.004238  -6.916518  -0.449827 22713
  2  72  -2.144983  -6.087108  -2.589841 22713
  2  73  -4.460838  -5.838773  -2.068834 22713
  2  74  -1.772694  -4.215011  -0.134285 22713
  2  75  -3.492729  -4.204487   0.180938 22713
  2  76   6.768522  -4.097803  -3.547861 22713
  2  77   6.393668  -5.346341  -4.804181 22713
  2  78   5.136831  -5.037269  -5.566371 22713
  2  79   6.327083  -6.735738  -4.256332 22713
  2  80   7.431552  -5.420606  -5.888563 22713
  2  81   6.159886  -4.332604  -2.678014 22713
  2  82   7.826499  -4.115866  -3.255528 22713
  2  83   1.919869  -4.233323  -2.073446 22713
  2  84   2.397827  -3.952811  -0.782450 22713
  2  85   2.674568  -4.978355   0.117870 22713
  2  86   2.347800  -6.287839  -0.254781 22713
  2  87   2.016389  -6.564538  -1.589474 22713
  2  88   2.496423  -2.907204  -0.545836 22713
  2  89   2.952626  -4.715339   1.128269 22713
  2  90   1.787182  -7.595089  -1.850873 22713
  2  91   1.821479  -5.549664  -2.532101 22713
  2  92   1.533513  -5.923143  -3.859991 22713
  2  93   1.443160  -5.110732  -4.778590 22713
  2  94   1.300148  -7.090118  -4.154111 22713
  2  95   2.417506  -7.354007   0.654795 22713
  2  96   2.003504  -8.463169   0.322889 22713
  2  97   2.812801  -7.148857   1.916007 22713
  2  98   3.222716  -6.252666   2.140085 22713
  2  99   2.804487  -8.143366   2.961515 22713
  2 100   3.698595  -8.033751   3.573606 22713
  2 101   2.751690  -9.092160   2.413245 22713
  2 102   1.582502  -7.914636   3.847029 22713
  2 103   1.382187  -8.782037   4.472561 22713
  2 104   0.744171  -7.811321   3.159114 22713
  2 105   1.649712  -6.643515   4.684608 22713
  2 106   1.797644  -5.809700   4.004046 22713
  2 107   2.540840  -6.796561   5.298096 22713
  2 108   0.481287  -6.548538   5.662545 22713
  2 109   0.739458  -5.807342   6.414594 22713
  2 110   0.259216  -7.496704   6.160003 22713
  2 111  -0.831675  -6.116827   5.004324 22713
  2 112  -1.660998  -6.058784   5.702003 22713
  2 113  -1.033514  -6.875439   4.247445 22713
  2 114  -0.679933  -4.811013   4.384628 22713
  2 115  -0.599142  -3.638463   5.114971 22713
  2 116  -1.181312  -3.516510   6.187122 22713
  2 117  -0.684923  -2.526332   4.079979 22713
  2 118  -1.402206  -1.750176   4.385408 22713
  2 119   0.263022  -1.999584   4.064615 22713
  2 120  -0.901521  -3.154449   2.701446 22713
  2 121  -1.960121  -3.076103   2.432885 22713
  2 122  -0.785738  -4.635489   3.015323 22713
  2 123  -0.165736  -5.380250   2.249078 22713
  3   7   1.446720   0.000000  -0.000000 20001
  3   8   1.957048  -0.302002   0.820280 20001
  3   9   0.000000   0.000000   0.000000 20001
  3  10  -0.391989  -0.601609  -0.810995 20001
  3  11  -0.527192  -0.840195   1.171428 20001
  3  12  -1.605355  -0.821968   1.026745 20001
  3  13  -0.325356  -0.322083   2.106800 20001
  3  14   0.035598  -2.546416   1.391366 20001
  3  15  -0.600255   1.400570   0.000000 20001
  3  16  -1.803805   1.605530  -0.147507 20001
  3  17   1.973431  -4.218741  -1.639269 20001
  3  18   3.220942  -3.829810  -2.132978 20001
  3  19   0.813219  -3.555382  -2.047151 20001
  3  20   3.294418  -2.774165  -3.048628 20001
  3  21   0.891811  -2.410153  -2.861074 20001
  3  22   2.136834  -2.060273  -3.418570 20001
  3  23  -0.427448  -3.951734  -1.533488 20001
  3  24  -1.558143  -3.150993  -1.709953 20001
  3  25  -1.461305  -1.973309  -2.462935 20001
  3  26  -0.250843  -1.615035  -3.055576 20001
  3  27  -0.059998  -0.683233  -3.561363 20001
  3  28  -0.530025  -4.720331  -0.776760 20001
  3  29  -2.532693  -1.180993  -2.642825 20001
  3  30  -2.496750   0.037066  -3.440096 20001
  3  31  -1.665285   0.632675  -3.062719 20001
  3  32  -2.181901  -0.181923  -4.456469 20001
  3  33  -3.359253   0.668436  -3.636208 20001
  3  34   4.420621  -4.502098  -1.837178 20001
  3  35   5.632464  -4.112817  -2.423773 20001
  3  36   5.683131  -3.136919  -3.421399 20001
  3  37   4.513174  -2.386563  -3.628194 20001
  3  38   4.415020  -1.595896  -4.352979 20001
  3  39   4.472117  -5.224939  -1.036086 20001
  3  40   6.793918  -2.828647  -4.098686 20001
  3  41   6.839884  -1.831345  -5.171941 20001
  3  42   7.805585  -1.802807  -5.687989 20001
  3  43   6.007449  -2.026245  -5.851033 20001
  3  44   6.700671  -0.864924  -4.704657 20001
  3  45   8.096243  -3.295151  -3.641278 20001
  3  46   8.046268  -4.297458  -2.508368 20001
  3  47   6.812375  -4.783511  -2.065470 20001
  3  48   8.936489  -3.938490  -4.735036 20001
  3  49   8.885753  -2.102776  -3.122808 20001
  3  50   8.988884  -4.779827  -2.284320 20001
  3  51   9.866247  -4.344402  -4.337815 20001
  3  52   9.231362  -3.232778  -5.510935 20001
  3  53   8.332434  -4.716164  -5.223031 20001
  3  54   9.764015  -2.511122  -2.618619 20001
  3  55   8.335196  -1.567045  -2.353858 20001
  3  56   9.181939  -1.371794  -3.879737 20001
  3  57  -3.841308  -1.470233  -2.050991 20001
  3  58  -3.868680  -2.716177  -1.211900 20001
  3  59  -2.744274  -3.543748  -1.078338 20001
  3  60  -4.362211  -0.392010  -1.110514 20001
  3  61  -4.949401  -1.609275  -3.085881 20001
  3  62  -4.785719  -3.046942  -0.744744 20001
  3  63  -3.744952  -0.303540  -0.216779 20001
  3  64  -5.309318  -0.672830  -0.644545 20001
  3  65  -4.370714   0.592871  -1.578311 20001
  3  66  -5.811006  -2.175245  -2.715184 20001
  3  67  -4.435064  -2.190586  -3.844324 20001
  3  68  -5.212064  -0.601517  -3.397861 20001
  3  69  -3.036451  -4.896612  -0.473865 20001
  3  70  -3.599725  -6.197375  -1.596379 20001
  3  71  -2.587435  -6.468385  -2.670821 20001
  3  72  -4.868526  -5.737921  -2.273392 20001
  3  73  -3.912846  -7.409348  -0.766937 20001
  3  74  -2.151692  -5.260906   0.034457 20001
  3  75  -3.863633  -4.859214   0.234707 20001
  3  76   6.886682  -5.823872  -0.964277 20001
  3  77   6.755558  -5.341004   0.773838 20001
  3  78   7.911413  -4.463570   1.169826 20001
  3  79   6.577362  -6.534134   1.674274 20001
  3  80   5.542469  -4.568933   1.226412 20001
  3  81   7.866830  -6.308290  -1.019490 20001
  3  82   6.048304  -6.501625  -1.084157 20001
  3  83   1.800903  -5.276355  -0.740498 20001
  3  84   2.266577  -5.045147   0.564028 20001
  3  85   2.029767  -6.019356   1.545933 20001
  3  86   1.517781  -7.272934   1.195198 20001
  3  87   1.239013  -7.522854  -0.155332 20001
  3  88   2.706952  -4.130920   0.918374 20001
  3  89   2.401089  -5.804238   2.541043 20001
  3  90   0.974553  -8.545040  -0.409684 20001
  3  91   1.374906  -6.541629  -1.150136 20001
  3  92   1.115975  -6.867587  -2.495650 20001
  3  93   1.301843  -6.086783  -3.416735 20001
  3  94   0.699793  -7.984499  -2.808372 20001
  3  95   1.202172  -8.214155   2.191335 20001
  3  96   0.700347  -9.290661   1.872893 20001
  3  97   1.189938  -7.874610   3.479535 20001
  3  98   1.645657  -6.997789   3.724495 20001
  3  99   0.590720  -8.691338   4.513989 20001
  3 100   1.177219  -8.686876   5.432140 20001
  3 101   0.348863  -9.727541   4.276743 20001
  3 102  -0.749276  -8.088469   4.937142 20001
  3 103  -1.191034  -8.895189   5.520370 20001
  3 104  -1.295754  -7.902847   4.010802 20001
  3 105  -0.424543  -6.852169   5.766667 20001
  3 106   0.370565  -6.218878   5.363623 20001
  3 107  -0.045063  -7.246091   6.707902 20001
  3 108  -1.743871  -6.179894   6.143388 20001
  3 109  -1.552888  -5.579183   7.038023 20001
  3 110  -2.382970  -7.003932   6.447050 20001
  3 111  -2.461564  -5.510451   4.974558 20001
  3 112  -3.321786  -4.944719   5.329615 20001
  3 113  -2.893645  -6.231342   4.288321 20001
  3 114  -1.607979  -4.477037   4.424607 20001
  3 115  -1.296793  -3.290954   5.084738 20001
  3 116  -1.798271  -2.873563   6.118616 20001
  3 117  -0.935769  -2.280360   4.003597 20001
  3 118  -1.545218  -1.373747   4.008494 20001
  3 119   0.105896  -1.969869   3.992356 20001
  3 120  -1.131730  -3.032073   2.693663 20001
  3 121  -2.093493  -2.729697   2.288962 20001
  3 122  -1.277853  -4.498629   3.070446 20001
  3 123  -1.763918  -5.337546   2.323749 20001
  4   7   1.445302   0.000000  -0.000000 23290
  4   8   1.906521  -0.127683   0.898206 23290
  4   9   0.000000   0.000000   0.000000 23290
  4  10  -0.221477  -0.507239  -0.942898 23290
  4  11  -0.645954  -0.896707   1.053357 23290
  4  12  -1.729050  -0.917273   0.874242 23290
  4  13  -0.443158  -0.463912   2.029556 23290
  4  14  -0.053968  -2.600621   0.927555 23290
  4  15  -0.648446   1.367633   0.000000 23290
  4  16  -1.859610   1.570849   0.009084 23290
  4  17   0.678748  -2.667291  -3.675237 23290
  4  18   1.681305  -1.936537  -4.328976 23290
  4  19  -0.492980  -2.032544  -3.261891 23290
  4  20   1.370367  -0.654707  -4.778896 23290
  4  21  -0.850828  -0.785020  -3.793802 23290
  4  22   0.066833  -0.121207  -4.647820 23290
  4  23  -1.436588  -2.657769  -2.426248 23290
  4  24  -2.613296  -2.011345  -2.046650 23290
  4  25  -2.883136  -0.688092  -2.434966 23290
  4  26  -1.980417  -0.094832  -3.328971 23290
  4  27  -2.200234   0.894002  -3.701112 23290
  4  28  -1.209299  -3.644595  -2.060443 23290
  4  29  -3.966021  -0.000548  -2.057953 23290
  4  30  -4.249146   1.394351  -2.407664 23290
  4  31  -4.452979   1.364097  -3.478522 23290
  4  32  -5.096442   1.795903  -1.859170 23290
  4  33  -3.468063   2.131457  -2.294587 23290
  4  34   2.988575  -2.399606  -4.480683 23290
  4  35   3.989680  -1.601978  -5.051804 23290
  4  36   3.639718  -0.366801  -5.609893 23290
  4  37   2.293841   0.035260  -5.586202 23290
  4  38   1.995357   0.996447  -5.965186 23290
  4  39   3.359915  -3.359297  -4.141568 23290
  4  40   4.523131   0.356526  -6.296029 23290
  4  41   4.182510   1.678829  -6.831276 23290
  4  42   3.966017   2.395262  -6.038776 23290
  4  43   4.998672   2.239458  -7.285232 23290
  4  44   3.329402   1.656385  -7.513186 23290
  4  45   5.893086  -0.091153  -6.558340 23290
  4  46   6.241180  -1.383956  -5.862862 23290
  4  47   5.305043  -2.073712  -5.086209 23290
  4  48   6.019701  -0.501276  -8.022774 23290
  4  49   6.980125   0.891629  -6.132800 23290
  4  50   7.303102  -1.612089  -5.882241 23290
  4  51   6.979916  -0.991068  -8.197686 23290
  4  52   5.979019   0.393202  -8.655508 23290
  4  53   5.184652  -1.150197  -8.266277 23290
  4  54   7.944906   0.515875  -6.455613 23290
  4  55   6.933424   0.887109  -5.036991 23290
  4  56   6.922215   1.844404  -6.656886 23290
  4  57  -4.948030  -0.616559  -1.154189 23290
  4  58  -4.765162  -2.101330  -0.998571 23290
  4  59  -3.549224  -2.724912  -1.293085 23290
  4  60  -4.786956   0.001040   0.241779 23290
  4  61  -6.370502  -0.501978  -1.675004 23290
  4  62  -5.454499  -2.615573  -0.348748 23290
  4  63  -3.809720  -0.174603   0.691624 23290
  4  64  -5.663104  -0.379715   0.760903 23290
  4  65  -5.023376   1.064991   0.268488 23290
  4  66  -7.058799  -0.835856  -0.903661 23290
  4  67  -6.371954  -0.905262  -2.688494 23290
  4  68  -6.721707   0.520272  -1.796906 23290
  4  69  -3.277100  -4.088759  -0.693946 23290
  4  70  -3.962495  -5.308635  -1.841612 23290
  4  71  -3.831935  -6.685933  -1.255861 23290
  4  72  -3.352243  -5.361710  -3.206484 23290
  4  73  -5.465501  -5.224341  -1.898751 23290
  4  74  -2.215386  -4.199049  -0.471018 23290
  4  75  -3.848953  -4.133152   0.243345 23290
  4  76   5.912806  -3.287341  -4.422410 23290
  4  77   6.170608  -2.852011  -2.685970 23290
  4  78   7.232532  -1.820302  -2.432405 23290
  4  79   6.821129  -4.015095  -1.987288 23290
  4  80   5.015695  -2.595287  -1.756955 23290
  4  81   6.878001  -3.571865  -4.826321 23290
  4  82   5.142932  -4.057592  -4.501199 23290
  4  83   1.076864  -3.844685  -3.042032 23290
  4  84   1.620904  -3.733850  -1.765343 23290
  4  85   1.886592  -4.886071  -1.012019 23290
  4  86   1.522100  -6.145513  -1.509566 23290
  4  87   0.942981  -6.228889  -2.771576 23290
  4  88   1.949694  -2.780522  -1.359556 23290
  4  89   2.311071  -4.756758  -0.028355 23290
  4  90   0.623325  -7.210132  -3.096509 23290
  4  91   0.757000  -5.101539  -3.580831 23290
  4  92   0.197808  -5.259115  -4.874421 23290
  4  93  -0.041727  -4.274879  -5.571200 23290
  4  94  -0.177893  -6.352334  -5.300943 23290
  4  95   1.802110  -7.322091  -0.778637 23290
  4  96   1.292321  -8.399260  -1.058319 23290
  4  97   2.439970  -7.303214   0.390157 23290
  4  98   2.829786  -6.410156   0.659402 23290
  4  99   2.592742  -8.423569   1.304521 23290
  4 100   3.618755  -8.640357   1.593657 23290
  4 101   2.326015  -9.356610   0.804731 23290
  4 102   1.605129  -8.312802   2.463552 23290
  4 103   1.627339  -9.266492   2.992591 23290
  4 104   0.652387  -8.103098   1.974465 23290
  4 105   1.959658  -7.152919   3.375573 23290
  4 106   1.901124  -6.195247   2.868090 23290
  4 107   3.005806  -7.195789   3.680429 23290
  4 108   1.209712  -6.922592   4.694978 23290
  4 109   1.854630  -6.169982   5.141700 23290
  4 110   1.168199  -7.866646   5.230831 23290
  4 111  -0.188056  -6.365262   4.454096 23290
  4 112  -0.786478  -6.399439   5.363286 23290
  4 113  -0.829446  -7.017854   3.869594 23290
  4 114  -0.120805  -5.052695   3.828600 23290
  4 115   0.333358  -3.952839   4.539200 23290
  4 116   0.207779  -3.828119   5.756564 23290
  4 117   0.040478  -2.746460   3.660467 23290
  4 118  -0.552755  -2.010501   4.204195 23290
  4 119   0.929703  -2.280463   3.231137 23290
  4 120  -0.742681  -3.260002   2.463455 23290
  4 121  -1.792566  -2.993916   2.556420 23290
  4 122  -0.607347  -4.774183   2.553686 23290
  4 123  -1.296891  -5.517828   1.867740 23290
  5   7   1.457704   0.000000   0.000000 23003
  5   8   1.873701  -0.646341   0.654514 23003
  5   9   0.000000   0.000000   0.000000 23003
  5  10  -0.259723  -0.380963  -0.992779 23003
  5  11  -0.588253  -0.842780   1.123868 23003
  5  12  -1.675581  -0.831388   1.099556 23003
  5  13  -0.359675  -0.392326   2.090171 23003
  5  14   0.036359  -2.535844   0.957433 23003
  5  15  -0.568154   1.424710   0.000000 23003
  5  16  -1.653079   1.688691  -0.527494 23003
  5  17   1.893253  -3.022887  -3.052958 23003
  5  18   3.052610  -2.404379  -3.548779 23003
  5  19   0.650339  -2.380487  -3.062342 23003
  5  20   2.986273  -1.108039  -4.079440 23003
  5  21   0.575562  -1.096708  -3.612266 23003
  5  22   1.738831  -0.447933  -4.067238 23003
  5  23  -0.526856  -2.896261  -2.506291 23003
  5  24  -1.717976  -2.162666  -2.514763 23003
  5  25  -1.812234  -0.933542  -3.181448 23003
  5  26  -0.624475  -0.370880  -3.653297 23003
  5  27  -0.584413   0.621646  -4.079194 23003
  5  28  -0.496465  -3.866727  -2.037386 23003
  5  29  -2.940310  -0.277774  -3.483464 23003
  5  30  -3.020848   0.826972  -4.443647 23003
  5  31  -2.576244   1.739651  -4.070625 23003
  5  32  -2.394863   0.708461  -5.336227 23003
  5  33  -4.036280   1.060477  -4.774058 23003
  5  34   4.303962  -3.006145  -3.367123 23003
  5  35   5.483694  -2.320974  -3.681724 23003
  5  36   5.404871  -1.024277  -4.196764 23003
  5  37   4.163398  -0.452405  -4.472276 23003
  5  38   4.007536   0.541513  -4.875554 23003
  5  39   4.353218  -4.020325  -2.997380 23003
  5  40   6.488905  -0.302167  -4.524678 23003
  5  41   6.383602   1.003131  -5.163512 23003
  5  42   5.927611   0.883826  -6.152673 23003
  5  43   5.775454   1.650265  -4.524784 23003
  5  44   7.358285   1.476117  -5.291475 23003
  5  45   7.844256  -0.794935  -4.262373 23003
  5  46   7.928087  -2.204324  -3.727963 23003
  5  47   6.739437  -2.897262  -3.445922 23003
  5  48   8.746360  -0.845447  -5.486366 23003
  5  49   8.483480   0.137730  -3.234887 23003
  5  50   8.919098  -2.581771  -3.516229 23003
  5  51   8.158929  -1.089604  -6.372884 23003
  5  52   9.643730  -1.456769  -5.408179 23003
  5  53   9.195560   0.124092  -5.687143 23003
  5  54   8.489105   1.149580  -3.637535 23003
  5  55   9.455970  -0.275881  -2.960312 23003
  5  56   7.864494   0.192983  -2.335276 23003
  5  57  -4.190701  -0.683691  -2.847577 23003
  5  58  -4.068248  -2.022159  -2.168672 23003
  5  59  -2.884605  -2.749821  -1.999860 23003
  5  60  -4.607933   0.429550  -1.874792 23003
  5  61  -5.386692  -0.888861  -3.773273 23003
  5  62  -4.964178  -2.270999  -1.624348 23003
  5  63  -5.550580   0.135618  -1.405196 23003
  5  64  -4.594144   1.393981  -2.385071 23003
  5  65  -3.917669   0.530326  -1.043660 23003
  5  66  -6.259914  -1.219753  -3.221735 23003
  5  67  -5.066120  -1.538652  -4.590588 23003
  5  68  -5.694710   0.111692  -4.093458 23003
  5  69  -3.002942  -3.893024  -1.031313 23003
  5  70  -3.107902  -5.541873  -1.794714 23003
  5  71  -1.904502  -5.990654  -2.563951 23003
  5  72  -4.250795  -5.655117  -2.756884 23003
  5  73  -3.432590  -6.655484  -0.838132 23003
  5  74  -2.140421  -3.910471  -0.354295 23003
  5  75  -3.928233  -3.777779  -0.467526 23003
  5  76   6.896259  -4.233464  -2.752400 23003
  5  77   6.677147  -4.197168  -0.956551 23003
  5  78   7.707809  -3.492553  -0.123154 23003
  5  79   6.627960  -5.611734  -0.464325 23003
  5  80   5.375579  -3.541662  -0.590586 23003
  5  81   7.842679  -4.705902  -3.009483 23003
  5  82   6.179721  -4.937540  -3.168275 23003
  5  83   1.966107  -4.259424  -2.403213 23003
  5  84   2.214443  -4.235495  -1.027292 23003
  5  85   2.491111  -5.434482  -0.356334 23003
  5  86   2.593944  -6.648255  -1.053172 23003
  5  87   2.241884  -6.631005  -2.410506 23003
  5  88   2.169646  -3.257439  -0.560390 23003
  5  89   2.595865  -5.400498   0.712531 23003
  5  90   2.339571  -7.570633  -2.925633 23003
  5  91   2.013922  -5.455762  -3.144423 23003
  5  92   1.799269  -5.526130  -4.530776 23003
  5  93   1.499071  -4.549271  -5.228291 23003
  5  94   1.908139  -6.585113  -5.149485 23003
  5  95   2.794533  -7.917099  -0.479847 23003
  5  96   2.761194  -8.930737  -1.174847 23003
  5  97   3.145428  -7.888067   0.811482 23003
  5  98   3.366461  -6.981229   1.197994 23003
  5  99   2.971662  -9.030632   1.684493 23003
  5 100   3.833909  -9.288446   2.289937 23003
  5 101   2.714271  -9.927052   1.115035 23003
  5 102   1.834325  -8.827772   2.678582 23003
  5 103   1.676680  -9.757903   3.213937 23003
  5 104   0.900253  -8.661351   2.133042 23003
  5 105   2.124782  -7.755398   3.731410 23003
  5 106   2.435132  -6.830208   3.241403 23003
  5 107   2.969604  -8.220413   4.225209 23003
  5 108   1.035945  -7.421314   4.748477 23003
  5 109   1.480618  -6.744655   5.472632 23003
  5 110   0.714139  -8.405397   5.089823 23003
  5 111  -0.177470  -6.701173   4.171919 23003
  5 112  -0.956915  -6.813296   4.934279 23003
  5 113  -0.478423  -7.306829   3.317749 23003
  5 114   0.000481  -5.322012   3.745009 23003
  5 115   0.298278  -4.240464   4.560220 23003
  5 116   0.050903  -4.185539   5.769678 23003
  5 117   0.186938  -3.027837   3.662590 23003
  5 118  -0.367701  -2.209861   4.135337 23003
  5 119   1.189749  -2.670676   3.431704 23003
  5 120  -0.532892  -3.471488   2.393095 23003
  5 121  -1.605607  -3.307853   2.543450 23003
  5 122  -0.357068  -4.978815   2.452695 23003
  5 123  -0.813745  -5.778179   1.632108 23003
