  1   0   1.451792   0.000000  -0.000000   297
  1   1   1.940773  -0.694145  -0.534100   297
  1   2   0.000000   0.000000   0.000000   297
  1   3  -0.427953  -0.472768  -0.889521   297
  1   4  -0.560964  -0.901061   1.102908   297
  1   5  -1.648723  -0.967069   1.087974   297
  1   6  -0.182949  -0.544371   2.058249   297
  1   7  -0.106425  -2.625415   0.820955   297
  1   8  -0.570948   1.405211   0.000000   297
  1   9  -1.535550   1.724141   0.696583   297
  1  10  -0.088654   0.719806   5.559444   297
  1  11  -0.149681   2.079213   5.911131   297
  1  12   1.152502   0.223891   5.147982   297
  1  13   0.996834   2.871694   5.961932   297
  1  14   2.313206   0.997584   5.232628   297
  1  15   2.269124   2.345091   5.641511   297
  1  16   1.179088  -1.071231   4.610067   297
  1  17   2.404264  -1.588798   4.172605   297
  1  18   0.292046  -1.651822   4.423334   297
  1  19   2.444904  -2.480048   3.578198   297
  1  20   3.577918  -0.854674   4.413031   297
  1  21   4.694537  -1.437128   3.973245   297
  1  22   4.696810  -2.397270   3.652119   297
  1  23   5.592323  -0.989158   4.090728   297
  1  24   3.556636   0.457974   4.902318   297
  1  25   4.792694   1.307045   4.870177   297
  1  26   6.118159   0.699004   4.511811   297
  1  27   4.583095   2.485821   3.951943   297
  1  28   5.190064   1.996108   6.140724   297
  1  29  -1.374167   2.583467   6.343869   297
  1  30  -1.503934   3.949458   6.624626   297
  1  31  -2.263895   1.965062   6.305674   297
  1  32  -2.459031   4.398850   6.848992   297
  1  33  -0.374230   4.781010   6.541667   297
  1  34  -0.634112   6.063180   6.806811   297
  1  35  -1.606017   6.296664   6.959754   297
  1  36   0.074117   6.779770   6.901727   297
  1  37   0.882700   4.235927   6.249928   297
  1  38   2.138322   5.052809   6.374889   297
  1  39   2.999673   5.030527   5.144695   297
  1  40   2.084390   6.455736   6.901379   297
  1  41   2.868383   4.509990   7.566761   297
  1  42  -1.245088  -0.046459   5.412136   297
  1  43  -2.027362   0.169000   4.267266   297
  1  44  -3.141502  -0.618937   3.954298   297
  1  45  -3.536741  -1.629148   4.838528   297
  1  46  -2.735661  -1.832554   5.973340   297
  1  47  -1.697698   0.930180   3.588423   297
  1  48  -3.638265  -0.438413   3.013058   297
  1  49  -2.969718  -2.684124   6.603296   297
  1  50  -1.568345  -1.126060   6.248358   297
  1  51  -0.801846  -1.487193   7.378078   297
  1  52   0.146984  -0.898291   7.889174   297
  1  53  -1.008833  -2.606724   7.856828   297
  1  54  -4.678639  -2.376343   4.512542   297
  1  55  -5.055830  -3.270128   5.261792   297
  1  56  -5.372676  -2.228863   3.381586   297
  1  57  -4.871777  -1.757910   2.635326   297
  1  58  -6.659706  -2.799970   3.025090   297
  1  59  -7.222458  -1.898826   2.774392   297
  1  60  -7.089177  -3.314274   3.882790   297
  1  61  -6.614246  -3.815648   1.892823   297
  1  62  -6.185464  -3.348164   0.997609   297
  1  63  -7.612460  -4.125729   1.583763   297
  1  64  -5.808346  -5.014240   2.361016   297
  1  65  -6.424003  -5.670800   2.978510   297
  1  66  -4.927162  -4.814831   2.964961   297
  1  67  -5.465392  -5.921710   1.178867   297
  1  68  -6.377091  -6.027129   0.580794   297
  1  69  -4.992462  -6.859207   1.476584   297
  1  70  -4.423711  -5.283269   0.272284   297
  1  71  -4.954502  -4.504776  -0.284413   297
  1  72  -4.157765  -6.053300  -0.461559   297
  1  73  -3.210384  -4.908987   0.961085   297
  1  74  -2.426457  -5.772643   1.710057   297
  1  75  -2.351449  -6.966679   1.423611   297
  1  76  -1.148312  -5.044955   2.068547   297
  1  77  -1.064762  -5.124943   3.153131   297
  1  78  -0.259068  -5.379131   1.530989   297
  1  79  -1.371622  -3.585173   1.690173   297
  1  80  -1.626272  -3.062827   2.615650   297
  1  81  -2.683930  -3.624142   0.909900   297
  1  82  -3.402281  -2.629375   0.838430   297
  2   0   1.452479   0.000000   0.000000   407
  2   1   1.858611   0.281023   0.874406   407
  2   2   0.000000   0.000000   0.000000   407
  2   3  -0.304582  -0.417889  -0.959585   407
  2   4  -0.518910  -0.771609   1.201145   407
  2   5  -1.578200  -0.515569   1.280809   407
  2   6  -0.024239  -0.343138   2.070980   407
  2   7  -0.276019  -2.563822   1.343883   407
  2   8  -0.558147   1.417595   0.000000   407
  2   9  -1.757474   1.702021  -0.010803   407
  2  10   0.967917   0.093842   6.159426   407
  2  11   0.456175   0.869153   5.110084   407
  2  12   2.212339   0.425438   6.700497   407
  2  13   1.040213   2.084932   4.753315   407
  2  14   2.892833   1.591933   6.316023   407
  2  15   2.278234   2.418096   5.352324   407
  2  16   2.918713  -0.463420   7.506886   407
  2  17   4.201622  -0.167603   7.989316   407
  2  18   2.467276  -1.303696   8.018299   407
  2  19   4.646100  -0.792336   8.742342   407
  2  20   4.850927   0.972012   7.489931   407
  2  21   6.044058   1.134850   8.069608   407
  2  22   6.241098   0.505809   8.835102   407
  2  23   6.544032   1.995998   7.903027   407
  2  24   4.208514   1.906368   6.677295   407
  2  25   4.835995   3.213179   6.291791   407
  2  26   3.835638   4.308384   6.491579   407
  2  27   5.938658   3.732402   7.164223   407
  2  28   5.228154   3.236659   4.843184   407
  2  29  -0.724355   0.482576   4.470551   407
  2  30  -1.349422   1.330086   3.555170   407
  2  31  -1.319822  -0.312897   4.906146   407
  2  32  -2.313152   1.101741   3.118267   407
  2  33  -0.804557   2.592233   3.279119   407
  2  34  -1.511208   3.327273   2.406098   407
  2  35  -2.438311   3.021432   2.147950   407
  2  36  -1.091922   4.141698   1.969506   407
  2  37   0.429330   2.948536   3.844243   407
  2  38   1.094058   4.193615   3.326444   407
  2  39   0.906728   4.486323   1.875540   407
  2  40   0.606962   5.408296   4.064744   407
  2  41   2.556798   4.367023   3.605954   407
  2  42   0.523915  -1.231161   6.273996   407
  2  43   0.737757  -2.116706   5.215231   407
  2  44   0.306700  -3.451570   5.262460   407
  2  45  -0.411317  -3.942866   6.354604   407
  2  46  -0.689669  -3.035528   7.391840   407
  2  47   1.289161  -1.693549   4.386142   407
  2  48   0.516203  -4.055807   4.399265   407
  2  49  -1.299112  -3.337985   8.233685   407
  2  50  -0.175857  -1.726138   7.382065   407
  2  51  -0.470388  -0.973732   8.533907   407
  2  52  -0.047799   0.163804   8.739645   407
  2  53  -1.073428  -1.404594   9.514571   407
  2  54  -0.806367  -5.284575   6.528548   407
  2  55  -1.324519  -5.672206   7.572655   407
  2  56  -0.460477  -6.165672   5.589544   407
  2  57   0.104696  -5.833102   4.817940   407
  2  58  -0.913084  -7.531451   5.447089   407
  2  59  -1.166033  -7.958362   6.423186   407
  2  60  -0.062676  -8.079034   5.043279   407
  2  61  -2.037227  -7.646601   4.416341   407
  2  62  -2.882608  -7.015987   4.707988   407
  2  63  -2.423190  -8.653959   4.525266   407
  2  64  -1.677977  -7.300508   2.979517   407
  2  65  -1.073219  -8.101414   2.553700   407
  2  66  -1.239414  -6.309477   2.793999   407
  2  67  -2.883636  -7.260395   2.052926   407
  2  68  -3.463954  -8.185063   2.070813   407
  2  69  -2.463112  -7.187302   1.047978   407
  2  70  -3.819551  -6.079785   2.317932   407
  2  71  -4.385756  -6.240712   3.224583   407
  2  72  -4.658803  -6.077757   1.615827   407
  2  73  -3.183670  -4.785541   2.215044   407
  2  74  -3.511523  -3.730791   3.066757   407
  2  75  -3.914010  -3.924322   4.211594   407
  2  76  -2.687826  -2.528369   2.633272   407
  2  77  -3.350484  -1.671325   2.522997   407
  2  78  -2.033429  -2.196930   3.423281   407
  2  79  -2.050844  -2.903279   1.301921   407
  2  80  -2.534980  -2.479756   0.422239   407
  2  81  -2.391575  -4.380131   1.143770   407
  2  82  -2.453949  -4.907089   0.044760   407
  3   0   1.450310  -0.000000   0.000000   231
  3   1   1.856568   0.201069   0.897232   231
  3   2   0.000000   0.000000   0.000000   231
  3   3  -0.372266  -0.511944  -0.896343   231
  3   4  -0.447974  -0.836881   1.194298   231
  3   5  -1.531742  -0.843438   1.308770   231
  3   6  -0.036406  -0.413213   2.114362   231
  3   7   0.019030  -2.583506   1.129396   231
  3   8  -0.550365   1.413400   0.000000   231
  3   9  -1.739628   1.627262   0.236891   231
  3  10   4.480833  -8.559580   2.609010   231
  3  11   4.874474  -7.818851   3.726941   231
  3  12   5.325273  -8.848918   1.536953   231
  3  13   6.247559  -7.616716   3.911541   231
  3  14   6.705736  -8.671432   1.706128   231
  3  15   7.133920  -8.145000   2.943152   231
  3  16   4.821379  -9.421102   0.356276   231
  3  17   5.699399  -9.698002  -0.687184   231
  3  18   3.772156  -9.663748   0.281094   231
  3  19   5.330649 -10.147517  -1.597327   231
  3  20   7.070208  -9.446731  -0.556254   231
  3  21   7.799225  -9.658049  -1.652602   231
  3  22   7.296297  -9.737426  -2.531217   231
  3  23   8.791979  -9.456706  -1.713454   231
  3  24   7.591269  -8.984813   0.666214   231
  3  25   9.039306  -8.599893   0.711274   231
  3  26   9.296077  -7.133981   0.922629   231
  3  27   9.716056  -9.298518   1.846582   231
  3  28  10.006065  -8.878533  -0.397166   231
  3  29   3.981009  -7.385520   4.720493   231
  3  30   4.483315  -6.871333   5.928259   231
  3  31   2.936543  -7.550114   4.535833   231
  3  32   3.813873  -6.638516   6.752967   231
  3  33   5.860193  -6.726374   6.108799   231
  3  34   6.225564  -6.377296   7.346356   231
  3  35   5.527851  -6.270105   8.066568   231
  3  36   7.199079  -6.132434   7.491989   231
  3  37   6.758759  -7.039280   5.074357   231
  3  38   8.220446  -6.731114   5.203215   231
  3  39   8.664558  -5.920641   6.395900   231
  3  40   8.808458  -8.047217   5.616755   231
  3  41   8.783636  -6.122399   3.955384   231
  3  42   3.124640  -8.848316   2.428254   231
  3  43   2.364940  -7.873016   1.777064   231
  3  44   1.068320  -8.140254   1.324668   231
  3  45   0.440318  -9.280223   1.841082   231
  3  46   1.244627 -10.217137   2.510615   231
  3  47   2.869730  -7.004814   1.376675   231
  3  48   0.529196  -7.340068   0.857823   231
  3  49   0.658615 -10.976173   3.021842   231
  3  50   2.620195 -10.105871   2.770293   231
  3  51   3.272470 -11.153000   3.445986   231
  3  52   4.498484 -11.264607   3.478154   231
  3  53   2.602061 -12.132531   3.757067   231
  3  54  -0.961866  -9.323318   1.803314   231
  3  55  -1.512093 -10.281027   2.337957   231
  3  56  -1.667783  -8.413960   1.121151   231
  3  57  -1.101698  -7.578418   1.016186   231
  3  58  -3.107959  -8.383056   0.966418   231
  3  59  -3.520973  -9.365021   1.158155   231
  3  60  -3.393138  -7.939270   0.017194   231
  3  61  -3.710656  -7.418293   1.988860   231
  3  62  -3.288263  -7.720634   2.946238   231
  3  63  -4.763189  -7.717130   1.962988   231
  3  64  -3.570547  -5.933568   1.654106   231
  3  65  -3.839180  -5.714694   0.611929   231
  3  66  -2.493950  -5.752216   1.632885   231
  3  67  -4.381409  -5.077949   2.615263   231
  3  68  -5.356235  -5.526589   2.801099   231
  3  69  -4.677483  -4.122485   2.159158   231
  3  70  -3.553585  -4.768054   3.851375   231
  3  71  -3.548000  -5.655012   4.499892   231
  3  72  -3.994594  -4.028501   4.526632   231
  3  73  -2.194704  -4.319716   3.609850   231
  3  74  -1.029436  -5.026012   3.856626   231
  3  75  -0.919666  -5.617626   4.925758   231
  3  76   0.163136  -4.315845   3.220910   231
  3  77   1.023091  -4.202864   3.885978   231
  3  78   0.499065  -4.940238   2.402140   231
  3  79  -0.443354  -2.971138   2.830614   231
  3  80  -0.054540  -2.178234   3.480405   231
  3  81  -1.949997  -3.098422   2.994093   231
  3  82  -2.707628  -2.161088   3.273202   231
  4   0   1.454511  -0.000000   0.000000   301
  4   1   1.864957   0.520302   0.769103   301
  4   2   0.000000   0.000000   0.000000   301
  4   3  -0.315020  -0.541786  -0.897290   301
  4   4  -0.513162  -0.921403   1.101717   301
  4   5  -1.598614  -0.876413   1.019430   301
  4   6  -0.220142  -0.421704   2.014647   301
  4   7  -0.088552  -2.683303   1.126473   301
  4   8  -0.547539   1.421936   0.000000   301
  4   9  -1.743130   1.645693  -0.133394   301
  4  10   3.705579  -7.742441   3.795671   301
  4  11   3.909497  -6.512320   4.432477   301
  4  12   4.792955  -8.553674   3.455502   301
  4  13   5.201890  -6.023385   4.605856   301
  4  14   6.081499  -8.145759   3.801857   301
  4  15   6.308655  -6.829402   4.255842   301
  4  16   4.628776  -9.758153   2.758170   301
  4  17   5.753829 -10.548267   2.483074   301
  4  18   3.642053  -9.968550   2.389647   301
  4  19   5.660326 -11.449150   1.902928   301
  4  20   7.043198 -10.139615   2.851762   301
  4  21   8.095236 -10.923665   2.547818   301
  4  22   7.852817 -11.716761   1.965126   301
  4  23   9.056797 -10.703476   2.760229   301
  4  24   7.212739  -8.907470   3.503203   301
  4  25   8.555047  -8.274343   3.719216   301
  4  26   9.769613  -8.964302   3.155404   301
  4  27   8.643324  -6.966947   3.001010   301
  4  28   8.733526  -8.138456   5.199176   301
  4  29   2.795582  -5.770101   4.856510   301
  4  30   3.029199  -4.623765   5.629322   301
  4  31   1.822883  -6.184598   4.610646   301
  4  32   2.227143  -4.038827   6.055999   301
  4  33   4.314580  -4.083237   5.765429   301
  4  34   4.368894  -2.913255   6.400798   301
  4  35   3.557487  -2.405761   6.727400   301
  4  36   5.240391  -2.421898   6.589645   301
  4  37   5.386557  -4.763824   5.179709   301
  4  38   6.774103  -4.204212   5.293502   301
  4  39   6.996171  -2.932289   6.049148   301
  4  40   7.760965  -5.008718   6.089664   301
  4  41   7.384618  -3.954777   3.946262   301
  4  42   2.413598  -8.127417   3.403908   301
  4  43   1.821370  -7.541712   2.273545   301
  4  44   0.524026  -7.893799   1.898801   301
  4  45  -0.287931  -8.690233   2.711894   301
  4  46   0.290821  -9.160584   3.897143   301
  4  47   2.418272  -6.919513   1.635363   301
  4  48   0.121416  -7.380375   1.032486   301
  4  49  -0.231142  -9.859346   4.530615   301
  4  50   1.628866  -8.929119   4.247513   301
  4  51   2.152616  -9.623119   5.348170   301
  4  52   3.308470  -9.554923   5.750976   301
  4  53   1.416012 -10.412340   5.947792   301
  4  54  -1.677539  -8.911245   2.560099   301
  4  55  -2.287779  -9.666011   3.315106   301
  4  56  -2.261654  -8.150960   1.629626   301
  4  57  -1.680015  -7.510095   1.103330   301
  4  58  -3.682064  -8.196763   1.388091   301
  4  59  -3.914994  -9.211392   1.712390   301
  4  60  -3.928607  -8.226576   0.328031   301
  4  61  -4.437094  -7.094750   2.140684   301
  4  62  -4.195638  -7.225131   3.197282   301
  4  63  -5.510720  -7.166589   1.958843   301
  4  64  -4.081648  -5.717669   1.589406   301
  4  65  -4.681026  -5.538887   0.696667   301
  4  66  -3.019573  -5.555266   1.410463   301
  4  67  -4.582710  -4.643887   2.552956   301
  4  68  -5.655512  -4.700148   2.746690   301
  4  69  -4.549022  -3.703728   2.010124   301
  4  70  -3.828780  -4.622152   3.876631   301
  4  71  -3.871131  -5.592932   4.376020   301
  4  72  -4.332180  -3.894081   4.520371   301
  4  73  -2.452509  -4.245791   3.647652   301
  4  74  -1.494111  -5.254796   3.578500   301
  4  75  -1.559561  -6.100852   4.464168   301
  4  76  -0.229767  -4.493597   3.211060   301
  4  77   0.445237  -4.520468   4.069108   301
  4  78   0.306358  -5.003150   2.402155   301
  4  79  -0.601164  -3.058268   2.823510   301
  4  80  -0.147678  -2.408448   3.573300   301
  4  81  -2.112463  -3.061006   3.004804   301
  4  82  -2.821843  -2.064486   3.141290   301
  5   0   1.450275   0.000000  -0.000000   456
  5   1   1.889503  -0.454471  -0.786534   456
  5   2   0.000000   0.000000   0.000000   456
  5   3  -0.489011  -0.349761  -0.906165   456
  5   4  -0.562930  -0.885497   1.104312   456
  5   5  -1.638382  -0.787338   1.030346   456
  5   6  -0.187414  -0.633776   2.094779   456
  5   7  -0.055786  -2.586779   0.743279   456
  5   8  -0.640429   1.386020   0.000000   456
  5   9  -1.843167   1.438063   0.222971   456
  5  10  -5.433451  -1.697912  -0.065690   456
  5  11  -4.467841  -1.369486  -1.031367   456
  5  12  -6.301838  -0.737277   0.458891   456
  5  13  -4.476113  -0.059907  -1.533697   456
  5  14  -6.295080   0.594255   0.021306   456
  5  15  -5.308645   0.901423  -0.948175   456
  5  16  -7.285376  -1.058980   1.394017   456
  5  17  -8.135832  -0.090926   1.948985   456
  5  18  -7.389771  -2.051215   1.819539   456
  5  19  -8.909550  -0.401392   2.629262   456
  5  20  -8.019235   1.233639   1.520698   456
  5  21  -8.927131   2.046149   2.078417   456
  5  22  -9.496954   1.580261   2.771777   456
  5  23  -9.041109   3.011941   1.814492   456
  5  24  -7.120371   1.611166   0.519892   456
  5  25  -6.780502   3.013788   0.115240   456
  5  26  -7.713497   4.073284   0.627478   456
  5  27  -5.359808   3.447443   0.316407   456
  5  28  -7.088927   3.258862  -1.338793   456
  5  29  -3.543464  -2.287512  -1.540147   456
  5  30  -2.695555  -1.846663  -2.569128   456
  5  31  -3.538638  -3.323651  -1.244020   456
  5  32  -1.995205  -2.509767  -3.047462   456
  5  33  -2.815049  -0.587608  -3.161333   456
  5  34  -1.959969  -0.372880  -4.175547   456
  5  35  -1.355256  -1.125484  -4.440706   456
  5  36  -1.936662   0.512626  -4.658806   456
  5  37  -3.677713   0.359222  -2.607144   456
  5  38  -3.624204   1.753046  -3.163190   456
  5  39  -4.775363   2.641318  -2.783189   456
  5  40  -2.376717   2.465393  -2.707407   456
  5  41  -3.581522   1.905811  -4.650450   456
  5  42  -5.497715  -2.985887   0.470867   456
  5  43  -5.067867  -3.126370   1.794836   456
  5  44  -4.842809  -4.392922   2.349629   456
  5  45  -5.203429  -5.539624   1.631348   456
  5  46  -5.676372  -5.384710   0.332569   456
  5  47  -4.911069  -2.249602   2.406385   456
  5  48  -4.485981  -4.494420   3.371524   456
  5  49  -5.955975  -6.268005  -0.231267   456
  5  50  -5.798002  -4.132993  -0.282907   456
  5  51  -6.209166  -4.134234  -1.632662   456
  5  52  -6.488765  -3.094324  -2.218421   456
  5  53  -6.327212  -5.208677  -2.215532   456
  5  54  -4.990574  -6.813258   2.185197   456
  5  55  -5.253558  -7.776031   1.473013   456
  5  56  -4.432127  -6.962143   3.392579   456
  5  57  -4.123014  -6.115427   3.849220   456
  5  58  -4.045584  -8.206602   4.024405   456
  5  59  -4.395515  -9.047937   3.419424   456
  5  60  -4.481365  -8.294253   5.020204   456
  5  61  -2.517736  -8.291970   3.979741   456
  5  62  -2.214756  -8.070303   2.953890   456
  5  63  -2.369970  -9.350374   4.183819   456
  5  64  -1.786770  -7.298816   4.875697   456
  5  65  -2.000730  -7.562757   5.915290   456
  5  66  -2.223170  -6.325009   4.694718   456
  5  67  -0.278918  -7.357638   4.678402   456
  5  68   0.054808  -8.380906   4.862920   456
  5  69   0.258975  -6.867540   5.488571   456
  5  70   0.290627  -6.849452   3.352975   456
  5  71  -0.103641  -7.396704   2.491773   456
  5  72   1.343806  -7.095851   3.449940   456
  5  73   0.035093  -5.422093   3.257324   456
  5  74   0.695727  -4.556674   4.114069   456
  5  75   1.778760  -4.798224   4.636458   456
  5  76   0.462805  -3.184665   3.505269   456
  5  77   0.035782  -2.567558   4.290974   456
  5  78   1.458822  -2.869893   3.202834   456
  5  79  -0.495563  -3.339473   2.331530   456
  5  80  -1.470759  -2.940158   2.621780   456
  5  81  -0.728831  -4.846660   2.248018   456
  5  82  -0.945616  -5.389246   1.175683   456
  6   0   1.446583   0.000000   0.000000   212
  6   1   1.855200   0.491405   0.783105   212
  6   2   0.000000   0.000000   0.000000   212
  6   3  -0.354766  -0.633088  -0.816666   212
  6   4  -0.594297  -0.650782   1.251478   212
  6   5  -0.115444  -1.624715   1.331195   212
  6   6  -1.671525  -0.803163   1.137643   212
  6   7  -0.336795   0.286323   2.773984   212
  6   8  -0.676422   1.363433  -0.000000   212
  6   9  -0.162661   2.399435   0.413701   212
  6  10  -5.445111   0.322348   2.068007   212
  6  11  -4.875149   1.543775   2.423753   212
  6  12  -6.743552   0.173829   1.550128   212
  6  13  -5.532493   2.728620   2.064113   212
  6  14  -7.408432   1.356549   1.202266   212
  6  15  -6.792427   2.592531   1.454241   212
  6  16  -7.354645  -1.057591   1.310607   212
  6  17  -8.657648  -1.048922   0.801186   212
  6  18  -6.811432  -1.983238   1.355304   212
  6  19  -9.188484  -1.969223   0.592721   212
  6  20  -9.310083   0.140486   0.453999   212
  6  21 -10.515546  -0.105366  -0.072897   212
  6  22 -10.692719  -1.043031  -0.406351   212
  6  23 -11.159409   0.638034  -0.308263   212
  6  24  -8.704379   1.384632   0.666894   212
  6  25  -9.497769   2.611852   0.321257   212
  6  26  -8.753118   3.901463   0.189731   212
  6  27 -10.299243   2.555937  -0.940294   212
  6  28 -10.549973   2.680990   1.401158   212
  6  29  -3.580165   1.578803   2.944418   212
  6  30  -2.928561   2.816823   2.964816   212
  6  31  -3.076632   0.648357   3.175132   212
  6  32  -1.925922   2.886433   3.347137   212
  6  33  -3.598348   3.994981   2.604497   212
  6  34  -2.844157   5.089316   2.749515   212
  6  35  -2.052982   4.917007   3.351969   212
  6  36  -3.298954   5.989224   2.663343   212
  6  37  -4.961008   3.990041   2.292195   212
  6  38  -5.738843   5.232754   1.950813   212
  6  39  -5.806588   5.566380   0.490263   212
  6  40  -7.096732   5.199449   2.570429   212
  6  41  -5.164111   6.389145   2.713926   212
  6  42  -4.777468  -0.842133   2.480366   212
  6  43  -4.725898  -1.194637   3.833762   212
  6  44  -4.212342  -2.394710   4.327915   212
  6  45  -3.742475  -3.306650   3.368703   212
  6  46  -3.825151  -2.985127   2.006796   212
  6  47  -5.177377  -0.499474   4.527892   212
  6  48  -4.145425  -2.567095   5.392483   212
  6  49  -3.492713  -3.759885   1.332530   212
  6  50  -4.269787  -1.751302   1.537354   212
  6  51  -4.202180  -1.526773   0.143719   212
  6  52  -4.392560  -0.457250  -0.421946   212
  6  53  -3.813262  -2.445649  -0.588338   212
  6  54  -3.141954  -4.509125   3.765226   212
  6  55  -2.482192  -5.177159   2.963015   212
  6  56  -3.046488  -4.861928   5.053254   212
  6  57  -3.532531  -4.311238   5.741661   212
  6  58  -2.348083  -6.043052   5.507763   212
  6  59  -2.287387  -6.828086   4.759676   212
  6  60  -2.792924  -6.515461   6.386084   212
  6  61  -0.924936  -5.566204   5.808045   212
  6  62  -0.589940  -4.967936   4.967062   212
  6  63  -0.326558  -6.477832   5.882072   212
  6  64  -0.854633  -4.669458   7.033689   212
  6  65  -1.117599  -5.339293   7.848411   212
  6  66  -1.587603  -3.852916   6.975270   212
  6  67   0.548744  -4.117413   7.249980   212
  6  68   1.192261  -4.965501   7.491713   212
  6  69   0.440488  -3.529578   8.161315   212
  6  70   1.192951  -3.276552   6.158123   212
  6  71   1.436077  -3.927662   5.313169   212
  6  72   2.120516  -2.824073   6.502048   212
  6  73   0.414011  -2.162596   5.631481   212
  6  74  -0.260269  -1.224522   6.396703   212
  6  75  -0.682714  -1.346604   7.539349   212
  6  76  -1.089535  -0.391210   5.430623   212
  6  77  -2.141325  -0.333382   5.727599   212
  6  78  -0.762765   0.659911   5.438733   212
  6  79  -0.869291  -0.927005   4.014461   212
  6  80  -1.842342  -1.262404   3.645575   212
  6  81   0.118141  -2.043948   4.283378   212
  6  82   0.240085  -2.932158   3.428501   212
  7   0   1.448412   0.000000   0.000000   251
  7   1   1.907604  -0.497942   0.733142   251
  7   2   0.000000   0.000000   0.000000   251
  7   3  -0.348588  -0.535856  -0.893221   251
  7   4  -0.425017  -0.875742   1.173982   251
  7   5  -0.048466  -1.876327   0.961277   251
  7   6  -1.493773  -1.067440   1.202502   251
  7   7   0.136700  -0.282159   2.791183   251
  7   8  -0.799704   1.299913   0.000000   251
  7   9  -1.790789   1.395017  -0.718615   251
  7  10  -1.454012   2.861200   7.657176   251
  7  11  -1.832429   3.510151   8.837586   251
  7  12  -2.350027   2.779083   6.592651   251
  7  13  -3.098160   4.108802   8.935804   251
  7  14  -3.602088   3.421913   6.613015   251
  7  15  -3.978018   3.998775   7.840294   251
  7  16  -2.095885   2.017754   5.448671   251
  7  17  -2.983822   1.921681   4.368654   251
  7  18  -1.194278   1.426960   5.411716   251
  7  19  -2.739623   1.350250   3.493822   251
  7  20  -4.198603   2.602297   4.413153   251
  7  21  -4.983390   2.593527   3.314730   251
  7  22  -4.510527   2.278545   2.476584   251
  7  23  -5.750161   3.245428   3.250763   251
  7  24  -4.521714   3.340425   5.554975   251
  7  25  -5.886245   3.945992   5.724545   251
  7  26  -6.879812   3.834703   4.616060   251
  7  27  -6.544275   3.206762   6.854163   251
  7  28  -5.806087   5.436858   5.856389   251
  7  29  -0.960649   3.680520   9.913260   251
  7  30  -1.288732   4.470055  11.032004   251
  7  31   0.044106   3.298808   9.799848   251
  7  32  -0.528177   4.630773  11.780822   251
  7  33  -2.579318   4.977796  11.141058   251
  7  34  -2.780019   5.644600  12.288307   251
  7  35  -2.079738   5.547146  13.012327   251
  7  36  -3.561084   6.258784  12.438053   251
  7  37  -3.496457   4.766210  10.104677   251
  7  38  -4.865957   5.365178  10.225957   251
  7  39  -5.536415   5.652763   8.913753   251
  7  40  -5.860771   4.571313  11.029090   251
  7  41  -4.905726   6.745190  10.795330   251
  7  42  -0.250419   2.145475   7.606203   251
  7  43  -0.190767   1.093791   8.526531   251
  7  44   0.929562   0.264916   8.553429   251
  7  45   2.028145   0.582889   7.742497   251
  7  46   1.972842   1.711409   6.923053   251
  7  47  -1.050122   0.841753   9.138157   251
  7  48   0.900360  -0.650805   9.137128   251
  7  49   2.782488   2.007795   6.264927   251
  7  50   0.873638   2.565360   6.878130   251
  7  51   0.897873   3.735422   6.082099   251
  7  52  -0.058417   4.497359   6.026750   251
  7  53   1.874667   4.187950   5.493121   251
  7  54   3.041600  -0.370201   7.515725   251
  7  55   3.930159  -0.054884   6.726778   251
  7  56   3.157174  -1.472562   8.259123   251
  7  57   2.423958  -1.614080   8.933783   251
  7  58   4.170009  -2.506197   8.130395   251
  7  59   4.417933  -2.727083   9.162209   251
  7  60   5.057323  -2.021324   7.736732   251
  7  61   3.675399  -3.782005   7.440268   251
  7  62   2.728432  -4.096484   7.862352   251
  7  63   4.379411  -4.596751   7.553652   251
  7  64   3.459162  -3.581627   5.939970   251
  7  65   4.469510  -3.522482   5.542102   251
  7  66   3.091934  -2.584771   5.709056   251
  7  67   2.632120  -4.620607   5.173019   251
  7  68   3.001837  -5.637396   5.307000   251
  7  69   2.794297  -4.384366   4.121740   251
  7  70   1.148289  -4.555776   5.515718   251
  7  71   1.047006  -4.754866   6.584644   251
  7  72   0.790383  -5.406926   4.927459   251
  7  73   0.543696  -3.278843   5.179854   251
  7  74   0.082017  -2.400942   6.142894   251
  7  75   0.042870  -2.743894   7.328623   251
  7  76  -0.355427  -1.136186   5.414587   251
  7  77  -1.380066  -0.919946   5.718323   251
  7  78   0.406372  -0.379510   5.601414   251
  7  79  -0.357290  -1.581283   3.955552   251
  7  80  -1.363288  -1.801602   3.629472   251
  7  81   0.521950  -2.833883   3.870489   251
  7  82   0.799703  -3.439214   2.843587   251
  8   0   1.448033   0.000000   0.000000   302
  8   1   1.962247  -0.061068   0.871582   302
  8   2   0.000000   0.000000   0.000000   302
  8   3  -0.375129  -0.332445  -0.977425   302
  8   4  -0.470018  -0.971706   1.079015   302
  8   5   0.049445  -1.916673   0.882564   302
  8   6  -1.534497  -1.158368   0.932581   302
  8   7  -0.123480  -0.689923   2.830788   302
  8   8  -0.633412   1.381915  -0.000000   302
  8   9   0.001933   2.361160   0.371506   302
  8  10  -5.521699   1.087037   3.487707   302
  8  11  -4.402801   1.918726   3.479603   302
  8  12  -6.757720   1.561227   3.956208   302
  8  13  -4.551416   3.288828   3.752429   302
  8  14  -6.820289   2.825176   4.548765   302
  8  15  -5.737302   3.712115   4.389143   302
  8  16  -7.918191   0.784513   3.853634   302
  8  17  -9.067198   1.249379   4.507991   302
  8  18  -7.930345  -0.108884   3.258156   302
  8  19 -10.010683   0.755852   4.344398   302
  8  20  -9.086673   2.451743   5.223632   302
  8  21 -10.226288   2.687399   5.899758   302
  8  22 -10.944227   1.978490   5.851663   302
  8  23 -10.426561   3.540884   6.387153   302
  8  24  -7.929241   3.241682   5.301391   302
  8  25  -7.911425   4.291591   6.366415   302
  8  26  -6.524853   4.749484   6.730773   302
  8  27  -8.624253   5.529646   5.896523   302
  8  28  -8.431164   3.763405   7.671744   302
  8  29  -3.113189   1.401585   3.312071   302
  8  30  -2.003546   2.242055   3.285603   302
  8  31  -2.886677   0.349260   3.255461   302
  8  32  -1.026635   1.787530   3.278376   302
  8  33  -2.166665   3.629317   3.230870   302
  8  34  -1.001084   4.270234   3.058977   302
  8  35  -0.212565   3.751212   2.701967   302
  8  36  -1.143207   5.275415   3.055955   302
  8  37  -3.436525   4.108403   3.577180   302
  8  38  -3.531827   5.541077   4.021885   302
  8  39  -4.871576   6.132712   3.727532   302
  8  40  -3.279624   5.723613   5.490548   302
  8  41  -2.748281   6.480721   3.145286   302
  8  42  -5.353193  -0.278434   3.190735   302
  8  43  -5.466728  -1.147672   4.280706   302
  8  44  -5.083035  -2.488539   4.099444   302
  8  45  -4.696441  -2.941191   2.827692   302
  8  46  -4.674065  -2.033412   1.769421   302
  8  47  -5.772108  -0.736236   5.230424   302
  8  48  -5.265904  -3.168849   4.911748   302
  8  49  -4.458877  -2.261572   0.734995   302
  8  50  -5.038423  -0.692077   1.892152   302
  8  51  -4.948092   0.183676   0.784319   302
  8  52  -5.210241   1.377348   0.888376   302
  8  53  -4.628485  -0.259519  -0.313011   302
  8  54  -4.393133  -4.306818   2.691432   302
  8  55  -4.181259  -4.715450   1.545120   302
  8  56  -4.393410  -5.133624   3.733734   302
  8  57  -4.907073  -4.755206   4.522119   302
  8  58  -3.994938  -6.525680   3.732918   302
  8  59  -4.102393  -7.004915   2.757323   302
  8  60  -4.646719  -7.033631   4.444654   302
  8  61  -2.516104  -6.684656   4.071561   302
  8  62  -1.930897  -6.122481   3.348517   302
  8  63  -2.074264  -7.681485   4.074572   302
  8  64  -2.253818  -6.097836   5.456244   302
  8  65  -2.800629  -6.720852   6.174400   302
  8  66  -2.558369  -5.058847   5.475008   302
  8  67  -0.761588  -6.210800   5.777472   302
  8  68  -0.485489  -7.258486   5.725319   302
  8  69  -0.632171  -5.980702   6.835208   302
  8  70   0.121819  -5.418449   4.818212   302
  8  71   0.251374  -5.937901   3.872757   302
  8  72   1.108397  -5.345428   5.276283   302
  8  73  -0.340049  -4.050314   4.741511   302
  8  74  -0.719461  -3.245073   5.813439   302
  8  75  -0.113260  -3.254426   6.886675   302
  8  76  -1.093071  -1.931785   5.148689   302
  8  77  -2.109485  -1.592044   5.333298   302
  8  78  -0.296956  -1.250147   5.454745   302
  8  79  -1.027741  -2.050981   3.626545   302
  8  80  -2.060452  -2.120690   3.296775   302
  8  81  -0.494190  -3.465427   3.492493   302
  8  82  -0.536730  -4.059273   2.407580   302
  9   0   1.448516   0.000000  -0.000000   316
  9   1   1.877989   0.838070   0.374957   316
  9   2   0.000000   0.000000   0.000000   316
  9   3  -0.291678  -0.486994  -0.928634   316
  9   4  -0.412285  -0.829921   1.212663   316
  9   5   0.031894  -1.822350   1.121617   316
  9   6  -1.492631  -0.968786   1.145079   316
  9   7   0.082014  -0.272539   2.866688   316
  9   8  -0.734199   1.327837   0.000000   316
  9   9  -1.684344   1.608296   0.724133   316
  9  10   0.049705   4.211504   4.308292   316
  9  11   0.524192   5.520375   4.217072   316
  9  12  -1.327636   4.029748   4.203892   316
  9  13  -0.318879   6.625721   4.107780   316
  9  14  -2.209573   5.095453   4.076771   316
  9  15  -1.711131   6.414482   4.000482   316
  9  16  -1.805020   2.706396   4.215854   316
  9  17  -3.186297   2.503486   4.105372   316
  9  18  -1.089392   1.905254   4.336049   316
  9  19  -3.530648   1.489714   3.941088   316
  9  20  -4.079623   3.568992   3.969869   316
  9  21  -5.391033   3.260267   3.886259   316
  9  22  -5.623890   2.280504   3.975377   316
  9  23  -6.065102   4.003807   3.758665   316
  9  24  -3.580077   4.860541   3.856926   316
  9  25  -4.531673   5.983602   3.608320   316
  9  26  -6.027064   5.844566   3.711139   316
  9  27  -4.417557   6.898234   4.792095   316
  9  28  -4.304614   6.776024   2.349984   316
  9  29   1.907398   5.750938   4.312337   316
  9  30   2.420337   7.018790   4.026596   316
  9  31   2.521616   4.955325   4.725422   316
  9  32   3.464577   7.272195   4.080883   316
  9  33   1.552968   8.070559   3.724849   316
  9  34   2.093311   9.269217   3.415420   316
  9  35   3.072729   9.479322   3.415640   316
  9  36   1.488695  10.075255   3.502231   316
  9  37   0.185154   7.915985   3.881354   316
  9  38  -0.784323   9.064028   3.919027   316
  9  39  -0.231481  10.430382   4.185377   316
  9  40  -1.409789   9.275787   2.568342   316
  9  41  -1.820485   8.980243   4.995478   316
  9  42   0.932056   3.137668   4.446978   316
  9  43   0.908239   2.592430   5.733464   316
  9  44   1.856520   1.623204   6.090348   316
  9  45   2.716710   1.119342   5.099947   316
  9  46   2.680119   1.671546   3.811875   316
  9  47   0.186395   2.888569   6.469092   316
  9  48   1.843953   1.271862   7.106322   316
  9  49   3.378834   1.277595   3.086135   316
  9  50   1.822830   2.710663   3.448986   316
  9  51   1.844576   3.153765   2.108057   316
  9  52   1.069300   4.033762   1.768717   316
  9  53   2.614882   2.641321   1.287795   316
  9  54   3.482527  -0.018778   5.422449   316
  9  55   4.329325  -0.356154   4.601469   316
  9  56   3.339138  -0.734661   6.541356   316
  9  57   2.657614  -0.471734   7.234893   316
  9  58   3.873892  -2.042641   6.847832   316
  9  59   4.297845  -1.889111   7.831291   316
  9  60   4.683756  -2.374609   6.196279   316
  9  61   2.770351  -3.101898   6.773882   316
  9  62   1.905948  -2.928341   7.419783   316
  9  63   3.188087  -4.003512   7.205956   316
  9  64   2.358827  -3.354745   5.322361   316
  9  65   3.226059  -3.622457   4.722579   316
  9  66   2.072396  -2.416450   4.842195   316
  9  67   1.411512  -4.540521   5.110628   316
  9  68   1.953032  -5.421741   5.457480   316
  9  69   1.325907  -4.749094   4.050406   316
  9  70  -0.018367  -4.406631   5.619179   316
  9  71  -0.019404  -4.397715   6.706431   316
  9  72  -0.596199  -5.236058   5.195079   316
  9  73  -0.608763  -3.175583   5.139541   316
  9  74  -0.928609  -2.169608   6.039883   316
  9  75  -0.814837  -2.209124   7.270573   316
  9  76  -1.128882  -0.863982   5.278747   316
  9  77  -2.056728  -0.361453   5.561532   316
  9  78  -0.307903  -0.186819   5.483311   316
  9  79  -1.095260  -1.265699   3.810383   316
  9  80  -2.108364  -1.267899   3.421393   316
  9  81  -0.770929  -2.757129   3.822462   316
  9  82  -0.355882  -3.397699   2.855660   316
 10   0   1.443815   0.000000   0.000000   928
 10   1   1.888955   0.861773   0.286703   928
 10   2   0.000000   0.000000   0.000000   928
 10   3  -0.379481  -0.606013  -0.822218   928
 10   4  -0.454144  -0.601489   1.329271   928
 10   5  -0.115458  -1.633471   1.388464   928
 10   6  -1.544104  -0.699898   1.319122   928
 10   7   0.104585   0.310109   2.787561   928
 10   8  -0.633045   1.378897  -0.000000   928
 10   9   0.011360   2.378057   0.315314   928
 10  10   1.627150   5.033057   5.151470   928
 10  11   2.270516   6.211013   5.559146   928
 10  12   0.408018   5.023871   4.462606   928
 10  13   1.647791   7.443295   5.369943   928
 10  14  -0.271708   6.237886   4.335187   928
 10  15   0.364246   7.409976   4.787703   928
 10  16  -0.229737   3.844575   4.046762   928
 10  17  -1.459466   3.929734   3.384104   928
 10  18   0.251072   2.893504   4.227009   928
 10  19  -1.843933   2.983335   3.018298   928
 10  20  -2.121047   5.149617   3.231460   928
 10  21  -3.325911   5.055459   2.652031   928
 10  22  -3.721598   4.167874   2.379045   928
 10  23  -3.818079   5.914868   2.442302   928
 10  24  -1.488901   6.330256   3.655473   928
 10  25  -2.102414   7.687873   3.537719   928
 10  26  -3.471842   7.766845   2.951519   928
 10  27  -2.317885   8.271455   4.909873   928
 10  28  -1.278762   8.664315   2.755695   928
 10  29   3.558217   6.138762   6.088114   928
 10  30   4.119092   7.305825   6.612310   928
 10  31   4.153861   5.236787   6.180028   928
 10  32   5.140345   7.367177   6.960846   928
 10  33   3.436802   8.519174   6.470999   928
 10  34   4.247780   9.521996   6.863386   928
 10  35   5.181002   9.288091   7.163195   928
 10  36   4.027115  10.502860   6.734493   928
 10  37   2.178608   8.632818   5.869808   928
 10  38   1.512110   9.964811   5.719872   928
 10  39   0.039622   9.855702   5.975161   928
 10  40   1.871436  11.078070   6.665354   928
 10  41   1.576177  10.367274   4.277784   928
 10  42   2.347811   3.834788   5.292174   928
 10  43   2.126452   3.268297   6.555223   928
 10  44   2.759774   2.053936   6.871180   928
 10  45   3.357843   1.371581   5.814721   928
 10  46   3.606767   1.934045   4.546781   928
 10  47   1.552764   3.822314   7.282237   928
 10  48   2.588284   1.600414   7.831653   928
 10  49   3.992273   1.338163   3.734123   928
 10  50   3.109612   3.215417   4.288860   928
 10  51   3.336581   3.780568   3.017643   928
 10  52   2.883891   4.880452   2.709869   928
 10  53   3.900712   3.222380   2.076641   928
 10  54   3.670556   0.020692   6.030829   928
 10  55   4.226513  -0.536824   5.084104   928
 10  56   3.367816  -0.636103   7.154872   928
 10  57   2.822524  -0.129678   7.835748   928
 10  58   3.781996  -1.981820   7.488785   928
 10  59   4.123383  -2.052665   8.530579   928
 10  60   4.529876  -2.276448   6.753141   928
 10  61   2.680331  -3.013445   7.280980   928
 10  62   1.755488  -2.683084   7.766808   928
 10  63   2.822037  -3.977908   7.769174   928
 10  64   2.353834  -3.328833   5.823129   928
 10  65   3.166819  -4.002231   5.561610   928
 10  66   2.246202  -2.394199   5.265301   928
 10  67   1.088505  -4.155663   5.628457   928
 10  68   1.186232  -5.077728   6.201905   928
 10  69   1.032196  -4.327501   4.552957   928
 10  70  -0.189984  -3.477031   6.083572   928
 10  71  -0.265893  -3.478957   7.170233   928
 10  72  -1.039539  -4.111023   5.824512   928
 10  73  -0.500965  -2.170020   5.545327   928
 10  74  -0.737698  -1.095726   6.393886   928
 10  75  -0.069261  -0.938534   7.414760   928
 10  76  -0.940218   0.043732   5.418993   928
 10  77  -1.853839   0.588106   5.669296   928
 10  78  -0.129725   0.768573   5.464931   928
 10  79  -1.015642  -0.465404   3.981742   928
 10  80  -2.053034  -0.411968   3.652251   928
 10  81  -0.693719  -1.939634   4.187693   928
 10  82  -1.247391  -2.748905   3.450585   928
