  1   7   1.441977   0.000000   0.000000  5426
  1   8   1.841499  -0.350909   0.863565  5426
  1   9   0.000000   0.000000   0.000000  5426
  1  10  -0.407220  -0.510474  -0.871313  5426
  1  11  -0.522753  -0.750535   1.228953  5426
  1  12  -1.594407  -0.634191   1.349472  5426
  1  13   0.034469  -0.356328   2.086802  5426
  1  14  -0.232875  -2.541200   1.257010  5426
  1  15  -0.562352   1.418683   0.000000  5426
  1  16  -0.084605   2.315968   0.686103  5426
  1  17  -0.045138   1.965429   5.764033  5426
  1  18  -0.179813   3.300797   5.373325  5426
  1  19   1.239486   1.430714   5.932322  5426
  1  20   0.926722   4.132175   5.211499  5426
  1  21   2.377161   2.249131   5.954515  5426
  1  22   2.181110   3.589142   5.560390  5426
  1  23   1.429155   0.044753   5.968888  5426
  1  24   2.712115  -0.479201   6.181692  5426
  1  25   0.570473  -0.609573   5.870289  5426
  1  26   2.877305  -1.545476   6.155796  5426
  1  27   3.832036   0.356144   6.223838  5426
  1  28   5.008060  -0.292672   6.226940  5426
  1  29   5.127618  -1.292588   6.174314  5426
  1  30   5.851831   0.257556   6.129989  5426
  1  31   3.655752   1.743533   6.182935  5426
  1  32   4.798835   2.687166   6.424425  5426
  1  33   5.291283   3.413352   5.209209  5426
  1  34   4.558820   3.891190   7.279130  5426
  1  35   6.079716   2.093026   6.930433  5426
  1  36  -1.436976   3.909413   5.221897  5426
  1  37  -1.580112   5.269059   4.928343  5426
  1  38  -2.342954   3.334740   5.349391  5426
  1  39  -2.571182   5.654748   4.786831  5426
  1  40  -0.466781   6.015445   4.528969  5426
  1  41  -0.713039   7.259286   4.086570  5426
  1  42  -1.664025   7.566833   3.996895  5426
  1  43   0.090164   7.859619   3.996207  5426
  1  44   0.797179   5.464786   4.812664  5426
  1  45   2.031109   6.253547   4.499661  5426
  1  46   1.929511   7.616620   3.874353  5426
  1  47   2.893190   6.292099   5.719961  5426
  1  48   2.887708   5.711856   3.391103  5426
  1  49  -1.198275   1.213273   5.992579  5426
  1  50  -2.000995   0.972972   4.865949  5426
  1  51  -3.083050   0.097656   4.996625  5426
  1  52  -3.416273  -0.475191   6.223415  5426
  1  53  -2.511056  -0.317051   7.270398  5426
  1  54  -1.869648   1.441338   3.903981  5426
  1  55  -3.675364  -0.041338   4.091504  5426
  1  56  -2.737550  -0.813123   8.206302  5426
  1  57  -1.404728   0.542793   7.209517  5426
  1  58  -0.702080   0.801157   8.402176  5426
  1  59   0.165895   1.669643   8.507767  5426
  1  60  -0.967132   0.138674   9.394830  5426
  1  61  -4.637721  -1.169767   6.352370  5426
  1  62  -4.819692  -1.886722   7.329848  5426
  1  63  -5.548623  -1.228799   5.366586  5426
  1  64  -5.443283  -0.607280   4.582293  5426
  1  65  -6.680195  -2.131779   5.266215  5426
  1  66  -7.579862  -1.576073   5.001659  5426
  1  67  -6.907244  -2.531502   6.255191  5426
  1  68  -6.447045  -3.269375   4.273887  5426
  1  69  -6.304603  -2.846375   3.285109  5426
  1  70  -7.362316  -3.851397   4.324183  5426
  1  71  -5.296196  -4.218507   4.584521  5426
  1  72  -5.518112  -4.620990   5.565368  5426
  1  73  -4.357068  -3.666502   4.620999  5426
  1  74  -5.222686  -5.317177   3.527390  5426
  1  75  -6.195934  -5.629373   3.141873  5426
  1  76  -4.870878  -6.233562   4.011404  5426
  1  77  -4.405546  -4.824452   2.338060  5426
  1  78  -4.946263  -4.099675   1.738290  5426
  1  79  -4.291954  -5.651501   1.632381  5426
  1  80  -3.037564  -4.455879   2.646083  5426
  1  81  -2.130476  -5.309697   3.250306  5426
  1  82  -2.067439  -6.504643   2.982114  5426
  1  83  -0.831703  -4.515040   3.185418  5426
  1  84  -0.421224  -4.591073   4.196371  5426
  1  85  -0.180030  -4.945320   2.426418  5426
  1  86  -1.142942  -3.094727   2.715907  5426
  1  87  -0.968944  -2.305157   3.443646  5426
  1  88  -2.641025  -3.137336   2.436559  5426
  1  89  -3.376402  -2.163715   2.539911  5426
  2   7   1.451792   0.000000  -0.000000  3482
  2   8   1.940773  -0.694145  -0.534100  3482
  2   9   0.000000   0.000000   0.000000  3482
  2  10  -0.427953  -0.472768  -0.889521  3482
  2  11  -0.560964  -0.901061   1.102908  3482
  2  12  -1.648723  -0.967069   1.087974  3482
  2  13  -0.182949  -0.544371   2.058249  3482
  2  14  -0.106425  -2.625415   0.820955  3482
  2  15  -0.570948   1.405211   0.000000  3482
  2  16  -1.535550   1.724141   0.696583  3482
  2  17  -0.088654   0.719806   5.559444  3482
  2  18  -0.149681   2.079213   5.911131  3482
  2  19   1.152502   0.223891   5.147982  3482
  2  20   0.996834   2.871694   5.961932  3482
  2  21   2.313206   0.997584   5.232628  3482
  2  22   2.269124   2.345091   5.641511  3482
  2  23   1.179088  -1.071231   4.610067  3482
  2  24   2.404264  -1.588798   4.172605  3482
  2  25   0.292046  -1.651822   4.423334  3482
  2  26   2.444904  -2.480048   3.578198  3482
  2  27   3.577918  -0.854674   4.413031  3482
  2  28   4.694537  -1.437128   3.973245  3482
  2  29   4.696810  -2.397270   3.652119  3482
  2  30   5.592323  -0.989158   4.090728  3482
  2  31   3.556636   0.457974   4.902318  3482
  2  32   4.792694   1.307045   4.870177  3482
  2  33   6.118159   0.699004   4.511811  3482
  2  34   4.583095   2.485821   3.951943  3482
  2  35   5.190064   1.996108   6.140724  3482
  2  36  -1.374167   2.583467   6.343869  3482
  2  37  -1.503934   3.949458   6.624626  3482
  2  38  -2.263895   1.965062   6.305674  3482
  2  39  -2.459031   4.398850   6.848992  3482
  2  40  -0.374230   4.781010   6.541667  3482
  2  41  -0.634112   6.063180   6.806811  3482
  2  42  -1.606017   6.296664   6.959754  3482
  2  43   0.074117   6.779770   6.901727  3482
  2  44   0.882700   4.235927   6.249928  3482
  2  45   2.138322   5.052809   6.374889  3482
  2  46   2.999673   5.030527   5.144695  3482
  2  47   2.084390   6.455736   6.901379  3482
  2  48   2.868383   4.509990   7.566761  3482
  2  49  -1.245088  -0.046459   5.412136  3482
  2  50  -2.027362   0.169000   4.267266  3482
  2  51  -3.141502  -0.618937   3.954298  3482
  2  52  -3.536741  -1.629148   4.838528  3482
  2  53  -2.735661  -1.832554   5.973340  3482
  2  54  -1.697698   0.930180   3.588423  3482
  2  55  -3.638265  -0.438413   3.013058  3482
  2  56  -2.969718  -2.684124   6.603296  3482
  2  57  -1.568345  -1.126060   6.248358  3482
  2  58  -0.801846  -1.487193   7.378078  3482
  2  59   0.146984  -0.898291   7.889174  3482
  2  60  -1.008833  -2.606724   7.856828  3482
  2  61  -4.678639  -2.376343   4.512542  3482
  2  62  -5.055830  -3.270128   5.261792  3482
  2  63  -5.372676  -2.228863   3.381586  3482
  2  64  -4.871777  -1.757910   2.635326  3482
  2  65  -6.659706  -2.799970   3.025090  3482
  2  66  -7.222458  -1.898826   2.774392  3482
  2  67  -7.089177  -3.314274   3.882790  3482
  2  68  -6.614246  -3.815648   1.892823  3482
  2  69  -6.185464  -3.348164   0.997609  3482
  2  70  -7.612460  -4.125729   1.583763  3482
  2  71  -5.808346  -5.014240   2.361016  3482
  2  72  -6.424003  -5.670800   2.978510  3482
  2  73  -4.927162  -4.814831   2.964961  3482
  2  74  -5.465392  -5.921710   1.178867  3482
  2  75  -6.377091  -6.027129   0.580794  3482
  2  76  -4.992462  -6.859207   1.476584  3482
  2  77  -4.423711  -5.283269   0.272284  3482
  2  78  -4.954502  -4.504776  -0.284413  3482
  2  79  -4.157765  -6.053300  -0.461559  3482
  2  80  -3.210384  -4.908987   0.961085  3482
  2  81  -2.426457  -5.772643   1.710057  3482
  2  82  -2.351449  -6.966679   1.423611  3482
  2  83  -1.148312  -5.044955   2.068547  3482
  2  84  -1.064762  -5.124943   3.153131  3482
  2  85  -0.259068  -5.379131   1.530989  3482
  2  86  -1.371622  -3.585173   1.690173  3482
  2  87  -1.626272  -3.062827   2.615650  3482
  2  88  -2.683930  -3.624142   0.909900  3482
  2  89  -3.402281  -2.629375   0.838430  3482
  3   7   1.455233   0.000000  -0.000000  3608
  3   8   1.999201   0.408130   0.745340  3608
  3   9   0.000000   0.000000   0.000000  3608
  3  10  -0.316375  -0.427746  -0.950075  3608
  3  11  -0.580459  -0.831505   1.137086  3608
  3  12  -1.655823  -0.655485   1.141005  3608
  3  13  -0.183409  -0.507163   2.101272  3608
  3  14  -0.168567  -2.591744   1.027540  3608
  3  15  -0.667728   1.367751   0.000000  3608
  3  16  -1.863758   1.542985   0.227392  3608
  3  17   4.162148  -5.853279   1.251818  3608
  3  18   5.142334  -6.864066   1.245033  3608
  3  19   4.138579  -4.741336   2.100834  3608
  3  20   6.167324  -6.746856   2.189573  3608
  3  21   5.162879  -4.643985   3.059701  3608
  3  22   6.125612  -5.681497   3.112757  3608
  3  23   3.140111  -3.757899   2.096758  3608
  3  24   3.172891  -2.703769   3.014929  3608
  3  25   2.239706  -3.903118   1.510258  3608
  3  26   2.494581  -1.860798   2.936223  3608
  3  27   4.217946  -2.571720   3.925161  3608
  3  28   4.295253  -1.457029   4.671141  3608
  3  29   3.545063  -0.775049   4.603173  3608
  3  30   5.121306  -1.209266   5.179815  3608
  3  31   5.194351  -3.583913   3.965105  3608
  3  32   6.350935  -3.470237   4.918045  3608
  3  33   6.205254  -4.689157   5.783324  3608
  3  34   7.659046  -3.508722   4.194531  3608
  3  35   6.410651  -2.423794   5.994376  3608
  3  36   5.204250  -7.878546   0.288636  3608
  3  37   6.254803  -8.804092   0.298667  3608
  3  38   4.512952  -7.936813  -0.537266  3608
  3  39   6.260439  -9.560252  -0.476891  3608
  3  40   7.266119  -8.712203   1.256320  3608
  3  41   8.323818  -9.527445   1.105474  3608
  3  42   8.170990 -10.232212   0.393542  3608
  3  43   8.949560  -9.791364   1.858598  3608
  3  44   7.158163  -7.723491   2.244598  3608
  3  45   8.285680  -7.602289   3.227510  3608
  3  46   8.537045  -8.850880   4.014872  3608
  3  47   9.612823  -7.177453   2.686395  3608
  3  48   8.041730  -6.696199   4.394895  3608
  3  49   3.185742  -5.946988   0.258416  3608
  3  50   2.146248  -6.863968   0.431352  3608
  3  51   1.160153  -6.955169  -0.552059  3608
  3  52   1.114184  -6.056388  -1.632929  3608
  3  53   2.161646  -5.139029  -1.728172  3608
  3  54   2.179919  -7.582534   1.244880  3608
  3  55   0.354027  -7.666318  -0.424669  3608
  3  56   2.214217  -4.534966  -2.619490  3608
  3  57   3.217010  -5.035286  -0.800840  3608
  3  58   4.258770  -4.137379  -1.076885  3608
  3  59   5.395357  -4.197529  -0.610140  3608
  3  60   4.247914  -3.429608  -2.085766  3608
  3  61   0.001234  -6.000929  -2.495930  3608
  3  62  -0.085761  -5.128317  -3.349794  3608
  3  63  -1.024512  -6.846931  -2.377522  3608
  3  64  -1.066228  -7.440207  -1.568462  3608
  3  65  -2.168454  -6.912542  -3.270213  3608
  3  66  -2.385396  -7.975644  -3.413915  3608
  3  67  -1.960652  -6.377460  -4.193851  3608
  3  68  -3.418907  -6.290983  -2.657163  3608
  3  69  -3.770949  -6.870599  -1.802171  3608
  3  70  -4.202149  -6.364746  -3.418210  3608
  3  71  -3.327717  -4.792911  -2.384284  3608
  3  72  -3.489410  -4.256163  -3.316357  3608
  3  73  -2.360588  -4.577609  -1.920816  3608
  3  74  -4.438402  -4.258628  -1.473666  3608
  3  75  -5.430749  -4.529890  -1.827441  3608
  3  76  -4.472964  -3.177056  -1.358309  3608
  3  77  -4.373879  -4.903131  -0.088332  3608
  3  78  -4.439711  -5.994016  -0.158590  3608
  3  79  -5.207765  -4.495828   0.492045  3608
  3  80  -3.153523  -4.554337   0.607210  3608
  3  81  -2.322591  -5.570433   1.067539  3608
  3  82  -2.725141  -6.716910   1.225165  3608
  3  83  -1.417788  -4.869019   2.069162  3608
  3  84  -1.744817  -5.103907   3.082068  3608
  3  85  -0.375548  -5.105515   1.868148  3608
  3  86  -1.595560  -3.368234   1.830324  3608
  3  87  -1.758557  -2.863932   2.786731  3608
  3  88  -2.844361  -3.248810   0.979661  3608
  3  89  -3.776858  -2.537170   1.327969  3608
  4   7   1.443226  -0.000000   0.000000  3103
  4   8   1.962272   0.365396   0.786115  3103
  4   9   0.000000   0.000000   0.000000  3103
  4  10  -0.379220  -0.587110  -0.846873  3103
  4  11  -0.471790  -0.889454   1.149429  3103
  4  12  -1.559008  -0.818351   1.083834  3103
  4  13  -0.074832  -0.552858   2.095435  3103
  4  14   0.026191  -2.608850   0.857214  3103
  4  15  -0.566647   1.412485  -0.000000  3103
  4  16  -1.758145   1.609330   0.239552  3103
  4  17   3.145939  -7.628733   1.545221  3103
  4  18   3.384153  -7.070436   2.801468  3103
  4  19   4.107533  -7.778054   0.543903  3103
  4  20   4.653603  -6.526835   3.051265  3103
  4  21   5.345039  -7.140859   0.711117  3103
  4  22   5.600162  -6.623568   1.997904  3103
  4  23   3.899874  -8.537405  -0.622657  3103
  4  24   4.873803  -8.541388  -1.619023  3103
  4  25   2.934882  -8.962266  -0.875016  3103
  4  26   4.631360  -9.046441  -2.549315  3103
  4  27   5.991994  -7.702497  -1.520970  3103
  4  28   6.649340  -7.539959  -2.678414  3103
  4  29   6.432673  -8.221010  -3.394322  3103
  4  30   7.507488  -7.011835  -2.686672  3103
  4  31   6.247879  -6.984050  -0.344342  3103
  4  32   7.407297  -6.058956  -0.173012  3103
  4  33   8.240638  -5.745811  -1.382841  3103
  4  34   6.920886  -4.645221  -0.025838  3103
  4  35   8.324685  -6.283924   0.994799  3103
  4  36   2.344746  -6.874807   3.727946  3103
  4  37   2.581717  -6.136904   4.885505  3103
  4  38   1.354188  -7.266740   3.602717  3103
  4  39   1.788700  -5.989617   5.607401  3103
  4  40   3.842780  -5.565868   5.098191  3103
  4  41   3.886641  -4.813963   6.204634  3103
  4  42   3.080738  -4.574784   6.765627  3103
  4  43   4.750747  -4.384194   6.483414  3103
  4  44   4.914131  -5.855091   4.254296  3103
  4  45   6.299500  -5.372880   4.583424  3103
  4  46   7.384014  -6.284369   4.098432  3103
  4  47   6.528986  -4.010290   3.984022  3103
  4  48   6.552544  -5.297774   6.050403  3103
  4  49   1.861038  -8.157436   1.320709  3103
  4  50   1.092136  -7.377106   0.446367  3103
  4  51  -0.241337  -7.759062   0.236217  3103
  4  52  -0.804520  -8.817783   0.947016  3103
  4  53  -0.009426  -9.463216   1.896302  3103
  4  54   1.530875  -6.532204  -0.060238  3103
  4  55  -0.727955  -7.232784  -0.569037  3103
  4  56  -0.461053 -10.235694   2.510557  3103
  4  57   1.368461  -9.273284   1.997577  3103
  4  58   2.148103 -10.157555   2.765707  3103
  4  59   3.376116 -10.107395   2.778653  3103
  4  60   1.640420 -11.091142   3.381315  3103
  4  61  -2.170488  -9.161591   0.829000  3103
  4  62  -2.687732 -10.033384   1.532871  3103
  4  63  -2.942163  -8.338548   0.121595  3103
  4  64  -2.530029  -7.658446  -0.490048  3103
  4  65  -4.388090  -8.421615   0.244039  3103
  4  66  -4.629425  -9.463434   0.485021  3103
  4  67  -4.892169  -8.159618  -0.677190  3103
  4  68  -4.902424  -7.483796   1.323000  3103
  4  69  -4.370352  -7.735057   2.243145  3103
  4  70  -5.981049  -7.571515   1.474896  3103
  4  71  -4.635036  -6.032159   0.923684  3103
  4  72  -5.181590  -5.692334   0.045334  3103
  4  73  -3.605398  -5.819809   0.648633  3103
  4  74  -4.891613  -5.094371   2.108766  3103
  4  75  -5.825563  -5.328157   2.613129  3103
  4  76  -4.918151  -4.034492   1.863508  3103
  4  77  -3.849434  -5.223046   3.209087  3103
  4  78  -3.845001  -6.250660   3.572117  3103
  4  79  -4.078573  -4.560342   4.039098  3103
  4  80  -2.547836  -4.830442   2.701343  3103
  4  81  -1.522355  -5.760092   2.633946  3103
  4  82  -1.462767  -6.845509   3.203173  3103
  4  83  -0.256233  -4.913183   2.572464  3103
  4  84   0.063676  -4.887218   3.618831  3103
  4  85   0.456961  -5.308919   1.849313  3103
  4  86  -0.774794  -3.524311   2.196525  3103
  4  87  -0.514612  -2.992673   3.110126  3103
  4  88  -2.291466  -3.552430   2.235446  3103
  4  89  -2.922690  -2.587946   2.681458  3103
  5   7   1.452311  -0.000000   0.000000  1998
  5   8   1.909788  -0.124255   0.893575  1998
  5   9   0.000000   0.000000   0.000000  1998
  5  10  -0.348410  -0.569462  -0.862566  1998
  5  11  -0.361495  -0.735983   1.292033  1998
  5  12  -1.417606  -0.676120   1.527924  1998
  5  13   0.231355  -0.220933   2.051211  1998
  5  14   0.137294  -2.466232   1.491933  1998
  5  15  -0.634571   1.381819  -0.000000  1998
  5  16  -0.031530   2.311229   0.531355  1998
  5  17 -11.691749 -11.260742   0.526110  1998
  5  18 -12.128570 -10.146625   1.242862  1998
  5  19 -12.571315 -12.314682   0.271209  1998
  5  20 -13.452255 -10.059548   1.693611  1998
  5  21 -13.907257 -12.247272   0.673347  1998
  5  22 -14.341187 -11.103893   1.396043  1998
  5  23 -12.153225 -13.512157  -0.328919  1998
  5  24 -13.069010 -14.534966  -0.601685  1998
  5  25 -11.155228 -13.757050  -0.668668  1998
  5  26 -12.633703 -15.459303  -0.956661  1998
  5  27 -14.422302 -14.411044  -0.267410  1998
  5  28 -15.093374 -15.514262  -0.616661  1998
  5  29 -14.556849 -16.202438  -1.123565  1998
  5  30 -16.078152 -15.644753  -0.420482  1998
  5  31 -14.831167 -13.255141   0.415099  1998
  5  32 -16.271908 -13.111097   0.810595  1998
  5  33 -17.327747 -14.034379   0.267494  1998
  5  34 -16.486877 -13.134481   2.291657  1998
  5  35 -16.722912 -11.838275   0.164514  1998
  5  36 -11.298027  -9.041818   1.473088  1998
  5  37 -11.776850  -7.865141   2.053742  1998
  5  38 -10.258165  -9.059209   1.170622  1998
  5  39 -11.093661  -7.033313   2.151790  1998
  5  40 -13.095854  -7.782863   2.525822  1998
  5  41 -13.378987  -6.558365   2.994587  1998
  5  42 -12.712049  -5.813605   2.856301  1998
  5  43 -14.329198  -6.279729   3.195490  1998
  5  44 -13.922125  -8.898443   2.329739  1998
  5  45 -15.353091  -8.835379   2.765820  1998
  5  46 -16.255928  -9.126311   1.609427  1998
  5  47 -15.674648  -9.768173   3.897008  1998
  5  48 -15.974582  -7.562258   3.277596  1998
  5  49 -10.335838 -11.406764   0.181604  1998
  5  50  -9.427629 -11.502271   1.235850  1998
  5  51  -8.062492 -11.689865   0.973724  1998
  5  52  -7.590554 -11.752407  -0.343986  1998
  5  53  -8.498624 -11.779642  -1.416492  1998
  5  54  -9.728806 -11.501996   2.272380  1998
  5  55  -7.397897 -11.681230   1.818909  1998
  5  56  -8.164124 -11.917676  -2.430372  1998
  5  57  -9.828783 -11.486395  -1.119532  1998
  5  58 -10.639904 -11.356650  -2.271767  1998
  5  59 -11.738981 -10.813992  -2.171013  1998
  5  60 -10.358974 -11.626533  -3.434799  1998
  5  61  -6.203933 -11.717226  -0.602921  1998
  5  62  -5.915014 -11.647216  -1.794402  1998
  5  63  -5.350259 -11.691667   0.420204  1998
  5  64  -5.768904 -11.782534   1.340139  1998
  5  65  -3.960746 -11.278191   0.400402  1998
  5  66  -3.686286 -11.224952  -0.651042  1998
  5  67  -3.369551 -11.974479   1.000044  1998
  5  68  -3.954272  -9.973090   1.189372  1998
  5  69  -4.255723 -10.101539   2.220452  1998
  5  70  -4.710584  -9.317530   0.752756  1998
  5  71  -2.583350  -9.288953   1.107946  1998
  5  72  -1.935829  -9.487315   0.255556  1998
  5  73  -1.961444  -9.597137   1.952194  1998
  5  74  -2.832055  -7.791663   1.260168  1998
  5  75  -3.624449  -7.533549   1.956221  1998
  5  76  -3.048674  -7.356846   0.285126  1998
  5  77  -1.583422  -7.094502   1.813232  1998
  5  78  -0.827522  -7.372851   1.083138  1998
  5  79  -1.298634  -7.503443   2.779133  1998
  5  80  -1.759416  -5.660290   1.836868  1998
  5  81  -2.412996  -4.990696   2.862187  1998
  5  82  -2.325549  -5.471375   3.991215  1998
  5  83  -2.207251  -3.502611   2.603203  1998
  5  84  -3.164347  -2.998599   2.471906  1998
  5  85  -1.592092  -3.062275   3.382872  1998
  5  86  -1.409761  -3.374543   1.299091  1998
  5  87  -2.018171  -2.886620   0.539176  1998
  5  88  -1.225918  -4.824691   0.862314  1998
  5  89  -0.413144  -5.207618   0.030591  1998
  6   7   1.445305   0.000000   0.000000  1822
  6   8   1.927348   0.502967   0.734819  1822
  6   9   0.000000   0.000000   0.000000  1822
  6  10  -0.388910  -0.452267  -0.915807  1822
  6  11  -0.603332  -0.733035   1.190397  1822
  6  12  -1.683108  -0.644184   1.155843  1822
  6  13  -0.243269  -0.249667   2.106699  1822
  6  14  -0.068153  -2.457989   1.371550  1822
  6  15  -0.631078   1.391955  -0.000000  1822
  6  16  -1.845285   1.597592  -0.056650  1822
  6  17  -4.920835   0.050549  -0.903443  1822
  6  18  -3.956748  -0.148295  -1.909570  1822
  6  19  -5.229214   1.359851  -0.538432  1822
  6  20  -3.367111   0.920638  -2.580849  1822
  6  21  -4.744611   2.448193  -1.278207  1822
  6  22  -3.751736   2.237038  -2.257503  1822
  6  23  -6.184100   1.577021   0.458778  1822
  6  24  -6.584918   2.898510   0.731017  1822
  6  25  -6.584709   0.809096   1.113840  1822
  6  26  -7.278891   3.139213   1.518776  1822
  6  27  -6.173307   3.977968  -0.068700  1822
  6  28  -6.621795   5.155857   0.386313  1822
  6  29  -7.309818   5.152052   1.126321  1822
  6  30  -6.404816   6.030190  -0.082583  1822
  6  31  -5.215100   3.754043  -1.053938  1822
  6  32  -4.684416   4.971255  -1.750478  1822
  6  33  -3.938274   5.919470  -0.871068  1822
  6  34  -3.651827   4.827317  -2.819799  1822
  6  35  -5.823900   5.803246  -2.259561  1822
  6  36  -3.505075  -1.462102  -2.124758  1822
  6  37  -2.452078  -1.638023  -3.025672  1822
  6  38  -3.991202  -2.334533  -1.705418  1822
  6  39  -2.188534  -2.632655  -3.351022  1822
  6  40  -1.827504  -0.575448  -3.685172  1822
  6  41  -0.793464  -0.944526  -4.464302  1822
  6  42  -0.678333  -1.914271  -4.701025  1822
  6  43  -0.521962  -0.219259  -5.115973  1822
  6  44  -2.304358   0.724785  -3.479011  1822
  6  45  -1.938276   1.831881  -4.425913  1822
  6  46  -0.982072   2.795947  -3.813006  1822
  6  47  -1.087103   1.473218  -5.607846  1822
  6  48  -3.136223   2.457834  -5.093521  1822
  6  49  -5.535933  -1.012828  -0.247025  1822
  6  50  -5.041157  -1.249660   1.044063  1822
  6  51  -5.577032  -2.232938   1.890764  1822
  6  52  -6.661787  -2.971084   1.407600  1822
  6  53  -7.121551  -2.759402   0.100960  1822
  6  54  -4.249489  -0.637281   1.437323  1822
  6  55  -5.197526  -2.244220   2.898409  1822
  6  56  -7.893568  -3.421207  -0.283879  1822
  6  57  -6.588859  -1.778931  -0.754795  1822
  6  58  -7.155662  -1.589913  -2.027827  1822
  6  59  -6.757266  -0.696983  -2.787140  1822
  6  60  -8.126667  -2.253643  -2.375256  1822
  6  61  -7.219456  -4.021501   2.172342  1822
  6  62  -8.115600  -4.680745   1.664676  1822
  6  63  -6.508185  -4.506454   3.188174  1822
  6  64  -5.779207  -3.933128   3.593493  1822
  6  65  -6.687387  -5.791978   3.815484  1822
  6  66  -7.653830  -6.241705   3.620966  1822
  6  67  -6.599793  -5.689476   4.901495  1822
  6  68  -5.778303  -6.908175   3.300924  1822
  6  69  -6.124113  -7.067973   2.279269  1822
  6  70  -5.911910  -7.822584   3.874429  1822
  6  71  -4.310308  -6.471651   3.256974  1822
  6  72  -4.166945  -5.633210   2.571069  1822
  6  73  -3.815324  -7.326582   2.795905  1822
  6  74  -3.612807  -6.212392   4.588017  1822
  6  75  -3.787926  -7.041667   5.271198  1822
  6  76  -3.986986  -5.353266   5.159940  1822
  6  77  -2.114160  -6.043374   4.351191  1822
  6  78  -1.726835  -6.919959   3.824240  1822
  6  79  -1.632739  -6.123682   5.333375  1822
  6  80  -1.801908  -4.750978   3.774380  1822
  6  81  -2.014458  -3.590119   4.505152  1822
  6  82  -1.945130  -3.477795   5.727068  1822
  6  83  -1.721853  -2.416406   3.574464  1822
  6  84  -2.452498  -1.619608   3.650455  1822
  6  85  -0.793259  -1.926220   3.869135  1822
  6  86  -1.560987  -3.055349   2.191976  1822
  6  87  -2.367737  -2.876049   1.481198  1822
  6  88  -1.562715  -4.565305   2.417871  1822
  6  89  -1.924162  -5.398594   1.588482  1822
  7   7   1.449723   0.000000   0.000000  2185
  7   8   1.944577  -0.144939   0.874192  2185
  7   9   0.000000   0.000000   0.000000  2185
  7  10  -0.362968  -0.457947  -0.914626  2185
  7  11  -0.522928  -0.834857   1.158862  2185
  7  12  -1.610375  -0.823961   1.258047  2185
  7  13  -0.087602  -0.287477   1.994966  2185
  7  14  -0.091397  -2.585289   1.273197  2185
  7  15  -0.591975   1.400309   0.000000  2185
  7  16  -1.818277   1.546963   0.008689  2185
  7  17  -0.973084  -3.579026  -3.454964  2185
  7  18  -1.395234  -3.416207  -4.774124  2185
  7  19   0.400696  -3.440312  -3.198858  2185
  7  20  -0.482647  -3.108326  -5.792060  2185
  7  21   1.357775  -3.088200  -4.162351  2185
  7  22   0.876922  -2.921560  -5.475217  2185
  7  23   0.914309  -3.747781  -1.939787  2185
  7  24   2.267949  -3.619510  -1.610980  2185
  7  25   0.272604  -4.089972  -1.139214  2185
  7  26   2.615669  -3.916628  -0.634348  2185
  7  27   3.203160  -3.099181  -2.515102  2185
  7  28   4.440567  -3.017189  -2.018818  2185
  7  29   4.714413  -3.335468  -1.098706  2185
  7  30   5.216094  -2.663558  -2.563340  2185
  7  31   2.682026  -2.846522  -3.795135  2185
  7  32   3.633859  -2.474703  -4.898928  2185
  7  33   3.003120  -1.335156  -5.658270  2185
  7  34   4.953216  -1.866319  -4.529911  2185
  7  35   3.969373  -3.612156  -5.813932  2185
  7  36  -2.735972  -3.667782  -5.114317  2185
  7  37  -3.158535  -3.448293  -6.424074  2185
  7  38  -3.409753  -3.897846  -4.299647  2185
  7  39  -4.205149  -3.631588  -6.652338  2185
  7  40  -2.231256  -3.106779  -7.420730  2185
  7  41  -2.734732  -3.078818  -8.653868  2185
  7  42  -3.737749  -3.062223  -8.819332  2185
  7  43  -2.088610  -2.914006  -9.416799  2185
  7  44  -0.872100  -2.953680  -7.134971  2185
  7  45   0.165752  -2.612982  -8.164383  2185
  7  46  -0.190386  -2.543231  -9.621675  2185
  7  47   0.838639  -1.299821  -7.913126  2185
  7  48   1.124555  -3.763024  -8.263391  2185
  7  49  -1.843801  -3.976610  -2.436938  2185
  7  50  -1.697979  -5.354147  -2.179007  2185
  7  51  -2.363968  -5.912487  -1.076456  2185
  7  52  -3.321737  -5.159350  -0.393182  2185
  7  53  -3.507288  -3.820533  -0.759843  2185
  7  54  -0.931559  -5.914380  -2.682632  2185
  7  55  -2.194005  -6.932037  -0.794801  2185
  7  56  -4.324548  -3.306357  -0.289298  2185
  7  57  -2.817159  -3.191786  -1.807077  2185
  7  58  -3.149084  -1.878928  -2.172627  2185
  7  59  -2.469783  -1.336455  -3.061938  2185
  7  60  -3.994070  -1.207011  -1.579815  2185
  7  61  -4.204110  -5.693975   0.567542  2185
  7  62  -4.997916  -4.990354   1.173586  2185
  7  63  -3.976481  -6.961873   0.934039  2185
  7  64  -3.370573  -7.525761   0.349654  2185
  7  65  -4.717449  -7.727013   1.907704  2185
  7  66  -4.920315  -8.749496   1.605589  2185
  7  67  -5.709016  -7.282315   2.002232  2185
  7  68  -3.982136  -7.906411   3.234216  2185
  7  69  -2.927797  -8.123478   3.046725  2185
  7  70  -4.417252  -8.729856   3.806939  2185
  7  71  -3.967028  -6.590956   4.006454  2185
  7  72  -4.933146  -6.321314   4.444647  2185
  7  73  -3.840868  -5.784790   3.279627  2185
  7  74  -3.050993  -6.404090   5.207311  2185
  7  75  -3.124040  -7.360694   5.726417  2185
  7  76  -3.196469  -5.518227   5.838962  2185
  7  77  -1.636930  -6.178220   4.705801  2185
  7  78  -1.298521  -6.989662   4.048884  2185
  7  79  -0.969424  -6.264881   5.566048  2185
  7  80  -1.521597  -4.883167   4.073711  2185
  7  81  -1.467725  -3.692365   4.790640  2185
  7  82  -1.474002  -3.581471   6.015288  2185
  7  83  -1.155804  -2.576791   3.813093  2185
  7  84  -1.692459  -1.637703   3.925853  2185
  7  85  -0.093398  -2.338330   3.900974  2185
  7  86  -1.341702  -3.194475   2.422514  2185
  7  87  -2.282090  -2.849040   1.990137  2185
  7  88  -1.361294  -4.693785   2.705158  2185
  7  89  -1.073720  -5.534716   1.862107  2185
  8   7   1.448931   0.000000   0.000000  1493
  8   8   1.901473  -0.767731  -0.484143  1493
  8   9   0.000000   0.000000   0.000000  1493
  8  10  -0.277239  -0.405369  -0.968410  1493
  8  11  -0.454403  -0.999052   1.058499  1493
  8  12  -1.535683  -0.940035   1.171416  1493
  8  13   0.017324  -0.770972   2.020348  1493
  8  14  -0.166187  -2.739510   0.664885  1493
  8  15  -0.728882   1.334775   0.000000  1493
  8  16  -1.822587   1.523659   0.533608  1493
  8  17  -5.396669  -0.504314  -0.195272  1493
  8  18  -4.338305  -0.251217  -1.068887  1493
  8  19  -6.266693   0.558151   0.083344  1493
  8  20  -4.079009   1.031688  -1.559005  1493
  8  21  -6.055711   1.849891  -0.416154  1493
  8  22  -4.928670   2.103251  -1.227447  1493
  8  23  -7.375785   0.407190   0.930588  1493
  8  24  -8.383494   1.379035   1.054834  1493
  8  25  -7.509262  -0.569593   1.359395  1493
  8  26  -9.331574   1.078283   1.486222  1493
  8  27  -8.117439   2.674776   0.616579  1493
  8  28  -9.041637   3.580223   0.941118  1493
  8  29  -9.727178   3.292774   1.631922  1493
  8  30  -9.034944   4.513919   0.570359  1493
  8  31  -6.933394   2.889744  -0.119375  1493
  8  32  -6.594522   4.302636  -0.513203  1493
  8  33  -7.249490   5.424850   0.227779  1493
  8  34  -5.184035   4.732057  -0.209526  1493
  8  35  -7.007796   4.613680  -1.918820  1493
  8  36  -3.493678  -1.286648  -1.489715  1493
  8  37  -2.434207  -1.034521  -2.380587  1493
  8  38  -3.575945  -2.255246  -1.029120  1493
  8  39  -1.792149  -1.896923  -2.522796  1493
  8  40  -2.224675   0.248708  -2.891290  1493
  8  41  -1.087286   0.389648  -3.573918  1493
  8  42  -0.562968  -0.453738  -3.742112  1493
  8  43  -0.874646   1.276083  -4.015758  1493
  8  44  -3.078135   1.293473  -2.512114  1493
  8  45  -2.932580   2.613013  -3.202785  1493
  8  46  -2.329859   2.668090  -4.581151  1493
  8  47  -4.173635   3.411661  -3.425601  1493
  8  48  -2.122879   3.597731  -2.395121  1493
  8  49  -5.691369  -1.801086   0.229620  1493
  8  50  -4.839221  -2.201817   1.262754  1493
  8  51  -5.016179  -3.517603   1.713632  1493
  8  52  -5.941619  -4.397029   1.153391  1493
  8  53  -6.692104  -3.967906   0.049841  1493
  8  54  -4.126146  -1.518744   1.687176  1493
  8  55  -4.268315  -3.920140   2.386735  1493
  8  56  -7.379508  -4.635985  -0.460694  1493
  8  57  -6.582509  -2.664105  -0.427852  1493
  8  58  -7.328232  -2.309997  -1.573236  1493
  8  59  -7.324022  -1.171404  -2.036795  1493
  8  60  -8.019843  -3.144598  -2.144211  1493
  8  61  -5.970329  -5.742218   1.580643  1493
  8  62  -6.623774  -6.564592   0.941890  1493
  8  63  -5.296314  -6.133837   2.665604  1493
  8  64  -4.944744  -5.387228   3.231359  1493
  8  65  -5.135296  -7.500683   3.129392  1493
  8  66  -5.963216  -8.067115   2.702654  1493
  8  67  -5.254763  -7.540076   4.219105  1493
  8  68  -3.773191  -8.074701   2.791061  1493
  8  69  -3.527490  -7.911911   1.743047  1493
  8  70  -3.737852  -9.160007   2.941254  1493
  8  71  -2.711578  -7.569004   3.769253  1493
  8  72  -2.930221  -8.160988   4.657704  1493
  8  73  -2.839051  -6.504042   3.967762  1493
  8  74  -1.316620  -7.973893   3.325009  1493
  8  75  -1.291219  -9.045748   3.091383  1493
  8  76  -0.558264  -7.904330   4.111307  1493
  8  77  -0.809762  -7.268278   2.071972  1493
  8  78  -1.497787  -7.418855   1.230992  1493
  8  79   0.142940  -7.709241   1.792675  1493
  8  80  -0.635082  -5.845250   2.298658  1493
  8  81  -0.033189  -5.287099   3.412521  1493
  8  82   1.036701  -5.752101   3.796841  1493
  8  83  -0.324513  -3.791596   3.367744  1493
  8  84  -0.997145  -3.539024   4.191255  1493
  8  85   0.560623  -3.190551   3.564419  1493
  8  86  -1.045111  -3.501837   2.053752  1493
  8  87  -1.972487  -2.974743   2.219733  1493
  8  88  -1.383773  -4.917614   1.601774  1493
  8  89  -2.174703  -5.194882   0.691799  1493
  9   7   1.453651   0.000000   0.000000  5873
  9   8   1.966428   0.727202   0.472057  5873
  9   9   0.000000   0.000000   0.000000  5873
  9  10  -0.370378  -0.529678  -0.879127  5873
  9  11  -0.432841  -0.886691   1.171592  5873
  9  12  -1.509854  -1.061159   1.157272  5873
  9  13  -0.096929  -0.413086   2.092762  5873
  9  14   0.324974  -2.532524   1.246079  5873
  9  15  -0.732019   1.329153  -0.000000  5873
  9  16  -1.850376   1.413450  -0.497464  5873
  9  17  -1.766448   1.432362  -3.507051  5873
  9  18  -0.575585   2.086789  -3.168425  5873
  9  19  -3.005123   2.052055  -3.286900  5873
  9  20  -0.618304   3.396516  -2.672149  5873
  9  21  -3.087330   3.403157  -2.936667  5873
  9  22  -1.868811   4.028202  -2.574129  5873
  9  23  -4.191240   1.310860  -3.428171  5873
  9  24  -5.448764   1.888422  -3.246356  5873
  9  25  -4.209677   0.254026  -3.634954  5873
  9  26  -6.391219   1.403833  -3.471191  5873
  9  27  -5.528219   3.216439  -2.793854  5873
  9  28  -6.762766   3.666341  -2.561296  5873
  9  29  -7.499739   3.003830  -2.790758  5873
  9  30  -6.897117   4.607732  -2.215127  5873
  9  31  -4.335291   3.940242  -2.610736  5873
  9  32  -4.352214   5.316014  -2.017132  5873
  9  33  -3.540533   6.296840  -2.800240  5873
  9  34  -5.636635   6.056847  -1.808494  5873
  9  35  -3.893026   5.319500  -0.582546  5873
  9  36   0.653596   1.415824  -3.264957  5873
  9  37   1.862071   2.020514  -2.911635  5873
  9  38   0.616242   0.399053  -3.626461  5873
  9  39   2.837615   1.578817  -3.010214  5873
  9  40   1.782616   3.348531  -2.459130  5873
  9  41   3.013036   3.805205  -2.204345  5873
  9  42   3.776218   3.145885  -2.220200  5873
  9  43   3.049978   4.800908  -2.002079  5873
  9  44   0.571596   4.041687  -2.322876  5873
  9  45   0.606130   5.424507  -1.746667  5873
  9  46   1.901077   6.061397  -1.319953  5873
  9  47   0.131464   6.390862  -2.799591  5873
  9  48  -0.363223   5.596055  -0.623890  5873
  9  49  -1.764247   0.124545  -3.995939  5873
  9  50  -1.894403  -0.941755  -3.094019  5873
  9  51  -2.028823  -2.279146  -3.498883  5873
  9  52  -1.952257  -2.616016  -4.846158  5873
  9  53  -1.683692  -1.552485  -5.719186  5873
  9  54  -2.015684  -0.724159  -2.042331  5873
  9  55  -2.218002  -3.076709  -2.800666  5873
  9  56  -1.741959  -1.764690  -6.782423  5873
  9  57  -1.626869  -0.204864  -5.350014  5873
  9  58  -1.522304   0.764056  -6.367098  5873
  9  59  -1.675780   1.972987  -6.222066  5873
  9  60  -1.464932   0.458823  -7.557114  5873
  9  61  -2.244969  -3.929386  -5.272631  5873
  9  62  -2.037628  -4.229143  -6.453714  5873
  9  63  -2.728923  -4.794045  -4.387051  5873
  9  64  -2.972998  -4.559737  -3.444645  5873
  9  65  -3.000653  -6.180952  -4.706511  5873
  9  66  -3.431086  -6.285217  -5.700166  5873
  9  67  -3.748838  -6.516343  -3.985724  5873
  9  68  -1.769339  -7.070432  -4.626559  5873
  9  69  -1.135280  -6.831149  -5.488193  5873
  9  70  -2.105664  -8.108006  -4.713863  5873
  9  71  -1.056719  -6.872599  -3.300610  5873
  9  72  -0.800743  -5.811262  -3.199913  5873
  9  73  -0.083721  -7.322545  -3.519295  5873
  9  74  -1.608984  -7.486500  -2.015339  5873
  9  75  -1.461012  -8.575074  -2.018648  5873
  9  76  -2.671069  -7.293796  -1.934460  5873
  9  77  -0.873044  -7.014078  -0.767855  5873
  9  78   0.206032  -7.162515  -0.780531  5873
  9  79  -1.166856  -7.595709   0.099252  5873
  9  80  -1.106250  -5.595514  -0.532290  5873
  9  81  -2.332473  -5.091372  -0.092157  5873
  9  82  -3.248856  -5.838698   0.245849  5873
  9  83  -2.092731  -3.679651   0.424432  5873
  9  84  -2.778797  -3.043616  -0.145892  5873
  9  85  -2.205001  -3.471611   1.487408  5873
  9  86  -0.670519  -3.348548  -0.023096  5873
  9  87  -0.775290  -2.724311  -0.907996  5873
  9  88  -0.079800  -4.674039  -0.474118  5873
  9  89   1.116637  -4.968503  -0.509224  5873
 10   7   1.454305   0.000000  -0.000000  7387
 10   8   1.906068   0.655227   0.620071  7387
 10   9   0.000000   0.000000   0.000000  7387
 10  10  -0.354806  -0.444473  -0.926960  7387
 10  11  -0.535305  -0.868334   1.129047  7387
 10  12  -1.626548  -0.860620   1.204728  7387
 10  13  -0.158837  -0.398304   2.039346  7387
 10  14  -0.041253  -2.608275   1.076898  7387
 10  15  -0.597192   1.402089   0.000000  7387
 10  16   0.140274   2.354318   0.228707  7387
 10  17  -3.251038   1.200204  -3.627512  7387
 10  18  -1.902969   1.537454  -3.506368  7387
 10  19  -4.282458   2.142112  -3.553501  7387
 10  20  -1.485245   2.834920  -3.163741  7387
 10  21  -3.908055   3.469553  -3.323234  7387
 10  22  -2.554830   3.752870  -3.068058  7387
 10  23  -5.621243   1.764239  -3.730891  7387
 10  24  -6.600064   2.743315  -3.495474  7387
 10  25  -5.990493   0.766007  -3.929607  7387
 10  26  -7.638705   2.454055  -3.530873  7387
 10  27  -6.248350   4.085125  -3.284665  7387
 10  28  -7.331343   4.863423  -3.168561  7387
 10  29  -8.226616   4.505921  -3.488369  7387
 10  30  -7.207573   5.822072  -2.887543  7387
 10  31  -4.899251   4.447280  -3.208004  7387
 10  32  -4.693998   5.907081  -2.898569  7387
 10  33  -5.222089   6.839068  -3.937956  7387
 10  34  -5.482005   6.432874  -1.730027  7387
 10  35  -3.355215   6.392510  -2.436167  7387
 10  36  -0.891145   0.576645  -3.658857  7387
 10  37   0.471361   0.878752  -3.518837  7387
 10  38  -1.158283  -0.448420  -3.832009  7387
 10  39   1.277935   0.162449  -3.647108  7387
 10  40   0.823076   2.193461  -3.199558  7387
 10  41   2.149483   2.381339  -3.281684  7387
 10  42   2.685823   1.557924  -3.487425  7387
 10  43   2.531109   3.316516  -3.241621  7387
 10  44  -0.141304   3.196803  -3.004175  7387
 10  45   0.268169   4.630258  -2.931804  7387
 10  46  -0.475486   5.426352  -1.903157  7387
 10  47   1.671933   4.976613  -2.550248  7387
 10  48   0.051571   5.325898  -4.246899  7387
 10  49  -3.530552  -0.101155  -4.072524  7387
 10  50  -4.083392  -0.976315  -3.138788  7387
 10  51  -4.174156  -2.342775  -3.420291  7387
 10  52  -3.628536  -2.892852  -4.581073  7387
 10  53  -3.262379  -1.956992  -5.550345  7387
 10  54  -4.258732  -0.719066  -2.101879  7387
 10  55  -4.550625  -2.971284  -2.623140  7387
 10  56  -3.004524  -2.330228  -6.537871  7387
 10  57  -3.211842  -0.572360  -5.347275  7387
 10  58  -2.960175   0.254116  -6.459122  7387
 10  59  -3.064349   1.477281  -6.374760  7387
 10  60  -2.580612  -0.213132  -7.534673  7387
 10  61  -3.546020  -4.292494  -4.760235  7387
 10  62  -2.929229  -4.746572  -5.717252  7387
 10  63  -4.210255  -5.110825  -3.932151  7387
 10  64  -4.813638  -4.727211  -3.227829  7387
 10  65  -4.265951  -6.560560  -3.971712  7387
 10  66  -3.692481  -7.001138  -4.796288  7387
 10  67  -5.284995  -6.906163  -4.164087  7387
 10  68  -3.790465  -7.228093  -2.691083  7387
 10  69  -4.048319  -8.283157  -2.784146  7387
 10  70  -4.288641  -6.823920  -1.806457  7387
 10  71  -2.300061  -6.903324  -2.596104  7387
 10  72  -2.163917  -5.824072  -2.672162  7387
 10  73  -1.854487  -7.496012  -3.394153  7387
 10  74  -1.592508  -7.449756  -1.368191  7387
 10  75  -0.518799  -7.248762  -1.428601  7387
 10  76  -1.771973  -8.520713  -1.317718  7387
 10  77  -2.112342  -6.861241  -0.054905  7387
 10  78  -1.509993  -7.276889   0.744724  7387
 10  79  -3.126231  -7.158641   0.193458  7387
 10  80  -2.130912  -5.404192  -0.082662  7387
 10  81  -3.208745  -4.626053   0.309982  7387
 10  82  -4.363938  -5.036992   0.428565  7387
 10  83  -2.717791  -3.192981   0.271625  7387
 10  84  -3.264445  -2.660033  -0.521746  7387
 10  85  -2.753890  -2.661248   1.220390  7387
 10  86  -1.243889  -3.232849  -0.130155  7387
 10  87  -1.096395  -2.683039  -1.057600  7387
 10  88  -0.949934  -4.711746  -0.306073  7387
 10  89   0.160908  -5.223991  -0.175924  7387
 11   7   1.449000  -0.000000  -0.000000  3203
 11   8   1.909869  -0.125972   0.892766  3203
 11   9   0.000000   0.000000   0.000000  3203
 11  10  -0.340649  -0.457991  -0.926446  3203
 11  11  -0.462942  -0.922720   1.127642  3203
 11  12  -1.548794  -0.994423   1.193846  3203
 11  13  -0.252727  -0.380044   2.050146  3203
 11  14   0.379709  -2.510374   1.315766  3203
 11  15  -0.607868   1.391222  -0.000000  3203
 11  16   0.011732   2.369163   0.430726  3203
 11  17   1.634093  -2.729895  -3.049052  3203
 11  18   2.803589  -2.189149  -3.594735  3203
 11  19   0.399448  -2.112522  -3.246551  3203
 11  20   2.750450  -1.110312  -4.485124  3203
 11  21   0.331953  -1.087402  -4.207002  3203
 11  22   1.496482  -0.570387  -4.819109  3203
 11  23  -0.766184  -2.637779  -2.673570  3203
 11  24  -2.013527  -2.075122  -2.992085  3203
 11  25  -0.763286  -3.509561  -2.040093  3203
 11  26  -2.880196  -2.536315  -2.563726  3203
 11  27  -2.082678  -1.130438  -4.027550  3203
 11  28  -3.335267  -0.702977  -4.235638  3203
 11  29  -4.106281  -0.871658  -3.605810  3203
 11  30  -3.456178   0.020488  -4.936762  3203
 11  31  -0.920359  -0.616546  -4.608266  3203
 11  32  -1.122705   0.324138  -5.761812  3203
 11  33  -1.369358   1.696075  -5.215870  3203
 11  34  -0.001794   0.526381  -6.745964  3203
 11  35  -2.297309   0.150042  -6.683656  3203
 11  36   4.032989  -2.818947  -3.363800  3203
 11  37   5.198896  -2.291629  -3.926999  3203
 11  38   4.139959  -3.695138  -2.742554  3203
 11  39   6.169774  -2.632431  -3.596318  3203
 11  40   5.118013  -1.197528  -4.789151  3203
 11  41   6.299381  -0.812461  -5.292137  3203
 11  42   7.138166  -1.271788  -4.963420  3203
 11  43   6.361908   0.089631  -5.739600  3203
 11  44   3.906696  -0.546962  -5.045420  3203
 11  45   3.943687   0.647014  -5.962618  3203
 11  46   2.775986   1.598978  -5.956483  3203
 11  47   5.081023   1.603978  -5.787448  3203
 11  48   4.001658   0.257024  -7.405375  3203
 11  49   1.715805  -3.899247  -2.283524  3203
 11  50   2.374740  -3.790824  -1.057250  3203
 11  51   2.470807  -4.906466  -0.221657  3203
 11  52   1.924774  -6.139708  -0.580209  3203
 11  53   1.249273  -6.168828  -1.812504  3203
 11  54   2.852725  -2.873679  -0.722174  3203
 11  55   2.991304  -4.773131   0.717015  3203
 11  56   0.726568  -7.083230  -2.054884  3203
 11  57   1.110834  -5.093697  -2.699705  3203
 11  58   0.571566  -5.327091  -3.974584  3203
 11  59   0.549205  -4.445056  -4.834591  3203
 11  60   0.294270  -6.472818  -4.318270  3203
 11  61   1.865974  -7.280175   0.254762  3203
 11  62   1.007865  -8.124768   0.027584  3203
 11  63   2.729052  -7.380636   1.273931  3203
 11  64   3.338716  -6.599672   1.429519  3203
 11  65   2.926016  -8.463622   2.212253  3203
 11  66   3.787024  -9.087622   1.971856  3203
 11  67   2.171563  -9.241577   2.295259  3203
 11  68   3.021531  -7.922974   3.639374  3203
 11  69   4.040716  -7.599135   3.838848  3203
 11  70   2.854242  -8.765033   4.302061  3203
 11  71   1.991440  -6.907290   4.139375  3203
 11  72   2.160246  -5.938421   3.664616  3203
 11  73   2.236575  -6.734700   5.190005  3203
 11  74   0.521874  -7.286957   3.995050  3203
 11  75   0.379845  -8.230900   4.525142  3203
 11  76   0.390473  -7.499989   2.929286  3203
 11  77  -0.561631  -6.395457   4.584070  3203
 11  78  -0.372950  -6.233588   5.648775  3203
 11  79  -1.505593  -6.907527   4.422144  3203
 11  80  -0.650243  -5.101388   3.935583  3203
 11  81  -0.656593  -3.911398   4.645993  3203
 11  82  -1.013529  -3.965934   5.822820  3203
 11  83  -0.943826  -2.787784   3.660762  3203
 11  84  -1.932783  -2.346195   3.810305  3203
 11  85  -0.123535  -2.078528   3.753953  3203
 11  86  -0.915254  -3.365714   2.248219  3203
 11  87  -1.888339  -3.177538   1.806635  3203
 11  88  -0.755834  -4.839666   2.574792  3203
 11  89  -1.023190  -5.745859   1.771404  3203
 12   7   1.448518  -0.000000  -0.000000  2806
 12   8   1.939916   0.363693   0.804895  2806
 12   9   0.000000   0.000000   0.000000  2806
 12  10  -0.335722  -0.503110  -0.907013  2806
 12  11  -0.524606  -0.723049   1.237131  2806
 12  12  -1.577754  -0.452011   1.350365  2806
 12  13  -0.066897  -0.253943   2.113111  2806
 12  14  -0.192610  -2.492865   1.291212  2806
 12  15  -0.555328   1.416266  -0.000000  2806
 12  16  -1.770364   1.560347  -0.065020  2806
 12  17   0.427952  -0.113569   5.625350  2806
 12  18  -0.080776   0.989606   4.917395  2806
 12  19   1.633738  -0.026152   6.331636  2806
 12  20   0.538340   2.237544   4.942863  2806
 12  21   2.344741   1.186571   6.312198  2806
 12  22   1.787481   2.275164   5.609896  2806
 12  23   2.160898  -1.115955   7.020062  2806
 12  24   3.365992  -0.944927   7.706136  2806
 12  25   1.596735  -2.032941   7.134773  2806
 12  26   3.801540  -1.793797   8.211919  2806
 12  27   4.042062   0.277964   7.660690  2806
 12  28   5.230659   0.237407   8.278507  2806
 12  29   5.482364  -0.593099   8.792316  2806
 12  30   5.721297   1.100359   8.472136  2806
 12  31   3.584352   1.376360   6.936171  2806
 12  32   4.258834   2.716476   6.984833  2806
 12  33   4.418860   3.477960   5.706424  2806
 12  34   3.393535   3.698265   7.731187  2806
 12  35   5.631550   2.916370   7.557019  2806
 12  36  -1.285387   0.866993   4.218839  2806
 12  37  -1.683727   1.868917   3.330710  2806
 12  38  -1.863839  -0.044229   4.155049  2806
 12  39  -2.569252   1.696027   2.729917  2806
 12  40  -0.989843   3.084102   3.312161  2806
 12  41  -1.415381   3.826679   2.282259  2806
 12  42  -2.270188   3.572422   1.823718  2806
 12  43  -1.021531   4.734713   2.062126  2806
 12  44   0.139725   3.294150   4.122627  2806
 12  45   0.975959   4.525618   3.988446  2806
 12  46   1.181617   5.049181   5.370396  2806
 12  47   2.163728   4.249609   3.107975  2806
 12  48   0.429814   5.736697   3.272964  2806
 12  49  -0.274490  -1.314886   5.553156  2806
 12  50   0.362507  -2.376380   4.905417  2806
 12  51  -0.172867  -3.674587   4.832404  2806
 12  52  -1.420696  -3.873317   5.423362  2806
 12  53  -2.011370  -2.857843   6.190835  2806
 12  54   1.326046  -2.213856   4.451455  2806
 12  55   0.300238  -4.428663   4.225082  2806
 12  56  -2.916641  -3.054855   6.737617  2806
 12  57  -1.431743  -1.589943   6.300222  2806
 12  58  -1.945788  -0.672928   7.241574  2806
 12  59  -1.514797   0.444831   7.491905  2806
 12  60  -2.906427  -0.987393   7.947538  2806
 12  61  -2.053066  -5.123345   5.261072  2806
 12  62  -3.255676  -5.204997   5.498689  2806
 12  63  -1.439058  -6.188415   4.742788  2806
 12  64  -0.435963  -6.122717   4.643877  2806
 12  65  -2.053409  -7.474521   4.465286  2806
 12  66  -2.873284  -7.733863   5.142154  2806
 12  67  -1.397497  -8.340214   4.537759  2806
 12  68  -2.719057  -7.426967   3.101631  2806
 12  69  -3.490605  -6.654839   3.086375  2806
 12  70  -3.312214  -8.328772   2.953609  2806
 12  71  -1.706916  -7.175060   1.986725  2806
 12  72  -0.890218  -7.879634   2.121556  2806
 12  73  -1.183415  -6.228194   2.130573  2806
 12  74  -2.176638  -7.318429   0.539034  2806
 12  75  -2.600035  -8.311762   0.427127  2806
 12  76  -1.376576  -7.140359  -0.181448  2806
 12  77  -3.312767  -6.325836   0.315269  2806
 12  78  -4.092598  -6.739784   0.954804  2806
 12  79  -3.713796  -6.269776  -0.700671  2806
 12  80  -2.931065  -4.981266   0.674347  2806
 12  81  -3.708000  -4.189503   1.512254  2806
 12  82  -4.561356  -4.632211   2.277755  2806
 12  83  -2.944115  -2.890522   1.709293  2806
 12  84  -3.623844  -2.048923   1.582487  2806
 12  85  -2.609221  -2.928737   2.751831  2806
 12  86  -1.834980  -2.921918   0.660945  2806
 12  87  -2.147988  -2.347890  -0.209180  2806
 12  88  -1.780233  -4.367760   0.214354  2806
 12  89  -1.269019  -4.688893  -0.859348  2806
 13   7   1.452479   0.000000   0.000000  2007
 13   8   1.858611   0.281023   0.874406  2007
 13   9   0.000000   0.000000   0.000000  2007
 13  10  -0.304582  -0.417889  -0.959585  2007
 13  11  -0.518910  -0.771609   1.201145  2007
 13  12  -1.578200  -0.515569   1.280809  2007
 13  13  -0.024239  -0.343138   2.070980  2007
 13  14  -0.276019  -2.563822   1.343883  2007
 13  15  -0.558147   1.417595   0.000000  2007
 13  16  -1.757474   1.702021  -0.010803  2007
 13  17   0.967917   0.093842   6.159426  2007
 13  18   0.456175   0.869153   5.110084  2007
 13  19   2.212339   0.425438   6.700497  2007
 13  20   1.040213   2.084932   4.753315  2007
 13  21   2.892833   1.591933   6.316023  2007
 13  22   2.278234   2.418096   5.352324  2007
 13  23   2.918713  -0.463420   7.506886  2007
 13  24   4.201622  -0.167603   7.989316  2007
 13  25   2.467276  -1.303696   8.018299  2007
 13  26   4.646100  -0.792336   8.742342  2007
 13  27   4.850927   0.972012   7.489931  2007
 13  28   6.044058   1.134850   8.069608  2007
 13  29   6.241098   0.505809   8.835102  2007
 13  30   6.544032   1.995998   7.903027  2007
 13  31   4.208514   1.906368   6.677295  2007
 13  32   4.835995   3.213179   6.291791  2007
 13  33   3.835638   4.308384   6.491579  2007
 13  34   5.938658   3.732402   7.164223  2007
 13  35   5.228154   3.236659   4.843184  2007
 13  36  -0.724355   0.482576   4.470551  2007
 13  37  -1.349422   1.330086   3.555170  2007
 13  38  -1.319822  -0.312897   4.906146  2007
 13  39  -2.313152   1.101741   3.118267  2007
 13  40  -0.804557   2.592233   3.279119  2007
 13  41  -1.511208   3.327273   2.406098  2007
 13  42  -2.438311   3.021432   2.147950  2007
 13  43  -1.091922   4.141698   1.969506  2007
 13  44   0.429330   2.948536   3.844243  2007
 13  45   1.094058   4.193615   3.326444  2007
 13  46   0.906728   4.486323   1.875540  2007
 13  47   0.606962   5.408296   4.064744  2007
 13  48   2.556798   4.367023   3.605954  2007
 13  49   0.523915  -1.231161   6.273996  2007
 13  50   0.737757  -2.116706   5.215231  2007
 13  51   0.306700  -3.451570   5.262460  2007
 13  52  -0.411317  -3.942866   6.354604  2007
 13  53  -0.689669  -3.035528   7.391840  2007
 13  54   1.289161  -1.693549   4.386142  2007
 13  55   0.516203  -4.055807   4.399265  2007
 13  56  -1.299112  -3.337985   8.233685  2007
 13  57  -0.175857  -1.726138   7.382065  2007
 13  58  -0.470388  -0.973732   8.533907  2007
 13  59  -0.047799   0.163804   8.739645  2007
 13  60  -1.073428  -1.404594   9.514571  2007
 13  61  -0.806367  -5.284575   6.528548  2007
 13  62  -1.324519  -5.672206   7.572655  2007
 13  63  -0.460477  -6.165672   5.589544  2007
 13  64   0.104696  -5.833102   4.817940  2007
 13  65  -0.913084  -7.531451   5.447089  2007
 13  66  -1.166033  -7.958362   6.423186  2007
 13  67  -0.062676  -8.079034   5.043279  2007
 13  68  -2.037227  -7.646601   4.416341  2007
 13  69  -2.882608  -7.015987   4.707988  2007
 13  70  -2.423190  -8.653959   4.525266  2007
 13  71  -1.677977  -7.300508   2.979517  2007
 13  72  -1.073219  -8.101414   2.553700  2007
 13  73  -1.239414  -6.309477   2.793999  2007
 13  74  -2.883636  -7.260395   2.052926  2007
 13  75  -3.463954  -8.185063   2.070813  2007
 13  76  -2.463112  -7.187302   1.047978  2007
 13  77  -3.819551  -6.079785   2.317932  2007
 13  78  -4.385756  -6.240712   3.224583  2007
 13  79  -4.658803  -6.077757   1.615827  2007
 13  80  -3.183670  -4.785541   2.215044  2007
 13  81  -3.511523  -3.730791   3.066757  2007
 13  82  -3.914010  -3.924322   4.211594  2007
 13  83  -2.687826  -2.528369   2.633272  2007
 13  84  -3.350484  -1.671325   2.522997  2007
 13  85  -2.033429  -2.196930   3.423281  2007
 13  86  -2.050844  -2.903279   1.301921  2007
 13  87  -2.534980  -2.479756   0.422239  2007
 13  88  -2.391575  -4.380131   1.143770  2007
 13  89  -2.453949  -4.907089   0.044760  2007
 14   7   1.451517   0.000000  -0.000000  3407
 14   8   1.869494  -0.324439   0.859151  3407
 14   9   0.000000   0.000000   0.000000  3407
 14  10  -0.297275  -0.534365  -0.906961  3407
 14  11  -0.484459  -0.828761   1.185143  3407
 14  12  -1.575593  -0.893271   1.220687  3407
 14  13  -0.325109  -0.273015   2.116997  3407
 14  14   0.059181  -2.547908   1.311210  3407
 14  15  -0.580842   1.397864  -0.000000  3407
 14  16   0.029141   2.330646   0.521766  3407
 14  17  -1.196062   0.233839   5.818433  3407
 14  18  -1.753479   1.040304   4.817135  3407
 14  19  -0.336272   0.810864   6.768489  3407
 14  20  -1.565125   2.420485   4.872141  3407
 14  21   0.034444   2.159584   6.732091  3407
 14  22  -0.635132   2.959076   5.786215  3407
 14  23   0.303750  -0.038253   7.673573  3407
 14  24   1.174218   0.435616   8.662932  3407
 14  25   0.117806  -1.103882   7.751423  3407
 14  26   1.564707  -0.232610   9.415988  3407
 14  27   1.501943   1.794945   8.620259  3407
 14  28   2.222637   2.096553   9.707058  3407
 14  29   2.280646   1.407427  10.439614  3407
 14  30   2.275478   3.084055   9.930998  3407
 14  31   0.951828   2.658956   7.666238  3407
 14  32   1.374489   4.098581   7.650767  3407
 14  33   2.458252   4.536174   8.583651  3407
 14  34   1.830839   4.544310   6.297412  3407
 14  35   0.266751   5.057385   7.936611  3407
 14  36  -2.471969   0.433000   3.772120  3407
 14  37  -3.146504   1.252394   2.862013  3407
 14  38  -2.552228  -0.630849   3.670732  3407
 14  39  -3.827792   0.875235   2.110683  3407
 14  40  -2.990255   2.644202   2.869751  3407
 14  41  -3.626003   3.288136   1.875332  3407
 14  42  -4.262578   2.726028   1.333751  3407
 14  43  -3.588181   4.286207   1.741833  3407
 14  44  -2.109521   3.170910   3.814360  3407
 14  45  -1.803359   4.632379   3.773378  3407
 14  46  -0.363210   5.035993   3.673046  3407
 14  47  -2.594601   5.521243   2.855962  3407
 14  48  -2.379998   5.101997   5.076046  3407
 14  49  -1.385104  -1.149488   5.826592  3407
 14  50  -0.352734  -2.032663   5.451870  3407
 14  51  -0.434856  -3.426789   5.346668  3407
 14  52  -1.716480  -3.994742   5.389874  3407
 14  53  -2.792528  -3.134439   5.642660  3407
 14  54   0.592759  -1.635784   5.127325  3407
 14  55   0.430516  -3.953490   4.965721  3407
 14  56  -3.786731  -3.558853   5.648660  3407
 14  57  -2.612787  -1.793535   6.009086  3407
 14  58  -3.679051  -1.113375   6.623465  3407
 14  59  -3.711914   0.084818   6.866472  3407
 14  60  -4.723475  -1.711965   6.870386  3407
 14  61  -1.881273  -5.370782   5.148517  3407
 14  62  -3.039097  -5.781563   5.023589  3407
 14  63  -0.870467  -6.242959   5.195237  3407
 14  64   0.023976  -5.860139   5.483715  3407
 14  65  -1.047315  -7.673943   5.102995  3407
 14  66  -2.099112  -7.899235   4.883978  3407
 14  67  -0.736192  -8.175486   6.012312  3407
 14  68  -0.130274  -8.177672   3.992321  3407
 14  69  -0.293552  -9.255415   4.085653  3407
 14  70   0.892380  -7.915128   4.250873  3407
 14  71  -0.410188  -7.582468   2.613055  3407
 14  72   0.389527  -7.964974   1.969439  3407
 14  73  -0.281083  -6.502541   2.661949  3407
 14  74  -1.746927  -7.915643   1.964424  3407
 14  75  -2.602722  -7.703592   2.608432  3407
 14  76  -1.672110  -8.977365   1.760342  3407
 14  77  -1.873415  -7.180141   0.631820  3407
 14  78  -2.656392  -7.467998  -0.068676  3407
 14  79  -1.022513  -7.469126   0.018749  3407
 14  80  -1.945893  -5.737367   0.794757  3407
 14  81  -2.903720  -5.103647   1.575823  3407
 14  82  -3.964610  -5.631530   1.895746  3407
 14  83  -2.529767  -3.630894   1.599466  3407
 14  84  -3.404232  -3.042300   1.318459  3407
 14  85  -2.269833  -3.467015   2.645881  3407
 14  86  -1.349070  -3.461853   0.648688  3407
 14  87  -1.751477  -2.920765  -0.205823  3407
 14  88  -0.957755  -4.897261   0.321780  3407
 14  89  -0.165272  -5.221610  -0.556498  3407
 15   7   1.443986  -0.000000   0.000000  4691
 15   8   1.882633  -0.485414  -0.772248  4691
 15   9   0.000000   0.000000   0.000000  4691
 15  10  -0.327428  -0.549820  -0.891342  4691
 15  11  -0.489894  -0.961474   1.086727  4691
 15  12  -1.569683  -1.015372   1.206531  4691
 15  13  -0.261012  -0.587674   2.079089  4691
 15  14   0.020773  -2.684003   0.849413  4691
 15  15  -0.659145   1.371761   0.000000  4691
 15  16  -1.870651   1.532241   0.160931  4691
 15  17   5.047341  -2.006230   3.847267  4691
 15  18   6.238628  -1.419956   4.280765  4691
 15  19   4.985222  -2.539159   2.560166  4691
 15  20   7.359759  -1.381474   3.444892  4691
 15  21   6.114247  -2.519041   1.723748  4691
 15  22   7.335519  -1.952620   2.159821  4691
 15  23   3.800169  -3.109827   2.057984  4691
 15  24   3.748713  -3.516979   0.723263  4691
 15  25   2.890466  -3.191055   2.626704  4691
 15  26   2.828137  -3.900934   0.328270  4691
 15  27   4.885218  -3.439398  -0.106699  4691
 15  28   4.745464  -3.733192  -1.403294  4691
 15  29   3.796494  -3.881548  -1.709472  4691
 15  30   5.521509  -3.739441  -2.060798  4691
 15  31   6.115908  -3.046324   0.436437  4691
 15  32   7.316265  -3.037278  -0.461544  4691
 15  33   8.677149  -3.048635   0.184960  4691
 15  34   7.461554  -4.131879  -1.465801  4691
 15  35   7.255807  -1.912336  -1.451871  4691
 15  36   6.340707  -1.035060   5.631038  4691
 15  37   7.558656  -0.570181   6.138372  4691
 15  38   5.489178  -1.061436   6.294661  4691
 15  39   7.572368  -0.191441   7.150187  4691
 15  40   8.652848  -0.476774   5.263032  4691
 15  41   9.824604  -0.230552   5.865000  4691
 15  42   9.678620   0.246918   6.740621  4691
 15  43  10.699679  -0.198693   5.357627  4691
 15  44   8.571405  -0.864072   3.925734  4691
 15  45   9.733257  -0.793848   2.977014  4691
 15  46   9.286300  -0.292893   1.638032  4691
 15  47  10.864569   0.177166   3.153259  4691
 15  48  10.387071  -2.143750   2.897053  4691
 15  49   3.906267  -2.139443   4.651070  4691
 15  50   2.806604  -1.309006   4.403654  4691
 15  51   1.548629  -1.421552   5.019555  4691
 15  52   1.458254  -2.309152   6.101083  4691
 15  53   2.583886  -3.076081   6.419157  4691
 15  54   2.932921  -0.567796   3.638638  4691
 15  55   0.788305  -0.705950   4.750631  4691
 15  56   2.525506  -3.767952   7.239401  4691
 15  57   3.742345  -3.120991   5.631781  4691
 15  58   4.660773  -4.151072   5.945510  4691
 15  59   5.731764  -4.228240   5.345245  4691
 15  60   4.473720  -4.944572   6.859113  4691
 15  61   0.290100  -2.420674   6.882608  4691
 15  62   0.274103  -3.014907   7.961834  4691
 15  63  -0.819327  -1.766312   6.556442  4691
 15  64  -0.714201  -1.067871   5.824918  4691
 15  65  -2.031317  -1.700980   7.347967  4691
 15  66  -2.257080  -0.649055   7.524274  4691
 15  67  -1.905208  -2.186979   8.305987  4691
 15  68  -3.141301  -2.438601   6.587538  4691
 15  69  -3.407785  -1.905674   5.684225  4691
 15  70  -3.962360  -2.453252   7.297359  4691
 15  71  -2.773778  -3.907262   6.362890  4691
 15  72  -2.666922  -4.315761   7.365890  4691
 15  73  -1.851679  -4.071723   5.813722  4691
 15  74  -3.705436  -4.716437   5.459703  4691
 15  75  -4.695818  -4.511887   5.870558  4691
 15  76  -3.519633  -5.783773   5.590746  4691
 15  77  -3.831546  -4.248588   4.012735  4691
 15  78  -4.199415  -3.229226   3.962008  4691
 15  79  -4.549281  -4.823099   3.437069  4691
 15  80  -2.570178  -4.284218   3.302325  4691
 15  81  -1.720796  -5.378312   3.305516  4691
 15  82  -2.224194  -6.496154   3.228598  4691
 15  83  -0.553471  -4.851808   2.471158  4691
 15  84   0.442243  -5.141787   2.814474  4691
 15  85  -0.807215  -5.280492   1.500466  4691
 15  86  -0.614620  -3.330118   2.410985  4691
 15  87   0.039472  -2.897506   3.177216  4691
 15  88  -2.101337  -3.138585   2.676297  4691
 15  89  -2.504801  -2.038058   3.044074  4691
 16   7   1.450310  -0.000000   0.000000  6178
 16   8   1.856568   0.201069   0.897232  6178
 16   9   0.000000   0.000000   0.000000  6178
 16  10  -0.372266  -0.511944  -0.896343  6178
 16  11  -0.447974  -0.836881   1.194298  6178
 16  12  -1.531742  -0.843438   1.308770  6178
 16  13  -0.036406  -0.413213   2.114362  6178
 16  14   0.019030  -2.583506   1.129396  6178
 16  15  -0.550365   1.413400   0.000000  6178
 16  16  -1.739628   1.627262   0.236891  6178
 16  17   4.480833  -8.559580   2.609010  6178
 16  18   4.874474  -7.818851   3.726941  6178
 16  19   5.325273  -8.848918   1.536953  6178
 16  20   6.247559  -7.616716   3.911541  6178
 16  21   6.705736  -8.671432   1.706128  6178
 16  22   7.133920  -8.145000   2.943152  6178
 16  23   4.821379  -9.421102   0.356276  6178
 16  24   5.699399  -9.698002  -0.687184  6178
 16  25   3.772156  -9.663748   0.281094  6178
 16  26   5.330649 -10.147517  -1.597327  6178
 16  27   7.070208  -9.446731  -0.556254  6178
 16  28   7.799225  -9.658049  -1.652602  6178
 16  29   7.296297  -9.737426  -2.531217  6178
 16  30   8.791979  -9.456706  -1.713454  6178
 16  31   7.591269  -8.984813   0.666214  6178
 16  32   9.039306  -8.599893   0.711274  6178
 16  33   9.296077  -7.133981   0.922629  6178
 16  34   9.716056  -9.298518   1.846582  6178
 16  35  10.006065  -8.878533  -0.397166  6178
 16  36   3.981009  -7.385520   4.720493  6178
 16  37   4.483315  -6.871333   5.928259  6178
 16  38   2.936543  -7.550114   4.535833  6178
 16  39   3.813873  -6.638516   6.752967  6178
 16  40   5.860193  -6.726374   6.108799  6178
 16  41   6.225564  -6.377296   7.346356  6178
 16  42   5.527851  -6.270105   8.066568  6178
 16  43   7.199079  -6.132434   7.491989  6178
 16  44   6.758759  -7.039280   5.074357  6178
 16  45   8.220446  -6.731114   5.203215  6178
 16  46   8.664558  -5.920641   6.395900  6178
 16  47   8.808458  -8.047217   5.616755  6178
 16  48   8.783636  -6.122399   3.955384  6178
 16  49   3.124640  -8.848316   2.428254  6178
 16  50   2.364940  -7.873016   1.777064  6178
 16  51   1.068320  -8.140254   1.324668  6178
 16  52   0.440318  -9.280223   1.841082  6178
 16  53   1.244627 -10.217137   2.510615  6178
 16  54   2.869730  -7.004814   1.376675  6178
 16  55   0.529196  -7.340068   0.857823  6178
 16  56   0.658615 -10.976173   3.021842  6178
 16  57   2.620195 -10.105871   2.770293  6178
 16  58   3.272470 -11.153000   3.445986  6178
 16  59   4.498484 -11.264607   3.478154  6178
 16  60   2.602061 -12.132531   3.757067  6178
 16  61  -0.961866  -9.323318   1.803314  6178
 16  62  -1.512093 -10.281027   2.337957  6178
 16  63  -1.667783  -8.413960   1.121151  6178
 16  64  -1.101698  -7.578418   1.016186  6178
 16  65  -3.107959  -8.383056   0.966418  6178
 16  66  -3.520973  -9.365021   1.158155  6178
 16  67  -3.393138  -7.939270   0.017194  6178
 16  68  -3.710656  -7.418293   1.988860  6178
 16  69  -3.288263  -7.720634   2.946238  6178
 16  70  -4.763189  -7.717130   1.962988  6178
 16  71  -3.570547  -5.933568   1.654106  6178
 16  72  -3.839180  -5.714694   0.611929  6178
 16  73  -2.493950  -5.752216   1.632885  6178
 16  74  -4.381409  -5.077949   2.615263  6178
 16  75  -5.356235  -5.526589   2.801099  6178
 16  76  -4.677483  -4.122485   2.159158  6178
 16  77  -3.553585  -4.768054   3.851375  6178
 16  78  -3.548000  -5.655012   4.499892  6178
 16  79  -3.994594  -4.028501   4.526632  6178
 16  80  -2.194704  -4.319716   3.609850  6178
 16  81  -1.029436  -5.026012   3.856626  6178
 16  82  -0.919666  -5.617626   4.925758  6178
 16  83   0.163136  -4.315845   3.220910  6178
 16  84   1.023091  -4.202864   3.885978  6178
 16  85   0.499065  -4.940238   2.402140  6178
 16  86  -0.443354  -2.971138   2.830614  6178
 16  87  -0.054540  -2.178234   3.480405  6178
 16  88  -1.949997  -3.098422   2.994093  6178
 16  89  -2.707628  -2.161088   3.273202  6178
 17   7   1.454511  -0.000000   0.000000  3087
 17   8   1.864957   0.520302   0.769103  3087
 17   9   0.000000   0.000000   0.000000  3087
 17  10  -0.315020  -0.541786  -0.897290  3087
 17  11  -0.513162  -0.921403   1.101717  3087
 17  12  -1.598614  -0.876413   1.019430  3087
 17  13  -0.220142  -0.421704   2.014647  3087
 17  14  -0.088552  -2.683303   1.126473  3087
 17  15  -0.547539   1.421936   0.000000  3087
 17  16  -1.743130   1.645693  -0.133394  3087
 17  17   3.705579  -7.742441   3.795671  3087
 17  18   3.909497  -6.512320   4.432477  3087
 17  19   4.792955  -8.553674   3.455502  3087
 17  20   5.201890  -6.023385   4.605856  3087
 17  21   6.081499  -8.145759   3.801857  3087
 17  22   6.308655  -6.829402   4.255842  3087
 17  23   4.628776  -9.758153   2.758170  3087
 17  24   5.753829 -10.548267   2.483074  3087
 17  25   3.642053  -9.968550   2.389647  3087
 17  26   5.660326 -11.449150   1.902928  3087
 17  27   7.043198 -10.139615   2.851762  3087
 17  28   8.095236 -10.923665   2.547818  3087
 17  29   7.852817 -11.716761   1.965126  3087
 17  30   9.056797 -10.703476   2.760229  3087
 17  31   7.212739  -8.907470   3.503203  3087
 17  32   8.555047  -8.274343   3.719216  3087
 17  33   9.769613  -8.964302   3.155404  3087
 17  34   8.643324  -6.966947   3.001010  3087
 17  35   8.733526  -8.138456   5.199176  3087
 17  36   2.795582  -5.770101   4.856510  3087
 17  37   3.029199  -4.623765   5.629322  3087
 17  38   1.822883  -6.184598   4.610646  3087
 17  39   2.227143  -4.038827   6.055999  3087
 17  40   4.314580  -4.083237   5.765429  3087
 17  41   4.368894  -2.913255   6.400798  3087
 17  42   3.557487  -2.405761   6.727400  3087
 17  43   5.240391  -2.421898   6.589645  3087
 17  44   5.386557  -4.763824   5.179709  3087
 17  45   6.774103  -4.204212   5.293502  3087
 17  46   6.996171  -2.932289   6.049148  3087
 17  47   7.760965  -5.008718   6.089664  3087
 17  48   7.384618  -3.954777   3.946262  3087
 17  49   2.413598  -8.127417   3.403908  3087
 17  50   1.821370  -7.541712   2.273545  3087
 17  51   0.524026  -7.893799   1.898801  3087
 17  52  -0.287931  -8.690233   2.711894  3087
 17  53   0.290821  -9.160584   3.897143  3087
 17  54   2.418272  -6.919513   1.635363  3087
 17  55   0.121416  -7.380375   1.032486  3087
 17  56  -0.231142  -9.859346   4.530615  3087
 17  57   1.628866  -8.929119   4.247513  3087
 17  58   2.152616  -9.623119   5.348170  3087
 17  59   3.308470  -9.554923   5.750976  3087
 17  60   1.416012 -10.412340   5.947792  3087
 17  61  -1.677539  -8.911245   2.560099  3087
 17  62  -2.287779  -9.666011   3.315106  3087
 17  63  -2.261654  -8.150960   1.629626  3087
 17  64  -1.680015  -7.510095   1.103330  3087
 17  65  -3.682064  -8.196763   1.388091  3087
 17  66  -3.914994  -9.211392   1.712390  3087
 17  67  -3.928607  -8.226576   0.328031  3087
 17  68  -4.437094  -7.094750   2.140684  3087
 17  69  -4.195638  -7.225131   3.197282  3087
 17  70  -5.510720  -7.166589   1.958843  3087
 17  71  -4.081648  -5.717669   1.589406  3087
 17  72  -4.681026  -5.538887   0.696667  3087
 17  73  -3.019573  -5.555266   1.410463  3087
 17  74  -4.582710  -4.643887   2.552956  3087
 17  75  -5.655512  -4.700148   2.746690  3087
 17  76  -4.549022  -3.703728   2.010124  3087
 17  77  -3.828780  -4.622152   3.876631  3087
 17  78  -3.871131  -5.592932   4.376020  3087
 17  79  -4.332180  -3.894081   4.520371  3087
 17  80  -2.452509  -4.245791   3.647652  3087
 17  81  -1.494111  -5.254796   3.578500  3087
 17  82  -1.559561  -6.100852   4.464168  3087
 17  83  -0.229767  -4.493597   3.211060  3087
 17  84   0.445237  -4.520468   4.069108  3087
 17  85   0.306358  -5.003150   2.402155  3087
 17  86  -0.601164  -3.058268   2.823510  3087
 17  87  -0.147678  -2.408448   3.573300  3087
 17  88  -2.112463  -3.061006   3.004804  3087
 17  89  -2.821843  -2.064486   3.141290  3087
 18   7   1.448171  -0.000000  -0.000000  8977
 18   8   1.961646  -0.291735   0.825975  8977
 18   9   0.000000   0.000000   0.000000  8977
 18  10  -0.386694  -0.496480  -0.886327  8977
 18  11  -0.473563  -0.892025   1.141110  8977
 18  12  -1.548574  -1.005414   1.150810  8977
 18  13  -0.324133  -0.380329   2.095803  8977
 18  14   0.101646  -2.606292   1.231222  8977
 18  15  -0.683069   1.349376   0.000000  8977
 18  16  -1.591249   1.537055  -0.806465  8977
 18  17   1.657540  -3.529988  -3.525328  8977
 18  18   2.713907  -3.396023  -2.618443  8977
 18  19   1.872708  -3.318428  -4.896876  8977
 18  20   3.981160  -3.050366  -3.092140  8977
 18  21   3.083753  -2.792980  -5.374554  8977
 18  22   4.141501  -2.717084  -4.447026  8977
 18  23   0.845758  -3.599356  -5.797683  8977
 18  24   1.030267  -3.228791  -7.141348  8977
 18  25  -0.047645  -4.106446  -5.459169  8977
 18  26   0.248867  -3.549196  -7.816002  8977
 18  27   2.244074  -2.731440  -7.620739  8977
 18  28   2.342265  -2.464298  -8.925000  8977
 18  29   1.488363  -2.572404  -9.462643  8977
 18  30   3.175593  -2.085442  -9.358631  8977
 18  31   3.289392  -2.463075  -6.717751  8977
 18  32   4.540210  -1.818780  -7.212561  8977
 18  33   5.484849  -1.335258  -6.148107  8977
 18  34   5.418837  -2.767914  -7.974508  8977
 18  35   4.293969  -0.668768  -8.141720  8977
 18  36   2.467664  -3.574625  -1.253830  8977
 18  37   3.487572  -3.375520  -0.306598  8977
 18  38   1.521369  -3.872011  -0.820836  8977
 18  39   3.262461  -3.588781   0.726575  8977
 18  40   4.784517  -3.092794  -0.751004  8977
 18  41   5.691317  -2.942277   0.226984  8977
 18  42   5.296337  -3.016311   1.154512  8977
 18  43   6.554613  -2.416264   0.113271  8977
 18  44   4.978417  -2.904599  -2.123879  8977
 18  45   6.279644  -2.401901  -2.666746  8977
 18  46   6.136707  -0.960892  -3.065197  8977
 18  47   7.505191  -2.441155  -1.798241  8977
 18  48   6.751137  -3.366672  -3.711885  8977
 18  49   0.408655  -3.932231  -3.027948  8977
 18  50  -0.663870  -3.047235  -2.927582  8977
 18  51  -1.928638  -3.483009  -2.489559  8977
 18  52  -2.100856  -4.812391  -2.095114  8977
 18  53  -1.001261  -5.668194  -2.163620  8977
 18  54  -0.583909  -2.023192  -3.249514  8977
 18  55  -2.743459  -2.775927  -2.558118  8977
 18  56  -1.101110  -6.707642  -1.854617  8977
 18  57   0.241962  -5.273786  -2.658430  8977
 18  58   1.276509  -6.231660  -2.675453  8977
 18  59   2.307603  -6.138944  -3.350767  8977
 18  60   1.177349  -7.347162  -2.168676  8977
 18  61  -3.328610  -5.277302  -1.586515  8977
 18  62  -3.412992  -6.453281  -1.231475  8977
 18  63  -4.288718  -4.383720  -1.329022  8977
 18  64  -4.174783  -3.422736  -1.612627  8977
 18  65  -5.513849  -4.682635  -0.620078  8977
 18  66  -5.851378  -5.716858  -0.663187  8977
 18  67  -6.314584  -4.048014  -0.995152  8977
 18  68  -5.440101  -4.150632   0.813425  8977
 18  69  -6.418300  -4.254959   1.297515  8977
 18  70  -5.199109  -3.091463   0.758768  8977
 18  71  -4.537998  -4.890381   1.791884  8977
 18  72  -3.515329  -4.783403   1.452762  8977
 18  73  -4.853569  -5.933274   1.926377  8977
 18  74  -4.641025  -4.214941   3.156275  8977
 18  75  -5.645188  -4.380507   3.552185  8977
 18  76  -4.547390  -3.137288   3.027833  8977
 18  77  -3.573059  -4.723622   4.114809  8977
 18  78  -3.520854  -5.803708   4.284783  8977
 18  79  -3.814053  -4.338123   5.108798  8977
 18  80  -2.236062  -4.326059   3.719481  8977
 18  81  -1.179279  -5.208576   3.903272  8977
 18  82  -1.143510  -6.090071   4.758952  8977
 18  83   0.066429  -4.448073   3.478955  8977
 18  84   0.639290  -4.233380   4.383686  8977
 18  85   0.678926  -5.088979   2.836470  8977
 18  86  -0.373022  -3.104101   2.909728  8977
 18  87   0.109104  -2.308382   3.478487  8977
 18  88  -1.862210  -3.084846   3.228234  8977
 18  89  -2.467111  -2.033983   3.463564  8977
 19   7   1.452928  -0.000000   0.000000  3841
 19   8   1.895481   0.143280   0.895552  3841
 19   9   0.000000   0.000000   0.000000  3841
 19  10  -0.346610  -0.407774  -0.952464  3841
 19  11  -0.446478  -0.751753   1.244037  3841
 19  12  -1.526918  -0.667476   1.343278  3841
 19  13   0.018446  -0.396556   2.165873  3841
 19  14   0.071097  -2.457180   0.937072  3841
 19  15  -0.589295   1.401405   0.000000  3841
 19  16  -1.635525   1.633500   0.598022  3841
 19  17  -4.471248  -0.728036  -0.144622  3841
 19  18  -3.587721  -0.580858  -1.215799  3841
 19  19  -5.078918   0.439723   0.358544  3841
 19  20  -3.491846   0.575768  -2.001628  3841
 19  21  -4.965905   1.663494  -0.309822  3841
 19  22  -4.150516   1.695395  -1.462656  3841
 19  23  -5.825065   0.390270   1.544509  3841
 19  24  -6.348078   1.574504   2.078687  3841
 19  25  -6.079929  -0.535935   2.042189  3841
 19  26  -6.933449   1.528440   2.978752  3841
 19  27  -6.179591   2.777506   1.386007  3841
 19  28  -6.619324   3.866032   2.027447  3841
 19  29  -6.754844   3.762950   3.019619  3841
 19  30  -6.610583   4.737839   1.508236  3841
 19  31  -5.523331   2.858377   0.144968  3841
 19  32  -5.341903   4.212385  -0.482680  3841
 19  33  -6.386966   5.277286  -0.330240  3841
 19  34  -4.106535   4.810067   0.122585  3841
 19  35  -4.987445   4.231139  -1.943847  3841
 19  36  -2.691736  -1.637372  -1.468765  3841
 19  37  -1.870704  -1.612233  -2.594722  3841
 19  38  -2.641220  -2.521220  -0.853415  3841
 19  39  -1.128962  -2.380102  -2.779907  3841
 19  40  -1.809175  -0.480038  -3.409245  3841
 19  41  -0.879810  -0.464574  -4.374359  3841
 19  42  -0.453705  -1.321641  -4.701725  3841
 19  43  -0.965292   0.266282  -5.058057  3841
 19  44  -2.593040   0.634467  -3.061061  3841
 19  45  -2.405007   1.919043  -3.811737  3841
 19  46  -2.155992   3.079551  -2.902446  3841
 19  47  -1.436548   1.963932  -4.963678  3841
 19  48  -3.740928   2.185026  -4.446530  3841
 19  49  -4.518050  -1.919685   0.577446  3841
 19  50  -4.042459  -1.824453   1.885554  3841
 19  51  -3.884018  -2.989168   2.645710  3841
 19  52  -4.323957  -4.223965   2.174514  3841
 19  53  -4.790740  -4.253126   0.858854  3841
 19  54  -3.731362  -0.866324   2.262128  3841
 19  55  -3.529699  -2.938936   3.670326  3841
 19  56  -5.175962  -5.165934   0.434833  3841
 19  57  -4.888680  -3.148176   0.003992  3841
 19  58  -5.540673  -3.309307  -1.239005  3841
 19  59  -5.937804  -2.341439  -1.894381  3841
 19  60  -5.894993  -4.419194  -1.629791  3841
 19  61  -4.234966  -5.458554   2.864709  3841
 19  62  -4.451701  -6.495456   2.240162  3841
 19  63  -3.904873  -5.433637   4.155920  3841
 19  64  -3.482899  -4.578304   4.490798  3841
 19  65  -3.809685  -6.570290   5.048028  3841
 19  66  -4.519287  -7.368606   4.810208  3841
 19  67  -4.127528  -6.421083   6.074975  3841
 19  68  -2.364537  -7.060500   5.000771  3841
 19  69  -2.108640  -7.264437   3.965626  3841
 19  70  -2.298185  -8.002915   5.545983  3841
 19  71  -1.432488  -6.032068   5.644133  3841
 19  72  -1.676959  -5.949201   6.705956  3841
 19  73  -1.636007  -5.025174   5.277880  3841
 19  74   0.022023  -6.485232   5.693520  3841
 19  75  -0.007502  -7.503070   6.076191  3841
 19  76   0.565824  -5.940313   6.460491  3841
 19  77   0.722265  -6.268985   4.350799  3841
 19  78   0.334842  -6.931970   3.580827  3841
 19  79   1.767604  -6.553979   4.453992  3841
 19  80   0.653026  -4.924336   3.825516  3841
 19  81   1.156217  -3.835482   4.536921  3841
 19  82   2.031070  -3.857498   5.404299  3841
 19  83   0.930673  -2.653744   3.609112  3841
 19  84   0.409931  -1.866585   4.154552  3841
 19  85   1.857764  -2.321698   3.133353  3841
 19  86  -0.054374  -3.200395   2.577193  3841
 19  87  -1.045889  -2.951141   2.952250  3841
 19  88   0.043499  -4.724671   2.597385  3841
 19  89  -0.628661  -5.502818   1.917761  3841
 20   7   1.450275   0.000000  -0.000000  1561
 20   8   1.889503  -0.454471  -0.786534  1561
 20   9   0.000000   0.000000   0.000000  1561
 20  10  -0.489011  -0.349761  -0.906165  1561
 20  11  -0.562930  -0.885497   1.104312  1561
 20  12  -1.638382  -0.787338   1.030346  1561
 20  13  -0.187414  -0.633776   2.094779  1561
 20  14  -0.055786  -2.586779   0.743279  1561
 20  15  -0.640429   1.386020   0.000000  1561
 20  16  -1.843167   1.438063   0.222971  1561
 20  17  -5.433451  -1.697912  -0.065690  1561
 20  18  -4.467841  -1.369486  -1.031367  1561
 20  19  -6.301838  -0.737277   0.458891  1561
 20  20  -4.476113  -0.059907  -1.533697  1561
 20  21  -6.295080   0.594255   0.021306  1561
 20  22  -5.308645   0.901423  -0.948175  1561
 20  23  -7.285376  -1.058980   1.394017  1561
 20  24  -8.135832  -0.090926   1.948985  1561
 20  25  -7.389771  -2.051215   1.819539  1561
 20  26  -8.909550  -0.401392   2.629262  1561
 20  27  -8.019235   1.233639   1.520698  1561
 20  28  -8.927131   2.046149   2.078417  1561
 20  29  -9.496954   1.580261   2.771777  1561
 20  30  -9.041109   3.011941   1.814492  1561
 20  31  -7.120371   1.611166   0.519892  1561
 20  32  -6.780502   3.013788   0.115240  1561
 20  33  -7.713497   4.073284   0.627478  1561
 20  34  -5.359808   3.447443   0.316407  1561
 20  35  -7.088927   3.258862  -1.338793  1561
 20  36  -3.543464  -2.287512  -1.540147  1561
 20  37  -2.695555  -1.846663  -2.569128  1561
 20  38  -3.538638  -3.323651  -1.244020  1561
 20  39  -1.995205  -2.509767  -3.047462  1561
 20  40  -2.815049  -0.587608  -3.161333  1561
 20  41  -1.959969  -0.372880  -4.175547  1561
 20  42  -1.355256  -1.125484  -4.440706  1561
 20  43  -1.936662   0.512626  -4.658806  1561
 20  44  -3.677713   0.359222  -2.607144  1561
 20  45  -3.624204   1.753046  -3.163190  1561
 20  46  -4.775363   2.641318  -2.783189  1561
 20  47  -2.376717   2.465393  -2.707407  1561
 20  48  -3.581522   1.905811  -4.650450  1561
 20  49  -5.497715  -2.985887   0.470867  1561
 20  50  -5.067867  -3.126370   1.794836  1561
 20  51  -4.842809  -4.392922   2.349629  1561
 20  52  -5.203429  -5.539624   1.631348  1561
 20  53  -5.676372  -5.384710   0.332569  1561
 20  54  -4.911069  -2.249602   2.406385  1561
 20  55  -4.485981  -4.494420   3.371524  1561
 20  56  -5.955975  -6.268005  -0.231267  1561
 20  57  -5.798002  -4.132993  -0.282907  1561
 20  58  -6.209166  -4.134234  -1.632662  1561
 20  59  -6.488765  -3.094324  -2.218421  1561
 20  60  -6.327212  -5.208677  -2.215532  1561
 20  61  -4.990574  -6.813258   2.185197  1561
 20  62  -5.253558  -7.776031   1.473013  1561
 20  63  -4.432127  -6.962143   3.392579  1561
 20  64  -4.123014  -6.115427   3.849220  1561
 20  65  -4.045584  -8.206602   4.024405  1561
 20  66  -4.395515  -9.047937   3.419424  1561
 20  67  -4.481365  -8.294253   5.020204  1561
 20  68  -2.517736  -8.291970   3.979741  1561
 20  69  -2.214756  -8.070303   2.953890  1561
 20  70  -2.369970  -9.350374   4.183819  1561
 20  71  -1.786770  -7.298816   4.875697  1561
 20  72  -2.000730  -7.562757   5.915290  1561
 20  73  -2.223170  -6.325009   4.694718  1561
 20  74  -0.278918  -7.357638   4.678402  1561
 20  75   0.054808  -8.380906   4.862920  1561
 20  76   0.258975  -6.867540   5.488571  1561
 20  77   0.290627  -6.849452   3.352975  1561
 20  78  -0.103641  -7.396704   2.491773  1561
 20  79   1.343806  -7.095851   3.449940  1561
 20  80   0.035093  -5.422093   3.257324  1561
 20  81   0.695727  -4.556674   4.114069  1561
 20  82   1.778760  -4.798224   4.636458  1561
 20  83   0.462805  -3.184665   3.505269  1561
 20  84   0.035782  -2.567558   4.290974  1561
 20  85   1.458822  -2.869893   3.202834  1561
 20  86  -0.495563  -3.339473   2.331530  1561
 20  87  -1.470759  -2.940158   2.621780  1561
 20  88  -0.728831  -4.846660   2.248018  1561
 20  89  -0.945616  -5.389246   1.175683  1561
 21   7   1.446583   0.000000   0.000000  2956
 21   8   1.855200   0.491405   0.783105  2956
 21   9   0.000000   0.000000   0.000000  2956
 21  10  -0.354766  -0.633088  -0.816666  2956
 21  11  -0.594297  -0.650782   1.251478  2956
 21  12  -0.115444  -1.624715   1.331195  2956
 21  13  -1.671525  -0.803163   1.137643  2956
 21  14  -0.336795   0.286323   2.773984  2956
 21  15  -0.676422   1.363433  -0.000000  2956
 21  16  -0.162661   2.399435   0.413701  2956
 21  17  -5.445111   0.322348   2.068007  2956
 21  18  -4.875149   1.543775   2.423753  2956
 21  19  -6.743552   0.173829   1.550128  2956
 21  20  -5.532493   2.728620   2.064113  2956
 21  21  -7.408432   1.356549   1.202266  2956
 21  22  -6.792427   2.592531   1.454241  2956
 21  23  -7.354645  -1.057591   1.310607  2956
 21  24  -8.657648  -1.048922   0.801186  2956
 21  25  -6.811432  -1.983238   1.355304  2956
 21  26  -9.188484  -1.969223   0.592721  2956
 21  27  -9.310083   0.140486   0.453999  2956
 21  28 -10.515546  -0.105366  -0.072897  2956
 21  29 -10.692719  -1.043031  -0.406351  2956
 21  30 -11.159409   0.638034  -0.308263  2956
 21  31  -8.704379   1.384632   0.666894  2956
 21  32  -9.497769   2.611852   0.321257  2956
 21  33  -8.753118   3.901463   0.189731  2956
 21  34 -10.299243   2.555937  -0.940294  2956
 21  35 -10.549973   2.680990   1.401158  2956
 21  36  -3.580165   1.578803   2.944418  2956
 21  37  -2.928561   2.816823   2.964816  2956
 21  38  -3.076632   0.648357   3.175132  2956
 21  39  -1.925922   2.886433   3.347137  2956
 21  40  -3.598348   3.994981   2.604497  2956
 21  41  -2.844157   5.089316   2.749515  2956
 21  42  -2.052982   4.917007   3.351969  2956
 21  43  -3.298954   5.989224   2.663343  2956
 21  44  -4.961008   3.990041   2.292195  2956
 21  45  -5.738843   5.232754   1.950813  2956
 21  46  -5.806588   5.566380   0.490263  2956
 21  47  -7.096732   5.199449   2.570429  2956
 21  48  -5.164111   6.389145   2.713926  2956
 21  49  -4.777468  -0.842133   2.480366  2956
 21  50  -4.725898  -1.194637   3.833762  2956
 21  51  -4.212342  -2.394710   4.327915  2956
 21  52  -3.742475  -3.306650   3.368703  2956
 21  53  -3.825151  -2.985127   2.006796  2956
 21  54  -5.177377  -0.499474   4.527892  2956
 21  55  -4.145425  -2.567095   5.392483  2956
 21  56  -3.492713  -3.759885   1.332530  2956
 21  57  -4.269787  -1.751302   1.537354  2956
 21  58  -4.202180  -1.526773   0.143719  2956
 21  59  -4.392560  -0.457250  -0.421946  2956
 21  60  -3.813262  -2.445649  -0.588338  2956
 21  61  -3.141954  -4.509125   3.765226  2956
 21  62  -2.482192  -5.177159   2.963015  2956
 21  63  -3.046488  -4.861928   5.053254  2956
 21  64  -3.532531  -4.311238   5.741661  2956
 21  65  -2.348083  -6.043052   5.507763  2956
 21  66  -2.287387  -6.828086   4.759676  2956
 21  67  -2.792924  -6.515461   6.386084  2956
 21  68  -0.924936  -5.566204   5.808045  2956
 21  69  -0.589940  -4.967936   4.967062  2956
 21  70  -0.326558  -6.477832   5.882072  2956
 21  71  -0.854633  -4.669458   7.033689  2956
 21  72  -1.117599  -5.339293   7.848411  2956
 21  73  -1.587603  -3.852916   6.975270  2956
 21  74   0.548744  -4.117413   7.249980  2956
 21  75   1.192261  -4.965501   7.491713  2956
 21  76   0.440488  -3.529578   8.161315  2956
 21  77   1.192951  -3.276552   6.158123  2956
 21  78   1.436077  -3.927662   5.313169  2956
 21  79   2.120516  -2.824073   6.502048  2956
 21  80   0.414011  -2.162596   5.631481  2956
 21  81  -0.260269  -1.224522   6.396703  2956
 21  82  -0.682714  -1.346604   7.539349  2956
 21  83  -1.089535  -0.391210   5.430623  2956
 21  84  -2.141325  -0.333382   5.727599  2956
 21  85  -0.762765   0.659911   5.438733  2956
 21  86  -0.869291  -0.927005   4.014461  2956
 21  87  -1.842342  -1.262404   3.645575  2956
 21  88   0.118141  -2.043948   4.283378  2956
 21  89   0.240085  -2.932158   3.428501  2956
 22   7   1.455918  -0.000000   0.000000  2902
 22   8   1.800239  -0.518950   0.793433  2902
 22   9   0.000000   0.000000   0.000000  2902
 22  10  -0.214985  -0.479455  -0.951422  2902
 22  11  -0.518847  -0.965507   1.059951  2902
 22  12  -0.023766  -1.919937   0.955761  2902
 22  13  -1.574950  -1.240199   0.936292  2902
 22  14  -0.187235  -0.482655   2.771496  2902
 22  15  -0.833563   1.270619   0.000000  2902
 22  16  -2.039468   1.180035  -0.220425  2902
 22  17  -1.161053   3.685522   5.973758  2902
 22  18  -1.257830   4.880240   6.709071  2902
 22  19  -1.911508   3.463778   4.816283  2902
 22  20  -2.152935   5.867139   6.283140  2902
 22  21  -2.750908   4.456292   4.313766  2902
 22  22  -2.846244   5.642668   5.079548  2902
 22  23  -1.836366   2.232437   4.140893  2902
 22  24  -2.630228   2.038174   2.999559  2902
 22  25  -1.337091   1.362764   4.535600  2902
 22  26  -2.661962   1.057665   2.539018  2902
 22  27  -3.509743   3.017908   2.534827  2902
 22  28  -4.260542   2.726681   1.469938  2902
 22  29  -4.149133   1.767121   1.179020  2902
 22  30  -4.906937   3.391308   1.072014  2902
 22  31  -3.538934   4.274908   3.172400  2902
 22  32  -4.297218   5.408939   2.560372  2902
 22  33  -3.623075   6.749578   2.691958  2902
 22  34  -4.655550   5.327016   1.104251  2902
 22  35  -5.668242   5.434097   3.167135  2902
 22  36  -0.510398   5.080090   7.877106  2902
 22  37  -0.600718   6.295020   8.552005  2902
 22  38   0.061887   4.223764   8.216216  2902
 22  39  -0.080565   6.449811   9.495287  2902
 22  40  -1.558328   7.240521   8.183342  2902
 22  41  -1.555580   8.335885   8.958950  2902
 22  42  -0.993323   8.253940   9.792768  2902
 22  43  -2.051556   9.196782   8.755325  2902
 22  44  -2.342369   7.018544   7.053649  2902
 22  45  -3.199697   8.166775   6.584761  2902
 22  46  -3.573138   9.270027   7.524748  2902
 22  47  -2.623634   8.834231   5.368309  2902
 22  48  -4.590570   7.771391   6.181349  2902
 22  49  -0.250081   2.714698   6.390210  2902
 22  50  -0.620157   1.891415   7.465640  2902
 22  51   0.248642   0.908822   7.949788  2902
 22  52   1.480234   0.659580   7.330952  2902
 22  53   1.797287   1.483574   6.241817  2902
 22  54  -1.603108   1.965353   7.886872  2902
 22  55  -0.128783   0.313358   8.766289  2902
 22  56   2.746721   1.370253   5.729341  2902
 22  57   0.997857   2.535679   5.770130  2902
 22  58   1.471306   3.234352   4.645851  2902
 22  59   0.783285   4.041512   4.029634  2902
 22  60   2.618689   3.031630   4.260350  2902
 22  61   2.349926  -0.409314   7.617488  2902
 22  62   3.378554  -0.512314   6.959677  2902
 22  63   1.993657  -1.449257   8.380237  2902
 22  64   1.117990  -1.330594   8.877557  2902
 22  65   2.698025  -2.707593   8.501307  2902
 22  66   2.780035  -2.912878   9.566967  2902
 22  67   3.724179  -2.466872   8.242933  2902
 22  68   2.176635  -3.901745   7.713362  2902
 22  69   1.119364  -4.081895   7.927432  2902
 22  70   2.725774  -4.778687   8.031514  2902
 22  71   2.398968  -3.812240   6.201193  2902
 22  72   3.468396  -3.808356   6.003938  2902
 22  73   1.962130  -2.862019   5.868245  2902
 22  74   1.801405  -4.940906   5.375704  2902
 22  75   2.161316  -5.871549   5.802985  2902
 22  76   2.127386  -4.772938   4.349436  2902
 22  77   0.274536  -4.955264   5.401389  2902
 22  78  -0.057281  -5.136113   6.427689  2902
 22  79  -0.094302  -5.651737   4.647278  2902
 22  80  -0.315331  -3.702955   4.997560  2902
 22  81  -0.840842  -2.787059   5.903304  2902
 22  82  -1.259410  -3.091399   7.018059  2902
 22  83  -1.260509  -1.535164   5.140127  2902
 22  84  -2.293807  -1.229501   5.279279  2902
 22  85  -0.626751  -0.711411   5.466900  2902
 22  86  -0.918318  -1.856948   3.690208  2902
 22  87  -1.905737  -2.039359   3.247228  2902
 22  88  -0.145887  -3.169639   3.727535  2902
 22  89   0.261829  -3.760645   2.732507  2902
 23   7   1.448033   0.000000   0.000000  2401
 23   8   1.962247  -0.061068   0.871582  2401
 23   9   0.000000   0.000000   0.000000  2401
 23  10  -0.375129  -0.332445  -0.977425  2401
 23  11  -0.470018  -0.971706   1.079015  2401
 23  12   0.049445  -1.916673   0.882564  2401
 23  13  -1.534497  -1.158368   0.932581  2401
 23  14  -0.123480  -0.689923   2.830788  2401
 23  15  -0.633412   1.381915  -0.000000  2401
 23  16   0.001933   2.361160   0.371506  2401
 23  17  -5.521699   1.087037   3.487707  2401
 23  18  -4.402801   1.918726   3.479603  2401
 23  19  -6.757720   1.561227   3.956208  2401
 23  20  -4.551416   3.288828   3.752429  2401
 23  21  -6.820289   2.825176   4.548765  2401
 23  22  -5.737302   3.712115   4.389143  2401
 23  23  -7.918191   0.784513   3.853634  2401
 23  24  -9.067198   1.249379   4.507991  2401
 23  25  -7.930345  -0.108884   3.258156  2401
 23  26 -10.010683   0.755852   4.344398  2401
 23  27  -9.086673   2.451743   5.223632  2401
 23  28 -10.226288   2.687399   5.899758  2401
 23  29 -10.944227   1.978490   5.851663  2401
 23  30 -10.426561   3.540884   6.387153  2401
 23  31  -7.929241   3.241682   5.301391  2401
 23  32  -7.911425   4.291591   6.366415  2401
 23  33  -6.524853   4.749484   6.730773  2401
 23  34  -8.624253   5.529646   5.896523  2401
 23  35  -8.431164   3.763405   7.671744  2401
 23  36  -3.113189   1.401585   3.312071  2401
 23  37  -2.003546   2.242055   3.285603  2401
 23  38  -2.886677   0.349260   3.255461  2401
 23  39  -1.026635   1.787530   3.278376  2401
 23  40  -2.166665   3.629317   3.230870  2401
 23  41  -1.001084   4.270234   3.058977  2401
 23  42  -0.212565   3.751212   2.701967  2401
 23  43  -1.143207   5.275415   3.055955  2401
 23  44  -3.436525   4.108403   3.577180  2401
 23  45  -3.531827   5.541077   4.021885  2401
 23  46  -4.871576   6.132712   3.727532  2401
 23  47  -3.279624   5.723613   5.490548  2401
 23  48  -2.748281   6.480721   3.145286  2401
 23  49  -5.353193  -0.278434   3.190735  2401
 23  50  -5.466728  -1.147672   4.280706  2401
 23  51  -5.083035  -2.488539   4.099444  2401
 23  52  -4.696441  -2.941191   2.827692  2401
 23  53  -4.674065  -2.033412   1.769421  2401
 23  54  -5.772108  -0.736236   5.230424  2401
 23  55  -5.265904  -3.168849   4.911748  2401
 23  56  -4.458877  -2.261572   0.734995  2401
 23  57  -5.038423  -0.692077   1.892152  2401
 23  58  -4.948092   0.183676   0.784319  2401
 23  59  -5.210241   1.377348   0.888376  2401
 23  60  -4.628485  -0.259519  -0.313011  2401
 23  61  -4.393133  -4.306818   2.691432  2401
 23  62  -4.181259  -4.715450   1.545120  2401
 23  63  -4.393410  -5.133624   3.733734  2401
 23  64  -4.907073  -4.755206   4.522119  2401
 23  65  -3.994938  -6.525680   3.732918  2401
 23  66  -4.102393  -7.004915   2.757323  2401
 23  67  -4.646719  -7.033631   4.444654  2401
 23  68  -2.516104  -6.684656   4.071561  2401
 23  69  -1.930897  -6.122481   3.348517  2401
 23  70  -2.074264  -7.681485   4.074572  2401
 23  71  -2.253818  -6.097836   5.456244  2401
 23  72  -2.800629  -6.720852   6.174400  2401
 23  73  -2.558369  -5.058847   5.475008  2401
 23  74  -0.761588  -6.210800   5.777472  2401
 23  75  -0.485489  -7.258486   5.725319  2401
 23  76  -0.632171  -5.980702   6.835208  2401
 23  77   0.121819  -5.418449   4.818212  2401
 23  78   0.251374  -5.937901   3.872757  2401
 23  79   1.108397  -5.345428   5.276283  2401
 23  80  -0.340049  -4.050314   4.741511  2401
 23  81  -0.719461  -3.245073   5.813439  2401
 23  82  -0.113260  -3.254426   6.886675  2401
 23  83  -1.093071  -1.931785   5.148689  2401
 23  84  -2.109485  -1.592044   5.333298  2401
 23  85  -0.296956  -1.250147   5.454745  2401
 23  86  -1.027741  -2.050981   3.626545  2401
 23  87  -2.060452  -2.120690   3.296775  2401
 23  88  -0.494190  -3.465427   3.492493  2401
 23  89  -0.536730  -4.059273   2.407580  2401
 24   7   1.448516   0.000000  -0.000000 10299
 24   8   1.877989   0.838070   0.374957 10299
 24   9   0.000000   0.000000   0.000000 10299
 24  10  -0.291678  -0.486994  -0.928634 10299
 24  11  -0.412285  -0.829921   1.212663 10299
 24  12   0.031894  -1.822350   1.121617 10299
 24  13  -1.492631  -0.968786   1.145079 10299
 24  14   0.082014  -0.272539   2.866688 10299
 24  15  -0.734199   1.327837   0.000000 10299
 24  16  -1.684344   1.608296   0.724133 10299
 24  17   0.049705   4.211504   4.308292 10299
 24  18   0.524192   5.520375   4.217072 10299
 24  19  -1.327636   4.029748   4.203892 10299
 24  20  -0.318879   6.625721   4.107780 10299
 24  21  -2.209573   5.095453   4.076771 10299
 24  22  -1.711131   6.414482   4.000482 10299
 24  23  -1.805020   2.706396   4.215854 10299
 24  24  -3.186297   2.503486   4.105372 10299
 24  25  -1.089392   1.905254   4.336049 10299
 24  26  -3.530648   1.489714   3.941088 10299
 24  27  -4.079623   3.568992   3.969869 10299
 24  28  -5.391033   3.260267   3.886259 10299
 24  29  -5.623890   2.280504   3.975377 10299
 24  30  -6.065102   4.003807   3.758665 10299
 24  31  -3.580077   4.860541   3.856926 10299
 24  32  -4.531673   5.983602   3.608320 10299
 24  33  -6.027064   5.844566   3.711139 10299
 24  34  -4.417557   6.898234   4.792095 10299
 24  35  -4.304614   6.776024   2.349984 10299
 24  36   1.907398   5.750938   4.312337 10299
 24  37   2.420337   7.018790   4.026596 10299
 24  38   2.521616   4.955325   4.725422 10299
 24  39   3.464577   7.272195   4.080883 10299
 24  40   1.552968   8.070559   3.724849 10299
 24  41   2.093311   9.269217   3.415420 10299
 24  42   3.072729   9.479322   3.415640 10299
 24  43   1.488695  10.075255   3.502231 10299
 24  44   0.185154   7.915985   3.881354 10299
 24  45  -0.784323   9.064028   3.919027 10299
 24  46  -0.231481  10.430382   4.185377 10299
 24  47  -1.409789   9.275787   2.568342 10299
 24  48  -1.820485   8.980243   4.995478 10299
 24  49   0.932056   3.137668   4.446978 10299
 24  50   0.908239   2.592430   5.733464 10299
 24  51   1.856520   1.623204   6.090348 10299
 24  52   2.716710   1.119342   5.099947 10299
 24  53   2.680119   1.671546   3.811875 10299
 24  54   0.186395   2.888569   6.469092 10299
 24  55   1.843953   1.271862   7.106322 10299
 24  56   3.378834   1.277595   3.086135 10299
 24  57   1.822830   2.710663   3.448986 10299
 24  58   1.844576   3.153765   2.108057 10299
 24  59   1.069300   4.033762   1.768717 10299
 24  60   2.614882   2.641321   1.287795 10299
 24  61   3.482527  -0.018778   5.422449 10299
 24  62   4.329325  -0.356154   4.601469 10299
 24  63   3.339138  -0.734661   6.541356 10299
 24  64   2.657614  -0.471734   7.234893 10299
 24  65   3.873892  -2.042641   6.847832 10299
 24  66   4.297845  -1.889111   7.831291 10299
 24  67   4.683756  -2.374609   6.196279 10299
 24  68   2.770351  -3.101898   6.773882 10299
 24  69   1.905948  -2.928341   7.419783 10299
 24  70   3.188087  -4.003512   7.205956 10299
 24  71   2.358827  -3.354745   5.322361 10299
 24  72   3.226059  -3.622457   4.722579 10299
 24  73   2.072396  -2.416450   4.842195 10299
 24  74   1.411512  -4.540521   5.110628 10299
 24  75   1.953032  -5.421741   5.457480 10299
 24  76   1.325907  -4.749094   4.050406 10299
 24  77  -0.018367  -4.406631   5.619179 10299
 24  78  -0.019404  -4.397715   6.706431 10299
 24  79  -0.596199  -5.236058   5.195079 10299
 24  80  -0.608763  -3.175583   5.139541 10299
 24  81  -0.928609  -2.169608   6.039883 10299
 24  82  -0.814837  -2.209124   7.270573 10299
 24  83  -1.128882  -0.863982   5.278747 10299
 24  84  -2.056728  -0.361453   5.561532 10299
 24  85  -0.307903  -0.186819   5.483311 10299
 24  86  -1.095260  -1.265699   3.810383 10299
 24  87  -2.108364  -1.267899   3.421393 10299
 24  88  -0.770929  -2.757129   3.822462 10299
 24  89  -0.355882  -3.397699   2.855660 10299
 25   7   1.443815   0.000000   0.000000  5308
 25   8   1.888955   0.861773   0.286703  5308
 25   9   0.000000   0.000000   0.000000  5308
 25  10  -0.379481  -0.606013  -0.822218  5308
 25  11  -0.454144  -0.601489   1.329271  5308
 25  12  -0.115458  -1.633471   1.388464  5308
 25  13  -1.544104  -0.699898   1.319122  5308
 25  14   0.104585   0.310109   2.787561  5308
 25  15  -0.633045   1.378897  -0.000000  5308
 25  16   0.011360   2.378057   0.315314  5308
 25  17   1.627150   5.033057   5.151470  5308
 25  18   2.270516   6.211013   5.559146  5308
 25  19   0.408018   5.023871   4.462606  5308
 25  20   1.647791   7.443295   5.369943  5308
 25  21  -0.271708   6.237886   4.335187  5308
 25  22   0.364246   7.409976   4.787703  5308
 25  23  -0.229737   3.844575   4.046762  5308
 25  24  -1.459466   3.929734   3.384104  5308
 25  25   0.251072   2.893504   4.227009  5308
 25  26  -1.843933   2.983335   3.018298  5308
 25  27  -2.121047   5.149617   3.231460  5308
 25  28  -3.325911   5.055459   2.652031  5308
 25  29  -3.721598   4.167874   2.379045  5308
 25  30  -3.818079   5.914868   2.442302  5308
 25  31  -1.488901   6.330256   3.655473  5308
 25  32  -2.102414   7.687873   3.537719  5308
 25  33  -3.471842   7.766845   2.951519  5308
 25  34  -2.317885   8.271455   4.909873  5308
 25  35  -1.278762   8.664315   2.755695  5308
 25  36   3.558217   6.138762   6.088114  5308
 25  37   4.119092   7.305825   6.612310  5308
 25  38   4.153861   5.236787   6.180028  5308
 25  39   5.140345   7.367177   6.960846  5308
 25  40   3.436802   8.519174   6.470999  5308
 25  41   4.247780   9.521996   6.863386  5308
 25  42   5.181002   9.288091   7.163195  5308
 25  43   4.027115  10.502860   6.734493  5308
 25  44   2.178608   8.632818   5.869808  5308
 25  45   1.512110   9.964811   5.719872  5308
 25  46   0.039622   9.855702   5.975161  5308
 25  47   1.871436  11.078070   6.665354  5308
 25  48   1.576177  10.367274   4.277784  5308
 25  49   2.347811   3.834788   5.292174  5308
 25  50   2.126452   3.268297   6.555223  5308
 25  51   2.759774   2.053936   6.871180  5308
 25  52   3.357843   1.371581   5.814721  5308
 25  53   3.606767   1.934045   4.546781  5308
 25  54   1.552764   3.822314   7.282237  5308
 25  55   2.588284   1.600414   7.831653  5308
 25  56   3.992273   1.338163   3.734123  5308
 25  57   3.109612   3.215417   4.288860  5308
 25  58   3.336581   3.780568   3.017643  5308
 25  59   2.883891   4.880452   2.709869  5308
 25  60   3.900712   3.222380   2.076641  5308
 25  61   3.670556   0.020692   6.030829  5308
 25  62   4.226513  -0.536824   5.084104  5308
 25  63   3.367816  -0.636103   7.154872  5308
 25  64   2.822524  -0.129678   7.835748  5308
 25  65   3.781996  -1.981820   7.488785  5308
 25  66   4.123383  -2.052665   8.530579  5308
 25  67   4.529876  -2.276448   6.753141  5308
 25  68   2.680331  -3.013445   7.280980  5308
 25  69   1.755488  -2.683084   7.766808  5308
 25  70   2.822037  -3.977908   7.769174  5308
 25  71   2.353834  -3.328833   5.823129  5308
 25  72   3.166819  -4.002231   5.561610  5308
 25  73   2.246202  -2.394199   5.265301  5308
 25  74   1.088505  -4.155663   5.628457  5308
 25  75   1.186232  -5.077728   6.201905  5308
 25  76   1.032196  -4.327501   4.552957  5308
 25  77  -0.189984  -3.477031   6.083572  5308
 25  78  -0.265893  -3.478957   7.170233  5308
 25  79  -1.039539  -4.111023   5.824512  5308
 25  80  -0.500965  -2.170020   5.545327  5308
 25  81  -0.737698  -1.095726   6.393886  5308
 25  82  -0.069261  -0.938534   7.414760  5308
 25  83  -0.940218   0.043732   5.418993  5308
 25  84  -1.853839   0.588106   5.669296  5308
 25  85  -0.129725   0.768573   5.464931  5308
 25  86  -1.015642  -0.465404   3.981742  5308
 25  87  -2.053034  -0.411968   3.652251  5308
 25  88  -0.693719  -1.939634   4.187693  5308
 25  89  -1.247391  -2.748905   3.450585  5308
