  1   0   1.456638  -0.000000   0.000000   171
  1   1   1.878569   0.176983   0.895798   171
  1   2   0.000000   0.000000   0.000000   171
  1   3  -0.276322  -0.504433  -0.927036   171
  1   4  -0.534930  -0.724969   1.225960   171
  1   5  -1.615157  -0.783235   1.126374   171
  1   6  -0.363852  -0.072890   2.083531   171
  1   7   0.076134  -2.405021   1.530287   171
  1   8  -0.681774   1.353580  -0.000000   171
  1   9  -0.144924   2.297825   0.565943   171
  1  10  -6.997268   3.101283   2.411240   171
  1  11  -8.056212   4.016513   2.431020   171
  1  12  -5.664269   3.503258   2.227857   171
  1  13  -7.852799   5.386937   2.241393   171
  1  14  -5.471085   4.840014   1.885711   171
  1  15  -6.555567   5.740976   1.830363   171
  1  16  -4.564682   2.670113   2.446216   171
  1  17  -3.294226   3.175413   2.136688   171
  1  18  -4.644937   1.649771   2.783060   171
  1  19  -2.467939   2.478624   2.238369   171
  1  20  -3.105916   4.537713   1.913804   171
  1  21  -1.828181   4.904391   1.785193   171
  1  22  -1.226796   4.163250   2.126148   171
  1  23  -1.435290   5.836112   1.724943   171
  1  24  -4.201931   5.370661   1.627717   171
  1  25  -3.965359   6.690855   0.957177   171
  1  26  -2.880122   6.646149  -0.078083   171
  1  27  -5.181652   7.116290   0.175743   171
  1  28  -3.619838   7.843622   1.838730   171
  1  29  -9.403697   3.643223   2.508729   171
  1  30 -10.464357   4.549314   2.606699   171
  1  31  -9.666014   2.606017   2.336978   171
  1  32 -11.481972   4.199215   2.531932   171
  1  33 -10.142932   5.913722   2.572433   171
  1  34 -11.250549   6.657493   2.677257   171
  1  35 -12.128804   6.159651   2.713619   171
  1  36 -11.255424   7.639980   2.436436   171
  1  37  -8.836914   6.375099   2.341683   171
  1  38  -8.594231   7.832531   2.088908   171
  1  39  -7.202190   8.331250   2.354250   171
  1  40  -8.789611   8.196746   0.651281   171
  1  41  -9.462119   8.874284   2.751798   171
  1  42  -7.221209   1.732266   2.624882   171
  1  43  -6.909807   0.883560   1.554123   171
  1  44  -7.262538  -0.469431   1.527647   171
  1  45  -7.872846  -1.044196   2.642890   171
  1  46  -8.072552  -0.221678   3.756526   171
  1  47  -6.417784   1.321471   0.691426   171
  1  48  -7.020609  -1.092710   0.679950   171
  1  49  -8.483839  -0.690514   4.644239   171
  1  50  -7.713301   1.123959   3.784842   171
  1  51  -7.915820   1.935158   4.917556   171
  1  52  -7.527805   3.101723   4.943479   171
  1  53  -8.586336   1.569359   5.885801   171
  1  54  -8.108868  -2.437547   2.693555   171
  1  55  -8.589975  -2.903946   3.729658   171
  1  56  -7.870716  -3.212185   1.634961   171
  1  57  -7.654945  -2.780361   0.748862   171
  1  58  -7.891654  -4.650277   1.559780   171
  1  59  -8.459675  -5.063226   0.727838   171
  1  60  -8.388895  -5.076335   2.433980   171
  1  61  -6.477098  -5.226890   1.578430   171
  1  62  -5.936608  -4.829136   0.709544   171
  1  63  -6.531882  -6.313081   1.507825   171
  1  64  -5.789490  -5.002008   2.919220   171
  1  65  -6.604311  -4.945952   3.639446   171
  1  66  -5.277969  -4.039495   2.941911   171
  1  67  -4.752444  -6.060879   3.272251   171
  1  68  -5.090621  -7.062858   3.021099   171
  1  69  -4.522533  -6.121349   4.334316   171
  1  70  -3.499701  -5.781628   2.448632   171
  1  71  -3.710526  -5.648895   1.390317   171
  1  72  -2.898932  -6.678960   2.602498   171
  1  73  -2.783187  -4.617531   2.930391   171
  1  74  -1.862988  -4.781121   3.959744   171
  1  75  -2.077316  -5.436216   4.980927   171
  1  76  -0.954458  -3.558651   3.885965   171
  1  77  -1.187735  -2.869251   4.695539   171
  1  78   0.105378  -3.816287   3.936669   171
  1  79  -1.313161  -2.794569   2.614268   171
  1  80  -1.919899  -1.933935   2.878036   171
  1  81  -2.372998  -3.702434   1.982264   171
  1  82  -2.503228  -3.851143   0.763648   171
  2   0   1.451792   0.000000  -0.000000   297
  2   1   1.940773  -0.694145  -0.534100   297
  2   2   0.000000   0.000000   0.000000   297
  2   3  -0.427953  -0.472768  -0.889521   297
  2   4  -0.560964  -0.901061   1.102908   297
  2   5  -1.648723  -0.967069   1.087974   297
  2   6  -0.182949  -0.544371   2.058249   297
  2   7  -0.106425  -2.625415   0.820955   297
  2   8  -0.570948   1.405211   0.000000   297
  2   9  -1.535550   1.724141   0.696583   297
  2  10  -0.088654   0.719806   5.559444   297
  2  11  -0.149681   2.079213   5.911131   297
  2  12   1.152502   0.223891   5.147982   297
  2  13   0.996834   2.871694   5.961932   297
  2  14   2.313206   0.997584   5.232628   297
  2  15   2.269124   2.345091   5.641511   297
  2  16   1.179088  -1.071231   4.610067   297
  2  17   2.404264  -1.588798   4.172605   297
  2  18   0.292046  -1.651822   4.423334   297
  2  19   2.444904  -2.480048   3.578198   297
  2  20   3.577918  -0.854674   4.413031   297
  2  21   4.694537  -1.437128   3.973245   297
  2  22   4.696810  -2.397270   3.652119   297
  2  23   5.592323  -0.989158   4.090728   297
  2  24   3.556636   0.457974   4.902318   297
  2  25   4.792694   1.307045   4.870177   297
  2  26   6.118159   0.699004   4.511811   297
  2  27   4.583095   2.485821   3.951943   297
  2  28   5.190064   1.996108   6.140724   297
  2  29  -1.374167   2.583467   6.343869   297
  2  30  -1.503934   3.949458   6.624626   297
  2  31  -2.263895   1.965062   6.305674   297
  2  32  -2.459031   4.398850   6.848992   297
  2  33  -0.374230   4.781010   6.541667   297
  2  34  -0.634112   6.063180   6.806811   297
  2  35  -1.606017   6.296664   6.959754   297
  2  36   0.074117   6.779770   6.901727   297
  2  37   0.882700   4.235927   6.249928   297
  2  38   2.138322   5.052809   6.374889   297
  2  39   2.999673   5.030527   5.144695   297
  2  40   2.084390   6.455736   6.901379   297
  2  41   2.868383   4.509990   7.566761   297
  2  42  -1.245088  -0.046459   5.412136   297
  2  43  -2.027362   0.169000   4.267266   297
  2  44  -3.141502  -0.618937   3.954298   297
  2  45  -3.536741  -1.629148   4.838528   297
  2  46  -2.735661  -1.832554   5.973340   297
  2  47  -1.697698   0.930180   3.588423   297
  2  48  -3.638265  -0.438413   3.013058   297
  2  49  -2.969718  -2.684124   6.603296   297
  2  50  -1.568345  -1.126060   6.248358   297
  2  51  -0.801846  -1.487193   7.378078   297
  2  52   0.146984  -0.898291   7.889174   297
  2  53  -1.008833  -2.606724   7.856828   297
  2  54  -4.678639  -2.376343   4.512542   297
  2  55  -5.055830  -3.270128   5.261792   297
  2  56  -5.372676  -2.228863   3.381586   297
  2  57  -4.871777  -1.757910   2.635326   297
  2  58  -6.659706  -2.799970   3.025090   297
  2  59  -7.222458  -1.898826   2.774392   297
  2  60  -7.089177  -3.314274   3.882790   297
  2  61  -6.614246  -3.815648   1.892823   297
  2  62  -6.185464  -3.348164   0.997609   297
  2  63  -7.612460  -4.125729   1.583763   297
  2  64  -5.808346  -5.014240   2.361016   297
  2  65  -6.424003  -5.670800   2.978510   297
  2  66  -4.927162  -4.814831   2.964961   297
  2  67  -5.465392  -5.921710   1.178867   297
  2  68  -6.377091  -6.027129   0.580794   297
  2  69  -4.992462  -6.859207   1.476584   297
  2  70  -4.423711  -5.283269   0.272284   297
  2  71  -4.954502  -4.504776  -0.284413   297
  2  72  -4.157765  -6.053300  -0.461559   297
  2  73  -3.210384  -4.908987   0.961085   297
  2  74  -2.426457  -5.772643   1.710057   297
  2  75  -2.351449  -6.966679   1.423611   297
  2  76  -1.148312  -5.044955   2.068547   297
  2  77  -1.064762  -5.124943   3.153131   297
  2  78  -0.259068  -5.379131   1.530989   297
  2  79  -1.371622  -3.585173   1.690173   297
  2  80  -1.626272  -3.062827   2.615650   297
  2  81  -2.683930  -3.624142   0.909900   297
  2  82  -3.402281  -2.629375   0.838430   297
  3   0   1.455233   0.000000  -0.000000   161
  3   1   1.999201   0.408130   0.745340   161
  3   2   0.000000   0.000000   0.000000   161
  3   3  -0.316375  -0.427746  -0.950075   161
  3   4  -0.580459  -0.831505   1.137086   161
  3   5  -1.655823  -0.655485   1.141005   161
  3   6  -0.183409  -0.507163   2.101272   161
  3   7  -0.168567  -2.591744   1.027540   161
  3   8  -0.667728   1.367751   0.000000   161
  3   9  -1.863758   1.542985   0.227392   161
  3  10   4.162148  -5.853279   1.251818   161
  3  11   5.142334  -6.864066   1.245033   161
  3  12   4.138579  -4.741336   2.100834   161
  3  13   6.167324  -6.746856   2.189573   161
  3  14   5.162879  -4.643985   3.059701   161
  3  15   6.125612  -5.681497   3.112757   161
  3  16   3.140111  -3.757899   2.096758   161
  3  17   3.172891  -2.703769   3.014929   161
  3  18   2.239706  -3.903118   1.510258   161
  3  19   2.494581  -1.860798   2.936223   161
  3  20   4.217946  -2.571720   3.925161   161
  3  21   4.295253  -1.457029   4.671141   161
  3  22   3.545063  -0.775049   4.603173   161
  3  23   5.121306  -1.209266   5.179815   161
  3  24   5.194351  -3.583913   3.965105   161
  3  25   6.350935  -3.470237   4.918045   161
  3  26   6.205254  -4.689157   5.783324   161
  3  27   7.659046  -3.508722   4.194531   161
  3  28   6.410651  -2.423794   5.994376   161
  3  29   5.204250  -7.878546   0.288636   161
  3  30   6.254803  -8.804092   0.298667   161
  3  31   4.512952  -7.936813  -0.537266   161
  3  32   6.260439  -9.560252  -0.476891   161
  3  33   7.266119  -8.712203   1.256320   161
  3  34   8.323818  -9.527445   1.105474   161
  3  35   8.170990 -10.232212   0.393542   161
  3  36   8.949560  -9.791364   1.858598   161
  3  37   7.158163  -7.723491   2.244598   161
  3  38   8.285680  -7.602289   3.227510   161
  3  39   8.537045  -8.850880   4.014872   161
  3  40   9.612823  -7.177453   2.686395   161
  3  41   8.041730  -6.696199   4.394895   161
  3  42   3.185742  -5.946988   0.258416   161
  3  43   2.146248  -6.863968   0.431352   161
  3  44   1.160153  -6.955169  -0.552059   161
  3  45   1.114184  -6.056388  -1.632929   161
  3  46   2.161646  -5.139029  -1.728172   161
  3  47   2.179919  -7.582534   1.244880   161
  3  48   0.354027  -7.666318  -0.424669   161
  3  49   2.214217  -4.534966  -2.619490   161
  3  50   3.217010  -5.035286  -0.800840   161
  3  51   4.258770  -4.137379  -1.076885   161
  3  52   5.395357  -4.197529  -0.610140   161
  3  53   4.247914  -3.429608  -2.085766   161
  3  54   0.001234  -6.000929  -2.495930   161
  3  55  -0.085761  -5.128317  -3.349794   161
  3  56  -1.024512  -6.846931  -2.377522   161
  3  57  -1.066228  -7.440207  -1.568462   161
  3  58  -2.168454  -6.912542  -3.270213   161
  3  59  -2.385396  -7.975644  -3.413915   161
  3  60  -1.960652  -6.377460  -4.193851   161
  3  61  -3.418907  -6.290983  -2.657163   161
  3  62  -3.770949  -6.870599  -1.802171   161
  3  63  -4.202149  -6.364746  -3.418210   161
  3  64  -3.327717  -4.792911  -2.384284   161
  3  65  -3.489410  -4.256163  -3.316357   161
  3  66  -2.360588  -4.577609  -1.920816   161
  3  67  -4.438402  -4.258628  -1.473666   161
  3  68  -5.430749  -4.529890  -1.827441   161
  3  69  -4.472964  -3.177056  -1.358309   161
  3  70  -4.373879  -4.903131  -0.088332   161
  3  71  -4.439711  -5.994016  -0.158590   161
  3  72  -5.207765  -4.495828   0.492045   161
  3  73  -3.153523  -4.554337   0.607210   161
  3  74  -2.322591  -5.570433   1.067539   161
  3  75  -2.725141  -6.716910   1.225165   161
  3  76  -1.417788  -4.869019   2.069162   161
  3  77  -1.744817  -5.103907   3.082068   161
  3  78  -0.375548  -5.105515   1.868148   161
  3  79  -1.595560  -3.368234   1.830324   161
  3  80  -1.758557  -2.863932   2.786731   161
  3  81  -2.844361  -3.248810   0.979661   161
  3  82  -3.776858  -2.537170   1.327969   161
  4   0   1.443226  -0.000000   0.000000   188
  4   1   1.962272   0.365396   0.786115   188
  4   2   0.000000   0.000000   0.000000   188
  4   3  -0.379220  -0.587110  -0.846873   188
  4   4  -0.471790  -0.889454   1.149429   188
  4   5  -1.559008  -0.818351   1.083834   188
  4   6  -0.074832  -0.552858   2.095435   188
  4   7   0.026191  -2.608850   0.857214   188
  4   8  -0.566647   1.412485  -0.000000   188
  4   9  -1.758145   1.609330   0.239552   188
  4  10   3.145939  -7.628733   1.545221   188
  4  11   3.384153  -7.070436   2.801468   188
  4  12   4.107533  -7.778054   0.543903   188
  4  13   4.653603  -6.526835   3.051265   188
  4  14   5.345039  -7.140859   0.711117   188
  4  15   5.600162  -6.623568   1.997904   188
  4  16   3.899874  -8.537405  -0.622657   188
  4  17   4.873803  -8.541388  -1.619023   188
  4  18   2.934882  -8.962266  -0.875016   188
  4  19   4.631360  -9.046441  -2.549315   188
  4  20   5.991994  -7.702497  -1.520970   188
  4  21   6.649340  -7.539959  -2.678414   188
  4  22   6.432673  -8.221010  -3.394322   188
  4  23   7.507488  -7.011835  -2.686672   188
  4  24   6.247879  -6.984050  -0.344342   188
  4  25   7.407297  -6.058956  -0.173012   188
  4  26   8.240638  -5.745811  -1.382841   188
  4  27   6.920886  -4.645221  -0.025838   188
  4  28   8.324685  -6.283924   0.994799   188
  4  29   2.344746  -6.874807   3.727946   188
  4  30   2.581717  -6.136904   4.885505   188
  4  31   1.354188  -7.266740   3.602717   188
  4  32   1.788700  -5.989617   5.607401   188
  4  33   3.842780  -5.565868   5.098191   188
  4  34   3.886641  -4.813963   6.204634   188
  4  35   3.080738  -4.574784   6.765627   188
  4  36   4.750747  -4.384194   6.483414   188
  4  37   4.914131  -5.855091   4.254296   188
  4  38   6.299500  -5.372880   4.583424   188
  4  39   7.384014  -6.284369   4.098432   188
  4  40   6.528986  -4.010290   3.984022   188
  4  41   6.552544  -5.297774   6.050403   188
  4  42   1.861038  -8.157436   1.320709   188
  4  43   1.092136  -7.377106   0.446367   188
  4  44  -0.241337  -7.759062   0.236217   188
  4  45  -0.804520  -8.817783   0.947016   188
  4  46  -0.009426  -9.463216   1.896302   188
  4  47   1.530875  -6.532204  -0.060238   188
  4  48  -0.727955  -7.232784  -0.569037   188
  4  49  -0.461053 -10.235694   2.510557   188
  4  50   1.368461  -9.273284   1.997577   188
  4  51   2.148103 -10.157555   2.765707   188
  4  52   3.376116 -10.107395   2.778653   188
  4  53   1.640420 -11.091142   3.381315   188
  4  54  -2.170488  -9.161591   0.829000   188
  4  55  -2.687732 -10.033384   1.532871   188
  4  56  -2.942163  -8.338548   0.121595   188
  4  57  -2.530029  -7.658446  -0.490048   188
  4  58  -4.388090  -8.421615   0.244039   188
  4  59  -4.629425  -9.463434   0.485021   188
  4  60  -4.892169  -8.159618  -0.677190   188
  4  61  -4.902424  -7.483796   1.323000   188
  4  62  -4.370352  -7.735057   2.243145   188
  4  63  -5.981049  -7.571515   1.474896   188
  4  64  -4.635036  -6.032159   0.923684   188
  4  65  -5.181590  -5.692334   0.045334   188
  4  66  -3.605398  -5.819809   0.648633   188
  4  67  -4.891613  -5.094371   2.108766   188
  4  68  -5.825563  -5.328157   2.613129   188
  4  69  -4.918151  -4.034492   1.863508   188
  4  70  -3.849434  -5.223046   3.209087   188
  4  71  -3.845001  -6.250660   3.572117   188
  4  72  -4.078573  -4.560342   4.039098   188
  4  73  -2.547836  -4.830442   2.701343   188
  4  74  -1.522355  -5.760092   2.633946   188
  4  75  -1.462767  -6.845509   3.203173   188
  4  76  -0.256233  -4.913183   2.572464   188
  4  77   0.063676  -4.887218   3.618831   188
  4  78   0.456961  -5.308919   1.849313   188
  4  79  -0.774794  -3.524311   2.196525   188
  4  80  -0.514612  -2.992673   3.110126   188
  4  81  -2.291466  -3.552430   2.235446   188
  4  82  -2.922690  -2.587946   2.681458   188
  5   0   1.452927  -0.000000   0.000000   165
  5   1   1.823146   0.336407   0.875883   165
  5   2   0.000000   0.000000   0.000000   165
  5   3  -0.358587  -0.460650  -0.917451   165
  5   4  -0.405182  -0.974259   1.109798   165
  5   5  -1.479013  -1.052305   1.237450   165
  5   6  -0.108815  -0.497019   2.039642   165
  5   7   0.084862  -2.703256   0.881709   165
  5   8  -0.727153   1.335608  -0.000000   165
  5   9  -1.911246   1.495599   0.280231   165
  5  10  -6.495099 -11.766879 -11.435844   165
  5  11  -7.160511 -10.668771 -11.986103   165
  5  12  -6.638186 -13.043413 -11.978603   165
  5  13  -7.915814 -10.799740 -13.157967   165
  5  14  -7.377934 -13.222891 -13.152681   165
  5  15  -7.958831 -12.079366 -13.742864   165
  5  16  -5.971601 -14.113181 -11.363574   165
  5  17  -6.238786 -15.397826 -11.832612   165
  5  18  -5.260691 -13.877378 -10.587232   165
  5  19  -5.664289 -16.249016 -11.504536   165
  5  20  -6.961533 -15.581523 -13.020586   165
  5  21  -7.157274 -16.851835 -13.392206   165
  5  22  -6.701782 -17.540649 -12.805725   165
  5  23  -7.740167 -17.003790 -14.202913   165
  5  24  -7.541122 -14.501307 -13.705060   165
  5  25  -8.358231 -14.736005 -14.935404   165
  5  26  -7.758615 -14.201557 -16.199022   165
  5  27  -9.024061 -16.001839 -15.365332   165
  5  28  -9.601099 -13.906610 -14.829658   165
  5  29  -7.171248  -9.423875 -11.334091   165
  5  30  -7.921803  -8.345840 -11.816904   165
  5  31  -6.651468  -9.245935 -10.407017   165
  5  32  -7.915608  -7.402820 -11.297123   165
  5  33  -8.726936  -8.502216 -12.962856   165
  5  34  -9.410521  -7.406438 -13.318784   165
  5  35  -9.412655  -6.704024 -12.599403   165
  5  36 -10.224050  -7.525156 -13.903653   165
  5  37  -8.651227  -9.716307 -13.652680   165
  5  38  -9.511008  -9.919803 -14.872746   165
  5  39  -8.694518 -10.521021 -15.972240   165
  5  40 -10.710584 -10.788603 -14.608356   165
  5  41 -10.109043  -8.768616 -15.615726   165
  5  42  -5.730638 -11.547743 -10.279564   165
  5  43  -6.314700 -11.775806  -9.025229   165
  5  44  -5.696156 -11.515865  -7.800796   165
  5  45  -4.456383 -10.865373  -7.877765   165
  5  46  -3.893452 -10.559941  -9.123887   165
  5  47  -7.301535 -12.198294  -8.959953   165
  5  48  -6.180074 -11.781424  -6.873053   165
  5  49  -2.936626 -10.065889  -9.161261   165
  5  50  -4.504012 -10.871090 -10.344584   165
  5  51  -3.804941 -10.602876 -11.535200   165
  5  52  -4.300288 -10.778894 -12.648819   165
  5  53  -2.672334 -10.129549 -11.509560   165
  5  54  -3.786975 -10.481829  -6.700610   165
  5  55  -2.699791  -9.913661  -6.723367   165
  5  56  -4.278533 -10.715684  -5.482463   165
  5  57  -5.252844 -10.961542  -5.405152   165
  5  58  -3.514421 -10.388846  -4.294562   165
  5  59  -2.431779 -10.469822  -4.399111   165
  5  60  -3.806452 -11.113048  -3.532429   165
  5  61  -3.905907  -9.072342  -3.640758   165
  5  62  -4.830728  -9.141514  -3.067329   165
  5  63  -4.053885  -8.361433  -4.447795   165
  5  64  -2.845152  -8.583327  -2.657313   165
  5  65  -1.821840  -8.758378  -3.014508   165
  5  66  -3.060577  -9.334558  -1.893999   165
  5  67  -3.045918  -7.155056  -2.163926   165
  5  68  -4.079485  -6.931684  -1.898705   165
  5  69  -2.807297  -6.462254  -2.974657   165
  5  70  -2.044905  -6.906487  -1.029428   165
  5  71  -1.099435  -7.358714  -1.325700   165
  5  72  -2.352903  -7.395449  -0.113648   165
  5  73  -1.973601  -5.491962  -0.717117   165
  5  74  -2.977229  -4.818030  -0.041288   165
  5  75  -3.695158  -5.404462   0.762439   165
  5  76  -2.525313  -3.360633   0.018443   165
  5  77  -3.131744  -2.747705  -0.643268   165
  5  78  -2.671777  -3.042500   1.052145   165
  5  79  -1.051738  -3.348642  -0.370056   165
  5  80  -0.979678  -2.670601  -1.214546   165
  5  81  -0.764043  -4.798471  -0.728985   165
  5  82   0.261059  -5.169758  -1.290599   165
  6   0   1.445305   0.000000   0.000000   169
  6   1   1.927348   0.502967   0.734819   169
  6   2   0.000000   0.000000   0.000000   169
  6   3  -0.388910  -0.452267  -0.915807   169
  6   4  -0.603332  -0.733035   1.190397   169
  6   5  -1.683108  -0.644184   1.155843   169
  6   6  -0.243269  -0.249667   2.106699   169
  6   7  -0.068153  -2.457989   1.371550   169
  6   8  -0.631078   1.391955  -0.000000   169
  6   9  -1.845285   1.597592  -0.056650   169
  6  10  -4.920835   0.050549  -0.903443   169
  6  11  -3.956748  -0.148295  -1.909570   169
  6  12  -5.229214   1.359851  -0.538432   169
  6  13  -3.367111   0.920638  -2.580849   169
  6  14  -4.744611   2.448193  -1.278207   169
  6  15  -3.751736   2.237038  -2.257503   169
  6  16  -6.184100   1.577021   0.458778   169
  6  17  -6.584918   2.898510   0.731017   169
  6  18  -6.584709   0.809096   1.113840   169
  6  19  -7.278891   3.139213   1.518776   169
  6  20  -6.173307   3.977968  -0.068700   169
  6  21  -6.621795   5.155857   0.386313   169
  6  22  -7.309818   5.152052   1.126321   169
  6  23  -6.404816   6.030190  -0.082583   169
  6  24  -5.215100   3.754043  -1.053938   169
  6  25  -4.684416   4.971255  -1.750478   169
  6  26  -3.938274   5.919470  -0.871068   169
  6  27  -3.651827   4.827317  -2.819799   169
  6  28  -5.823900   5.803246  -2.259561   169
  6  29  -3.505075  -1.462102  -2.124758   169
  6  30  -2.452078  -1.638023  -3.025672   169
  6  31  -3.991202  -2.334533  -1.705418   169
  6  32  -2.188534  -2.632655  -3.351022   169
  6  33  -1.827504  -0.575448  -3.685172   169
  6  34  -0.793464  -0.944526  -4.464302   169
  6  35  -0.678333  -1.914271  -4.701025   169
  6  36  -0.521962  -0.219259  -5.115973   169
  6  37  -2.304358   0.724785  -3.479011   169
  6  38  -1.938276   1.831881  -4.425913   169
  6  39  -0.982072   2.795947  -3.813006   169
  6  40  -1.087103   1.473218  -5.607846   169
  6  41  -3.136223   2.457834  -5.093521   169
  6  42  -5.535933  -1.012828  -0.247025   169
  6  43  -5.041157  -1.249660   1.044063   169
  6  44  -5.577032  -2.232938   1.890764   169
  6  45  -6.661787  -2.971084   1.407600   169
  6  46  -7.121551  -2.759402   0.100960   169
  6  47  -4.249489  -0.637281   1.437323   169
  6  48  -5.197526  -2.244220   2.898409   169
  6  49  -7.893568  -3.421207  -0.283879   169
  6  50  -6.588859  -1.778931  -0.754795   169
  6  51  -7.155662  -1.589913  -2.027827   169
  6  52  -6.757266  -0.696983  -2.787140   169
  6  53  -8.126667  -2.253643  -2.375256   169
  6  54  -7.219456  -4.021501   2.172342   169
  6  55  -8.115600  -4.680745   1.664676   169
  6  56  -6.508185  -4.506454   3.188174   169
  6  57  -5.779207  -3.933128   3.593493   169
  6  58  -6.687387  -5.791978   3.815484   169
  6  59  -7.653830  -6.241705   3.620966   169
  6  60  -6.599793  -5.689476   4.901495   169
  6  61  -5.778303  -6.908175   3.300924   169
  6  62  -6.124113  -7.067973   2.279269   169
  6  63  -5.911910  -7.822584   3.874429   169
  6  64  -4.310308  -6.471651   3.256974   169
  6  65  -4.166945  -5.633210   2.571069   169
  6  66  -3.815324  -7.326582   2.795905   169
  6  67  -3.612807  -6.212392   4.588017   169
  6  68  -3.787926  -7.041667   5.271198   169
  6  69  -3.986986  -5.353266   5.159940   169
  6  70  -2.114160  -6.043374   4.351191   169
  6  71  -1.726835  -6.919959   3.824240   169
  6  72  -1.632739  -6.123682   5.333375   169
  6  73  -1.801908  -4.750978   3.774380   169
  6  74  -2.014458  -3.590119   4.505152   169
  6  75  -1.945130  -3.477795   5.727068   169
  6  76  -1.721853  -2.416406   3.574464   169
  6  77  -2.452498  -1.619608   3.650455   169
  6  78  -0.793259  -1.926220   3.869135   169
  6  79  -1.560987  -3.055349   2.191976   169
  6  80  -2.367737  -2.876049   1.481198   169
  6  81  -1.562715  -4.565305   2.417871   169
  6  82  -1.924162  -5.398594   1.588482   169
  7   0   1.449311   0.000000   0.000000   169
  7   1   1.844118  -0.393071   0.847244   169
  7   2   0.000000   0.000000   0.000000   169
  7   3  -0.359275  -0.583062  -0.848565   169
  7   4  -0.505001  -0.746074   1.233548   169
  7   5  -1.581858  -0.725932   1.367238   169
  7   6   0.145102  -0.517220   2.074733   169
  7   7  -0.074110  -2.490127   0.959306   169
  7   8  -0.586413   1.405819   0.000000   169
  7   9  -0.177527   2.342193   0.683308   169
  7  10  -1.771674  -2.657688  -3.791686   169
  7  11  -2.510507  -2.228227  -4.902220   169
  7  12  -0.370939  -2.572393  -3.783651   169
  7  13  -1.904907  -1.484719  -5.923467   169
  7  14   0.309525  -1.983952  -4.859202   169
  7  15  -0.495822  -1.398075  -5.854372   169
  7  16   0.404326  -3.002946  -2.702638   169
  7  17   1.786087  -2.792262  -2.671850   169
  7  18  -0.034436  -3.467869  -1.838097   169
  7  19   2.248789  -3.034658  -1.719302   169
  7  20   2.449646  -2.227660  -3.770766   169
  7  21   3.761443  -1.987903  -3.637708   169
  7  22   4.088286  -2.243082  -2.723618   169
  7  23   4.374080  -1.726800  -4.398695   169
  7  24   1.699428  -1.833750  -4.883876   169
  7  25   2.395899  -1.139544  -6.014717   169
  7  26   3.788837  -1.549742  -6.394277   169
  7  27   1.814657  -1.418063  -7.368633   169
  7  28   2.298338   0.337950  -5.786714   169
  7  29  -3.886542  -2.429481  -5.010968   169
  7  30  -4.625306  -1.986194  -6.118546   169
  7  31  -4.405410  -2.964527  -4.222364   169
  7  32  -5.675255  -2.223923  -6.233407   169
  7  33  -3.944911  -1.411583  -7.197056   169
  7  34  -4.722177  -1.089845  -8.242641   169
  7  35  -5.719893  -1.223700  -8.235924   169
  7  36  -4.197719  -0.532336  -8.899855   169
  7  37  -2.583642  -1.087524  -7.087364   169
  7  38  -1.930156  -0.305902  -8.186420   169
  7  39  -2.753097   0.722624  -8.884349   169
  7  40  -0.754079   0.543332  -7.789504   169
  7  41  -1.497125  -1.250451  -9.256517   169
  7  42  -2.383829  -3.304702  -2.714355   169
  7  43  -2.237142  -4.695837  -2.603790   169
  7  44  -2.945067  -5.480109  -1.693758   169
  7  45  -3.936779  -4.852895  -0.918570   169
  7  46  -4.080707  -3.462529  -0.991828   169
  7  47  -1.595114  -5.231399  -3.292244   169
  7  48  -2.760085  -6.539651  -1.748057   169
  7  49  -4.738399  -2.973761  -0.287095   169
  7  50  -3.283290  -2.691577  -1.841746   169
  7  51  -3.522505  -1.300980  -1.846298   169
  7  52  -2.796641  -0.506453  -2.433106   169
  7  53  -4.500763  -0.817964  -1.276115   169
  7  54  -4.794224  -5.587927  -0.066152   169
  7  55  -5.721698  -5.029736   0.523266   169
  7  56  -4.743789  -6.920907  -0.022320   169
  7  57  -4.028759  -7.390311  -0.548623   169
  7  58  -5.445021  -7.753674   0.945189   169
  7  59  -5.779941  -8.691991   0.505653   169
  7  60  -6.304049  -7.256914   1.380849   169
  7  61  -4.515753  -8.180734   2.073851   169
  7  62  -3.553364  -8.459817   1.632353   169
  7  63  -4.974455  -9.056946   2.529312   169
  7  64  -4.310273  -6.995591   3.018580   169
  7  65  -5.181860  -6.728780   3.616619   169
  7  66  -4.011094  -6.121334   2.440856   169
  7  67  -3.130540  -7.224989   3.961240   169
  7  68  -3.144688  -8.265878   4.297325   169
  7  69  -3.272262  -6.578540   4.829410   169
  7  70  -1.773756  -6.814025   3.394898   169
  7  71  -1.432767  -7.380270   2.519002   169
  7  72  -1.016292  -6.955307   4.172257   169
  7  73  -1.654109  -5.408818   3.077287   169
  7  74  -1.416547  -4.501368   4.102374   169
  7  75  -2.149585  -4.447212   5.082486   169
  7  76  -1.121852  -3.156444   3.454273   169
  7  77  -1.681978  -2.282765   3.811262   169
  7  78  -0.069075  -2.905655   3.609402   169
  7  79  -1.322982  -3.340921   1.956235   169
  7  80  -2.283921  -2.924014   1.652613   169
  7  81  -1.361555  -4.855998   1.839384   169
  7  82  -1.005594  -5.523907   0.863788   169
  8   0   1.458800   0.000000   0.000000   156
  8   1   1.919590  -0.674168  -0.600060   156
  8   2   0.000000   0.000000   0.000000   156
  8   3  -0.197903  -0.438868  -0.974439   156
  8   4  -0.454072  -0.928662   1.115126   156
  8   5  -1.526117  -0.775181   1.232016   156
  8   6  -0.030916  -0.602968   2.066052   156
  8   7  -0.256581  -2.681937   0.707168   156
  8   8  -0.758775   1.321727  -0.000000   156
  8   9  -1.892855   1.367794   0.464905   156
  8  10  -5.028172   0.485165  -1.221562   156
  8  11  -3.827733   0.464708  -1.931090   156
  8  12  -5.839934   1.624248  -1.152040   156
  8  13  -3.351315   1.644978  -2.516315   156
  8  14  -5.412049   2.772116  -1.842122   156
  8  15  -4.200163   2.770865  -2.551440   156
  8  16  -6.985396   1.715079  -0.352373   156
  8  17  -7.738617   2.893594  -0.413687   156
  8  18  -7.342469   0.905957   0.257480   156
  8  19  -8.575399   2.910974   0.277248   156
  8  20  -7.455096   3.942017  -1.280882   156
  8  21  -8.367285   4.928345  -1.289341   156
  8  22  -9.250612   4.741887  -0.845759   156
  8  23  -8.310799   5.683009  -1.960677   156
  8  24  -6.209279   3.924989  -1.920920   156
  8  25  -5.833148   5.110406  -2.747426   156
  8  26  -4.843088   6.070387  -2.140449   156
  8  27  -5.278995   4.878496  -4.122463   156
  8  28  -6.940633   5.974178  -3.279944   156
  8  29  -3.112147  -0.735865  -2.085870   156
  8  30  -1.977927  -0.757340  -2.901765   156
  8  31  -3.445571  -1.646185  -1.604469   156
  8  32  -1.536880  -1.737532  -3.009017   156
  8  33  -1.406704   0.432488  -3.339273   156
  8  34  -0.256856   0.264658  -4.002735   156
  8  35   0.170481  -0.656672  -3.984497   156
  8  36   0.338222   1.011961  -4.314539   156
  8  37  -2.118247   1.635762  -3.175754   156
  8  38  -1.525774   2.866994  -3.796111   156
  8  39  -2.106457   3.295218  -5.113089   156
  8  40  -1.819851   4.010923  -2.869048   156
  8  41  -0.023994   2.909297  -3.817633   156
  8  42  -5.518095  -0.651409  -0.563478   156
  8  43  -4.804631  -1.068169   0.562614   156
  8  44  -5.199682  -2.086651   1.437846   156
  8  45  -6.373592  -2.794611   1.135643   156
  8  46  -7.063542  -2.355349   0.003160   156
  8  47  -3.977172  -0.466717   0.920754   156
  8  48  -4.648888  -2.273959   2.350886   156
  8  49  -7.945363  -2.909777  -0.264240   156
  8  50  -6.688371  -1.355923  -0.902761   156
  8  51  -7.448243  -1.103805  -2.059494   156
  8  52  -7.130173  -0.294528  -2.937448   156
  8  53  -8.564981  -1.587227  -2.205769   156
  8  54  -6.808675  -3.974152   1.781621   156
  8  55  -7.892853  -4.480721   1.501539   156
  8  56  -6.275155  -4.279115   2.967897   156
  8  57  -5.595692  -3.647247   3.373697   156
  8  58  -6.375717  -5.523702   3.708026   156
  8  59  -7.128390  -6.173843   3.250205   156
  8  60  -6.703384  -5.214353   4.702530   156
  8  61  -5.098161  -6.333418   3.836127   156
  8  62  -4.761926  -6.559164   2.823268   156
  8  63  -5.371811  -7.339859   4.136453   156
  8  64  -4.025704  -5.717367   4.740128   156
  8  65  -4.307236  -5.618347   5.789716   156
  8  66  -3.706332  -4.742635   4.371215   156
  8  67  -2.884424  -6.724858   4.671979   156
  8  68  -3.157731  -7.766434   4.834229   156
  8  69  -2.270221  -6.486199   5.549929   156
  8  70  -2.121949  -6.555802   3.362723   156
  8  71  -2.599944  -7.016403   2.501755   156
  8  72  -1.336920  -7.306669   3.528944   156
  8  73  -1.487249  -5.290946   3.078649   156
  8  74  -0.722649  -4.632520   4.031939   156
  8  75   0.099259  -5.295864   4.657593   156
  8  76  -0.322319  -3.302399   3.412737   156
  8  77  -0.516794  -2.522860   4.143079   156
  8  78   0.736016  -3.352457   3.155791   156
  8  79  -1.205580  -3.142526   2.181400   156
  8  80  -1.966821  -2.394498   2.405597   156
  8  81  -1.864477  -4.507524   1.992624   156
  8  82  -2.887235  -4.609165   1.330103   156
  9   0   1.453651   0.000000   0.000000   173
  9   1   1.966428   0.727202   0.472057   173
  9   2   0.000000   0.000000   0.000000   173
  9   3  -0.370378  -0.529678  -0.879127   173
  9   4  -0.432841  -0.886691   1.171592   173
  9   5  -1.509854  -1.061159   1.157272   173
  9   6  -0.096929  -0.413086   2.092762   173
  9   7   0.324974  -2.532524   1.246079   173
  9   8  -0.732019   1.329153  -0.000000   173
  9   9  -1.850376   1.413450  -0.497464   173
  9  10  -1.766448   1.432362  -3.507051   173
  9  11  -0.575585   2.086789  -3.168425   173
  9  12  -3.005123   2.052055  -3.286900   173
  9  13  -0.618304   3.396516  -2.672149   173
  9  14  -3.087330   3.403157  -2.936667   173
  9  15  -1.868811   4.028202  -2.574129   173
  9  16  -4.191240   1.310860  -3.428171   173
  9  17  -5.448764   1.888422  -3.246356   173
  9  18  -4.209677   0.254026  -3.634954   173
  9  19  -6.391219   1.403833  -3.471191   173
  9  20  -5.528219   3.216439  -2.793854   173
  9  21  -6.762766   3.666341  -2.561296   173
  9  22  -7.499739   3.003830  -2.790758   173
  9  23  -6.897117   4.607732  -2.215127   173
  9  24  -4.335291   3.940242  -2.610736   173
  9  25  -4.352214   5.316014  -2.017132   173
  9  26  -3.540533   6.296840  -2.800240   173
  9  27  -5.636635   6.056847  -1.808494   173
  9  28  -3.893026   5.319500  -0.582546   173
  9  29   0.653596   1.415824  -3.264957   173
  9  30   1.862071   2.020514  -2.911635   173
  9  31   0.616242   0.399053  -3.626461   173
  9  32   2.837615   1.578817  -3.010214   173
  9  33   1.782616   3.348531  -2.459130   173
  9  34   3.013036   3.805205  -2.204345   173
  9  35   3.776218   3.145885  -2.220200   173
  9  36   3.049978   4.800908  -2.002079   173
  9  37   0.571596   4.041687  -2.322876   173
  9  38   0.606130   5.424507  -1.746667   173
  9  39   1.901077   6.061397  -1.319953   173
  9  40   0.131464   6.390862  -2.799591   173
  9  41  -0.363223   5.596055  -0.623890   173
  9  42  -1.764247   0.124545  -3.995939   173
  9  43  -1.894403  -0.941755  -3.094019   173
  9  44  -2.028823  -2.279146  -3.498883   173
  9  45  -1.952257  -2.616016  -4.846158   173
  9  46  -1.683692  -1.552485  -5.719186   173
  9  47  -2.015684  -0.724159  -2.042331   173
  9  48  -2.218002  -3.076709  -2.800666   173
  9  49  -1.741959  -1.764690  -6.782423   173
  9  50  -1.626869  -0.204864  -5.350014   173
  9  51  -1.522304   0.764056  -6.367098   173
  9  52  -1.675780   1.972987  -6.222066   173
  9  53  -1.464932   0.458823  -7.557114   173
  9  54  -2.244969  -3.929386  -5.272631   173
  9  55  -2.037628  -4.229143  -6.453714   173
  9  56  -2.728923  -4.794045  -4.387051   173
  9  57  -2.972998  -4.559737  -3.444645   173
  9  58  -3.000653  -6.180952  -4.706511   173
  9  59  -3.431086  -6.285217  -5.700166   173
  9  60  -3.748838  -6.516343  -3.985724   173
  9  61  -1.769339  -7.070432  -4.626559   173
  9  62  -1.135280  -6.831149  -5.488193   173
  9  63  -2.105664  -8.108006  -4.713863   173
  9  64  -1.056719  -6.872599  -3.300610   173
  9  65  -0.800743  -5.811262  -3.199913   173
  9  66  -0.083721  -7.322545  -3.519295   173
  9  67  -1.608984  -7.486500  -2.015339   173
  9  68  -1.461012  -8.575074  -2.018648   173
  9  69  -2.671069  -7.293796  -1.934460   173
  9  70  -0.873044  -7.014078  -0.767855   173
  9  71   0.206032  -7.162515  -0.780531   173
  9  72  -1.166856  -7.595709   0.099252   173
  9  73  -1.106250  -5.595514  -0.532290   173
  9  74  -2.332473  -5.091372  -0.092157   173
  9  75  -3.248856  -5.838698   0.245849   173
  9  76  -2.092731  -3.679651   0.424432   173
  9  77  -2.778797  -3.043616  -0.145892   173
  9  78  -2.205001  -3.471611   1.487408   173
  9  79  -0.670519  -3.348548  -0.023096   173
  9  80  -0.775290  -2.724311  -0.907996   173
  9  81  -0.079800  -4.674039  -0.474118   173
  9  82   1.116637  -4.968503  -0.509224   173
 10   0   1.454305   0.000000  -0.000000   161
 10   1   1.906068   0.655227   0.620071   161
 10   2   0.000000   0.000000   0.000000   161
 10   3  -0.354806  -0.444473  -0.926960   161
 10   4  -0.535305  -0.868334   1.129047   161
 10   5  -1.626548  -0.860620   1.204728   161
 10   6  -0.158837  -0.398304   2.039346   161
 10   7  -0.041253  -2.608275   1.076898   161
 10   8  -0.597192   1.402089   0.000000   161
 10   9   0.140274   2.354318   0.228707   161
 10  10  -3.251038   1.200204  -3.627512   161
 10  11  -1.902969   1.537454  -3.506368   161
 10  12  -4.282458   2.142112  -3.553501   161
 10  13  -1.485245   2.834920  -3.163741   161
 10  14  -3.908055   3.469553  -3.323234   161
 10  15  -2.554830   3.752870  -3.068058   161
 10  16  -5.621243   1.764239  -3.730891   161
 10  17  -6.600064   2.743315  -3.495474   161
 10  18  -5.990493   0.766007  -3.929607   161
 10  19  -7.638705   2.454055  -3.530873   161
 10  20  -6.248350   4.085125  -3.284665   161
 10  21  -7.331343   4.863423  -3.168561   161
 10  22  -8.226616   4.505921  -3.488369   161
 10  23  -7.207573   5.822072  -2.887543   161
 10  24  -4.899251   4.447280  -3.208004   161
 10  25  -4.693998   5.907081  -2.898569   161
 10  26  -5.222089   6.839068  -3.937956   161
 10  27  -5.482005   6.432874  -1.730027   161
 10  28  -3.355215   6.392510  -2.436167   161
 10  29  -0.891145   0.576645  -3.658857   161
 10  30   0.471361   0.878752  -3.518837   161
 10  31  -1.158283  -0.448420  -3.832009   161
 10  32   1.277935   0.162449  -3.647108   161
 10  33   0.823076   2.193461  -3.199558   161
 10  34   2.149483   2.381339  -3.281684   161
 10  35   2.685823   1.557924  -3.487425   161
 10  36   2.531109   3.316516  -3.241621   161
 10  37  -0.141304   3.196803  -3.004175   161
 10  38   0.268169   4.630258  -2.931804   161
 10  39  -0.475486   5.426352  -1.903157   161
 10  40   1.671933   4.976613  -2.550248   161
 10  41   0.051571   5.325898  -4.246899   161
 10  42  -3.530552  -0.101155  -4.072524   161
 10  43  -4.083392  -0.976315  -3.138788   161
 10  44  -4.174156  -2.342775  -3.420291   161
 10  45  -3.628536  -2.892852  -4.581073   161
 10  46  -3.262379  -1.956992  -5.550345   161
 10  47  -4.258732  -0.719066  -2.101879   161
 10  48  -4.550625  -2.971284  -2.623140   161
 10  49  -3.004524  -2.330228  -6.537871   161
 10  50  -3.211842  -0.572360  -5.347275   161
 10  51  -2.960175   0.254116  -6.459122   161
 10  52  -3.064349   1.477281  -6.374760   161
 10  53  -2.580612  -0.213132  -7.534673   161
 10  54  -3.546020  -4.292494  -4.760235   161
 10  55  -2.929229  -4.746572  -5.717252   161
 10  56  -4.210255  -5.110825  -3.932151   161
 10  57  -4.813638  -4.727211  -3.227829   161
 10  58  -4.265951  -6.560560  -3.971712   161
 10  59  -3.692481  -7.001138  -4.796288   161
 10  60  -5.284995  -6.906163  -4.164087   161
 10  61  -3.790465  -7.228093  -2.691083   161
 10  62  -4.048319  -8.283157  -2.784146   161
 10  63  -4.288641  -6.823920  -1.806457   161
 10  64  -2.300061  -6.903324  -2.596104   161
 10  65  -2.163917  -5.824072  -2.672162   161
 10  66  -1.854487  -7.496012  -3.394153   161
 10  67  -1.592508  -7.449756  -1.368191   161
 10  68  -0.518799  -7.248762  -1.428601   161
 10  69  -1.771973  -8.520713  -1.317718   161
 10  70  -2.112342  -6.861241  -0.054905   161
 10  71  -1.509993  -7.276889   0.744724   161
 10  72  -3.126231  -7.158641   0.193458   161
 10  73  -2.130912  -5.404192  -0.082662   161
 10  74  -3.208745  -4.626053   0.309982   161
 10  75  -4.363938  -5.036992   0.428565   161
 10  76  -2.717791  -3.192981   0.271625   161
 10  77  -3.264445  -2.660033  -0.521746   161
 10  78  -2.753890  -2.661248   1.220390   161
 10  79  -1.243889  -3.232849  -0.130155   161
 10  80  -1.096395  -2.683039  -1.057600   161
 10  81  -0.949934  -4.711746  -0.306073   161
 10  82   0.160908  -5.223991  -0.175924   161
 11   0   1.445476   0.000000  -0.000000   166
 11   1   1.878896  -0.447662   0.795138   166
 11   2   0.000000   0.000000   0.000000   166
 11   3  -0.240129  -0.431801  -0.968292   166
 11   4  -0.487317  -0.823782   1.185623   166
 11   5  -1.574848  -0.854219   1.099894   166
 11   6  -0.163964  -0.352686   2.118850   166
 11   7   0.058941  -2.550397   1.137585   166
 11   8  -0.579878   1.413946   0.000000   166
 11   9  -1.750497   1.533105  -0.343446   166
 11  10   3.062798  -2.296021  -2.895248   166
 11  11   4.263580  -1.766504  -3.356046   166
 11  12   1.832062  -1.809139  -3.354306   166
 11  13   4.259151  -0.790416  -4.360305   166
 11  14   1.758317  -0.919118  -4.428472   166
 11  15   3.004203  -0.428674  -4.883033   166
 11  16   0.672860  -2.382920  -2.830169   166
 11  17  -0.520727  -2.081307  -3.499930   166
 11  18   0.640134  -3.142765  -2.062466   166
 11  19  -1.386395  -2.634711  -3.143187   166
 11  20  -0.625192  -1.167321  -4.554548   166
 11  21  -1.838978  -0.869321  -5.036752   166
 11  22  -2.651235  -1.392973  -4.719532   166
 11  23  -1.935278  -0.208931  -5.782947   166
 11  24   0.546188  -0.561104  -5.027698   166
 11  25   0.620768   0.331963  -6.225517   166
 11  26   1.357621   1.610572  -5.949820   166
 11  27   1.472877  -0.236148  -7.320854   166
 11  28  -0.606717   0.793161  -6.965164   166
 11  29   5.460348  -2.373047  -2.952005   166
 11  30   6.629859  -1.930190  -3.601253   166
 11  31   5.517491  -3.084791  -2.148103   166
 11  32   7.582556  -2.369638  -3.335437   166
 11  33   6.616509  -0.909673  -4.551231   166
 11  34   7.815837  -0.657567  -5.103908   166
 11  35   8.470084  -1.423588  -5.014095   166
 11  36   7.829328   0.059452  -5.808397   166
 11  37   5.419188  -0.329096  -4.985692   166
 11  38   5.399817   0.702888  -6.076853   166
 11  39   4.211490   1.620823  -6.194602   166
 11  40   6.601359   1.562006  -6.306219   166
 11  41   5.470315  -0.042347  -7.374950   166
 11  42   3.146922  -3.389427  -2.015827   166
 11  43   3.369822  -3.164417  -0.647110   166
 11  44   3.240939  -4.223042   0.259091   166
 11  45   2.936264  -5.527316  -0.160362   166
 11  46   2.741723  -5.735250  -1.531026   166
 11  47   3.503412  -2.147288  -0.308136   166
 11  48   3.309704  -4.006716   1.309270   166
 11  49   2.573959  -6.739307  -1.893686   166
 11  50   2.849095  -4.684105  -2.456748   166
 11  51   2.707553  -5.082052  -3.797647   166
 11  52   2.871580  -4.275998  -4.712395   166
 11  53   2.593058  -6.263140  -4.115329   166
 11  54   3.029865  -6.639187   0.695200   166
 11  55   2.795407  -7.757377   0.260243   166
 11  56   3.167120  -6.424615   2.008636   166
 11  57   3.228276  -5.479276   2.357620   166
 11  58   3.065560  -7.505914   2.959999   166
 11  59   4.013137  -7.798088   3.415773   166
 11  60   2.695646  -8.379854   2.437320   166
 11  61   2.145239  -7.172219   4.138370   166
 11  62   2.797413  -6.526239   4.719042   166
 11  63   1.898193  -8.119326   4.609597   166
 11  64   0.816057  -6.445645   3.936713   166
 11  65   0.889250  -5.394511   3.642837   166
 11  66   0.252158  -6.498750   4.860235   166
 11  67  -0.065659  -7.169214   2.926751   166
 11  68   0.076301  -8.248095   3.029998   166
 11  69   0.306467  -6.886533   1.942210   166
 11  70  -1.521856  -6.772818   3.114515   166
 11  71  -1.740265  -7.017414   4.155795   166
 11  72  -1.994574  -7.487000   2.444154   166
 11  73  -1.837184  -5.393733   2.810708   166
 11  74  -1.919927  -4.492838   3.857773   166
 11  75  -2.372650  -4.624683   4.991151   166
 11  76  -1.668867  -3.108283   3.275984   166
 11  77  -2.582891  -2.528716   3.415843   166
 11  78  -0.791925  -2.635549   3.711178   166
 11  79  -1.428047  -3.343971   1.789593   166
 11  80  -2.294613  -3.116380   1.177082   166
 11  81  -1.328838  -4.861196   1.636662   166
 11  82  -1.613382  -5.372883   0.553280   166
 12   0   1.453857   0.000000   0.000000   193
 12   1   1.915869   0.440223   0.777721   193
 12   2   0.000000   0.000000   0.000000   193
 12   3  -0.298033  -0.427587  -0.962522   193
 12   4  -0.404100  -0.966483   1.105630   193
 12   5  -1.491896  -0.953795   1.021138   193
 12   6  -0.131791  -0.564542   2.077118   193
 12   7   0.118576  -2.680324   0.781211   193
 12   8  -0.719327   1.341444   0.000000   193
 12   9  -1.944962   1.451821   0.033646   193
 12  10  -0.106894  -0.019305   5.825863   193
 12  11  -0.730543   0.808454   4.876720   193
 12  12   1.032281   0.436579   6.494481   193
 12  13  -0.215979   2.080176   4.615084   193
 12  14   1.551936   1.713487   6.273432   193
 12  15   0.995350   2.472992   5.221119   193
 12  16   1.735238  -0.434384   7.335715   193
 12  17   2.829774   0.012991   8.097260   193
 12  18   1.447932  -1.459376   7.505272   193
 12  19   3.371434  -0.636733   8.762885   193
 12  20   3.380794   1.266015   7.830978   193
 12  21   4.506901   1.545521   8.504074   193
 12  22   4.905633   0.988297   9.247254   193
 12  23   4.873513   2.491230   8.457909   193
 12  24   2.731006   2.113681   6.919527   193
 12  25   3.316968   3.426888   6.513044   193
 12  26   3.902171   3.350073   5.128798   193
 12  27   2.214660   4.437429   6.475261   193
 12  28   4.304203   4.169408   7.375964   193
 12  29  -1.889943   0.416800   4.199962   193
 12  30  -2.496671   1.320352   3.315388   193
 12  31  -2.325681  -0.569482   4.232883   193
 12  32  -3.353014   1.007489   2.740849   193
 12  33  -2.082255   2.646610   3.167755   193
 12  34  -2.885771   3.487432   2.498209   193
 12  35  -3.771690   3.213423   2.094892   193
 12  36  -2.539587   4.416966   2.313767   193
 12  37  -0.878903   2.998472   3.789879   193
 12  38  -0.287027   4.337962   3.453215   193
 12  39   1.160227   4.187267   3.103717   193
 12  40  -0.804958   5.084279   2.262223   193
 12  41  -0.586025   5.342867   4.532598   193
 12  42  -0.441180  -1.367673   5.894823   193
 12  43   0.400720  -2.247324   5.192094   193
 12  44   0.205443  -3.619103   5.369809   193
 12  45  -0.898931  -4.109923   6.083571   193
 12  46  -1.749496  -3.171259   6.696065   193
 12  47   1.230238  -1.894648   4.599460   193
 12  48   0.815201  -4.279576   4.761802   193
 12  49  -2.556110  -3.538638   7.312346   193
 12  50  -1.620665  -1.790526   6.520610   193
 12  51  -2.522265  -0.966748   7.237967   193
 12  52  -2.260616   0.216317   7.457970   193
 12  53  -3.400276  -1.487810   7.912419   193
 12  54  -1.212168  -5.483385   6.074250   193
 12  55  -2.133375  -5.920935   6.740982   193
 12  56  -0.416286  -6.319872   5.396417   193
 12  57   0.374301  -5.917624   4.923056   193
 12  58  -0.639693  -7.749082   5.240049   193
 12  59  -1.359366  -8.113823   5.968289   193
 12  60   0.256267  -8.371106   5.194901   193
 12  61  -1.321946  -7.926101   3.892052   193
 12  62  -2.206627  -7.290945   3.951356   193
 12  63  -1.681611  -8.950383   3.878402   193
 12  64  -0.418692  -7.499519   2.741115   193
 12  65   0.567305  -7.890551   2.968059   193
 12  66  -0.260491  -6.422396   2.640220   193
 12  67  -1.012078  -8.022716   1.438555   193
 12  68  -1.315822  -9.061442   1.577431   193
 12  69  -0.281607  -7.949325   0.632872   193
 12  70  -2.212127  -7.172230   1.019551   193
 12  71  -2.963714  -7.440328   1.754221   193
 12  72  -2.608177  -7.404955   0.032090   193
 12  73  -2.129653  -5.725414   0.989297   193
 12  74  -2.625851  -4.944039   2.023435   193
 12  75  -3.629529  -5.189495   2.690731   193
 12  76  -2.269556  -3.478606   1.828337   193
 12  77  -3.152380  -2.891131   1.555942   193
 12  78  -1.750867  -3.139339   2.725196   193
 12  79  -1.466037  -3.509845   0.531617   193
 12  80  -1.985412  -3.021866  -0.298457   193
 12  81  -1.371531  -4.969406   0.107649   193
 12  82  -0.265094  -5.429667  -0.142272   193
 13   0   1.452479   0.000000   0.000000   407
 13   1   1.858611   0.281023   0.874406   407
 13   2   0.000000   0.000000   0.000000   407
 13   3  -0.304582  -0.417889  -0.959585   407
 13   4  -0.518910  -0.771609   1.201145   407
 13   5  -1.578200  -0.515569   1.280809   407
 13   6  -0.024239  -0.343138   2.070980   407
 13   7  -0.276019  -2.563822   1.343883   407
 13   8  -0.558147   1.417595   0.000000   407
 13   9  -1.757474   1.702021  -0.010803   407
 13  10   0.967917   0.093842   6.159426   407
 13  11   0.456175   0.869153   5.110084   407
 13  12   2.212339   0.425438   6.700497   407
 13  13   1.040213   2.084932   4.753315   407
 13  14   2.892833   1.591933   6.316023   407
 13  15   2.278234   2.418096   5.352324   407
 13  16   2.918713  -0.463420   7.506886   407
 13  17   4.201622  -0.167603   7.989316   407
 13  18   2.467276  -1.303696   8.018299   407
 13  19   4.646100  -0.792336   8.742342   407
 13  20   4.850927   0.972012   7.489931   407
 13  21   6.044058   1.134850   8.069608   407
 13  22   6.241098   0.505809   8.835102   407
 13  23   6.544032   1.995998   7.903027   407
 13  24   4.208514   1.906368   6.677295   407
 13  25   4.835995   3.213179   6.291791   407
 13  26   3.835638   4.308384   6.491579   407
 13  27   5.938658   3.732402   7.164223   407
 13  28   5.228154   3.236659   4.843184   407
 13  29  -0.724355   0.482576   4.470551   407
 13  30  -1.349422   1.330086   3.555170   407
 13  31  -1.319822  -0.312897   4.906146   407
 13  32  -2.313152   1.101741   3.118267   407
 13  33  -0.804557   2.592233   3.279119   407
 13  34  -1.511208   3.327273   2.406098   407
 13  35  -2.438311   3.021432   2.147950   407
 13  36  -1.091922   4.141698   1.969506   407
 13  37   0.429330   2.948536   3.844243   407
 13  38   1.094058   4.193615   3.326444   407
 13  39   0.906728   4.486323   1.875540   407
 13  40   0.606962   5.408296   4.064744   407
 13  41   2.556798   4.367023   3.605954   407
 13  42   0.523915  -1.231161   6.273996   407
 13  43   0.737757  -2.116706   5.215231   407
 13  44   0.306700  -3.451570   5.262460   407
 13  45  -0.411317  -3.942866   6.354604   407
 13  46  -0.689669  -3.035528   7.391840   407
 13  47   1.289161  -1.693549   4.386142   407
 13  48   0.516203  -4.055807   4.399265   407
 13  49  -1.299112  -3.337985   8.233685   407
 13  50  -0.175857  -1.726138   7.382065   407
 13  51  -0.470388  -0.973732   8.533907   407
 13  52  -0.047799   0.163804   8.739645   407
 13  53  -1.073428  -1.404594   9.514571   407
 13  54  -0.806367  -5.284575   6.528548   407
 13  55  -1.324519  -5.672206   7.572655   407
 13  56  -0.460477  -6.165672   5.589544   407
 13  57   0.104696  -5.833102   4.817940   407
 13  58  -0.913084  -7.531451   5.447089   407
 13  59  -1.166033  -7.958362   6.423186   407
 13  60  -0.062676  -8.079034   5.043279   407
 13  61  -2.037227  -7.646601   4.416341   407
 13  62  -2.882608  -7.015987   4.707988   407
 13  63  -2.423190  -8.653959   4.525266   407
 13  64  -1.677977  -7.300508   2.979517   407
 13  65  -1.073219  -8.101414   2.553700   407
 13  66  -1.239414  -6.309477   2.793999   407
 13  67  -2.883636  -7.260395   2.052926   407
 13  68  -3.463954  -8.185063   2.070813   407
 13  69  -2.463112  -7.187302   1.047978   407
 13  70  -3.819551  -6.079785   2.317932   407
 13  71  -4.385756  -6.240712   3.224583   407
 13  72  -4.658803  -6.077757   1.615827   407
 13  73  -3.183670  -4.785541   2.215044   407
 13  74  -3.511523  -3.730791   3.066757   407
 13  75  -3.914010  -3.924322   4.211594   407
 13  76  -2.687826  -2.528369   2.633272   407
 13  77  -3.350484  -1.671325   2.522997   407
 13  78  -2.033429  -2.196930   3.423281   407
 13  79  -2.050844  -2.903279   1.301921   407
 13  80  -2.534980  -2.479756   0.422239   407
 13  81  -2.391575  -4.380131   1.143770   407
 13  82  -2.453949  -4.907089   0.044760   407
 14   0   1.451517   0.000000  -0.000000   152
 14   1   1.869494  -0.324439   0.859151   152
 14   2   0.000000   0.000000   0.000000   152
 14   3  -0.297275  -0.534365  -0.906961   152
 14   4  -0.484459  -0.828761   1.185143   152
 14   5  -1.575593  -0.893271   1.220687   152
 14   6  -0.325109  -0.273015   2.116997   152
 14   7   0.059181  -2.547908   1.311210   152
 14   8  -0.580842   1.397864  -0.000000   152
 14   9   0.029141   2.330646   0.521766   152
 14  10  -1.196062   0.233839   5.818433   152
 14  11  -1.753479   1.040304   4.817135   152
 14  12  -0.336272   0.810864   6.768489   152
 14  13  -1.565125   2.420485   4.872141   152
 14  14   0.034444   2.159584   6.732091   152
 14  15  -0.635132   2.959076   5.786215   152
 14  16   0.303750  -0.038253   7.673573   152
 14  17   1.174218   0.435616   8.662932   152
 14  18   0.117806  -1.103882   7.751423   152
 14  19   1.564707  -0.232610   9.415988   152
 14  20   1.501943   1.794945   8.620259   152
 14  21   2.222637   2.096553   9.707058   152
 14  22   2.280646   1.407427  10.439614   152
 14  23   2.275478   3.084055   9.930998   152
 14  24   0.951828   2.658956   7.666238   152
 14  25   1.374489   4.098581   7.650767   152
 14  26   2.458252   4.536174   8.583651   152
 14  27   1.830839   4.544310   6.297412   152
 14  28   0.266751   5.057385   7.936611   152
 14  29  -2.471969   0.433000   3.772120   152
 14  30  -3.146504   1.252394   2.862013   152
 14  31  -2.552228  -0.630849   3.670732   152
 14  32  -3.827792   0.875235   2.110683   152
 14  33  -2.990255   2.644202   2.869751   152
 14  34  -3.626003   3.288136   1.875332   152
 14  35  -4.262578   2.726028   1.333751   152
 14  36  -3.588181   4.286207   1.741833   152
 14  37  -2.109521   3.170910   3.814360   152
 14  38  -1.803359   4.632379   3.773378   152
 14  39  -0.363210   5.035993   3.673046   152
 14  40  -2.594601   5.521243   2.855962   152
 14  41  -2.379998   5.101997   5.076046   152
 14  42  -1.385104  -1.149488   5.826592   152
 14  43  -0.352734  -2.032663   5.451870   152
 14  44  -0.434856  -3.426789   5.346668   152
 14  45  -1.716480  -3.994742   5.389874   152
 14  46  -2.792528  -3.134439   5.642660   152
 14  47   0.592759  -1.635784   5.127325   152
 14  48   0.430516  -3.953490   4.965721   152
 14  49  -3.786731  -3.558853   5.648660   152
 14  50  -2.612787  -1.793535   6.009086   152
 14  51  -3.679051  -1.113375   6.623465   152
 14  52  -3.711914   0.084818   6.866472   152
 14  53  -4.723475  -1.711965   6.870386   152
 14  54  -1.881273  -5.370782   5.148517   152
 14  55  -3.039097  -5.781563   5.023589   152
 14  56  -0.870467  -6.242959   5.195237   152
 14  57   0.023976  -5.860139   5.483715   152
 14  58  -1.047315  -7.673943   5.102995   152
 14  59  -2.099112  -7.899235   4.883978   152
 14  60  -0.736192  -8.175486   6.012312   152
 14  61  -0.130274  -8.177672   3.992321   152
 14  62  -0.293552  -9.255415   4.085653   152
 14  63   0.892380  -7.915128   4.250873   152
 14  64  -0.410188  -7.582468   2.613055   152
 14  65   0.389527  -7.964974   1.969439   152
 14  66  -0.281083  -6.502541   2.661949   152
 14  67  -1.746927  -7.915643   1.964424   152
 14  68  -2.602722  -7.703592   2.608432   152
 14  69  -1.672110  -8.977365   1.760342   152
 14  70  -1.873415  -7.180141   0.631820   152
 14  71  -2.656392  -7.467998  -0.068676   152
 14  72  -1.022513  -7.469126   0.018749   152
 14  73  -1.945893  -5.737367   0.794757   152
 14  74  -2.903720  -5.103647   1.575823   152
 14  75  -3.964610  -5.631530   1.895746   152
 14  76  -2.529767  -3.630894   1.599466   152
 14  77  -3.404232  -3.042300   1.318459   152
 14  78  -2.269833  -3.467015   2.645881   152
 14  79  -1.349070  -3.461853   0.648688   152
 14  80  -1.751477  -2.920765  -0.205823   152
 14  81  -0.957755  -4.897261   0.321780   152
 14  82  -0.165272  -5.221610  -0.556498   152
 15   0   1.452791   0.000000   0.000000   178
 15   1   1.927738  -0.396752  -0.800320   178
 15   2   0.000000   0.000000   0.000000   178
 15   3  -0.212969  -0.488933  -0.945826   178
 15   4  -0.587833  -1.028698   0.963554   178
 15   5  -1.672986  -0.998595   0.957512   178
 15   6  -0.448101  -0.830642   2.028235   178
 15   7  -0.171804  -2.752959   0.589325   178
 15   8  -0.720477   1.344438   0.000000   178
 15   9  -1.864825   1.451638   0.433904   178
 15  10   1.716631   0.037036   5.612658   178
 15  11   2.163495   1.098041   6.394691   178
 15  12   2.551919  -0.688243   4.743598   178
 15  13   3.511452   1.486583   6.288177   178
 15  14   3.885560  -0.297256   4.605634   178
 15  15   4.302825   0.854400   5.312796   178
 15  16   2.113316  -1.864203   4.139655   178
 15  17   3.018333  -2.718132   3.495957   178
 15  18   1.124944  -2.294347   4.270021   178
 15  19   2.712440  -3.711179   3.189221   178
 15  20   4.343988  -2.298995   3.376535   178
 15  21   5.109964  -3.139670   2.663616   178
 15  22   4.551246  -3.875549   2.256655   178
 15  23   6.024684  -2.885632   2.305079   178
 15  24   4.774402  -1.037501   3.825505   178
 15  25   6.223268  -0.665022   3.754476   178
 15  26   6.365132   0.805264   3.492499   178
 15  27   6.855226  -1.004339   5.081161   178
 15  28   7.085540  -1.175387   2.635450   178
 15  29   1.327104   1.838648   7.240005   178
 15  30   1.823941   2.919069   7.981721   178
 15  31   0.275335   1.593733   7.299150   178
 15  32   1.119778   3.506353   8.545063   178
 15  33   3.119792   3.387838   7.752532   178
 15  34   3.506977   4.479118   8.430541   178
 15  35   2.844804   4.984696   9.006574   178
 15  36   4.378540   4.890473   8.116592   178
 15  37   3.963340   2.646009   6.922947   178
 15  38   5.347228   3.166418   6.664050   178
 15  39   5.991369   4.217034   7.514455   178
 15  40   6.276338   1.997456   6.843439   178
 15  41   5.624556   3.641046   5.264615   178
 15  42   0.373974  -0.339889   5.768536   178
 15  43  -0.469990  -0.235722   4.653648   178
 15  44  -1.847614  -0.504196   4.662166   178
 15  45  -2.371984  -1.008568   5.860146   178
 15  46  -1.537725  -1.161448   6.969306   178
 15  47  -0.123899   0.288622   3.780047   178
 15  48  -2.476748  -0.398561   3.799365   178
 15  49  -1.887947  -1.582015   7.910089   178
 15  50  -0.158242  -0.905812   6.927146   178
 15  51   0.677185  -1.263578   8.013500   178
 15  52   1.900004  -1.334083   7.902855   178
 15  53   0.148411  -1.737509   9.012344   178
 15  54  -3.748163  -1.310185   5.973542   178
 15  55  -4.207345  -1.755526   7.012879   178
 15  56  -4.532240  -1.226142   4.893422   178
 15  57  -4.161300  -0.971869   3.987526   178
 15  58  -5.873384  -1.758232   4.864852   178
 15  59  -6.558824  -0.995417   4.479384   178
 15  60  -6.169158  -2.120836   5.848944   178
 15  61  -5.911172  -3.023317   4.007919   178
 15  62  -5.678792  -2.894172   2.951878   178
 15  63  -6.945320  -3.378392   3.961454   178
 15  64  -4.963545  -4.075174   4.556828   178
 15  65  -5.358646  -4.415287   5.517929   178
 15  66  -3.987494  -3.621658   4.720062   178
 15  67  -4.853206  -5.298586   3.635695   178
 15  68  -5.881022  -5.560418   3.396446   178
 15  69  -4.331519  -6.064584   4.203576   178
 15  70  -4.192755  -5.130456   2.273330   178
 15  71  -4.739288  -4.383801   1.702541   178
 15  72  -4.324982  -6.061453   1.720645   178
 15  73  -2.795581  -4.792522   2.426654   178
 15  74  -1.821592  -5.783394   2.516778   178
 15  75  -2.035111  -6.984367   2.425288   178
 15  76  -0.500480  -5.145707   2.117503   178
 15  77   0.294475  -5.349254   2.833616   178
 15  78  -0.209110  -5.528303   1.141120   178
 15  79  -0.843545  -3.653464   2.001684   178
 15  80  -0.356071  -3.187532   2.852553   178
 15  81  -2.365376  -3.529576   2.042739   178
 15  82  -2.937516  -2.526938   2.463775   178
 16   0   1.450310  -0.000000   0.000000   231
 16   1   1.856568   0.201069   0.897232   231
 16   2   0.000000   0.000000   0.000000   231
 16   3  -0.372266  -0.511944  -0.896343   231
 16   4  -0.447974  -0.836881   1.194298   231
 16   5  -1.531742  -0.843438   1.308770   231
 16   6  -0.036406  -0.413213   2.114362   231
 16   7   0.019030  -2.583506   1.129396   231
 16   8  -0.550365   1.413400   0.000000   231
 16   9  -1.739628   1.627262   0.236891   231
 16  10   4.480833  -8.559580   2.609010   231
 16  11   4.874474  -7.818851   3.726941   231
 16  12   5.325273  -8.848918   1.536953   231
 16  13   6.247559  -7.616716   3.911541   231
 16  14   6.705736  -8.671432   1.706128   231
 16  15   7.133920  -8.145000   2.943152   231
 16  16   4.821379  -9.421102   0.356276   231
 16  17   5.699399  -9.698002  -0.687184   231
 16  18   3.772156  -9.663748   0.281094   231
 16  19   5.330649 -10.147517  -1.597327   231
 16  20   7.070208  -9.446731  -0.556254   231
 16  21   7.799225  -9.658049  -1.652602   231
 16  22   7.296297  -9.737426  -2.531217   231
 16  23   8.791979  -9.456706  -1.713454   231
 16  24   7.591269  -8.984813   0.666214   231
 16  25   9.039306  -8.599893   0.711274   231
 16  26   9.296077  -7.133981   0.922629   231
 16  27   9.716056  -9.298518   1.846582   231
 16  28  10.006065  -8.878533  -0.397166   231
 16  29   3.981009  -7.385520   4.720493   231
 16  30   4.483315  -6.871333   5.928259   231
 16  31   2.936543  -7.550114   4.535833   231
 16  32   3.813873  -6.638516   6.752967   231
 16  33   5.860193  -6.726374   6.108799   231
 16  34   6.225564  -6.377296   7.346356   231
 16  35   5.527851  -6.270105   8.066568   231
 16  36   7.199079  -6.132434   7.491989   231
 16  37   6.758759  -7.039280   5.074357   231
 16  38   8.220446  -6.731114   5.203215   231
 16  39   8.664558  -5.920641   6.395900   231
 16  40   8.808458  -8.047217   5.616755   231
 16  41   8.783636  -6.122399   3.955384   231
 16  42   3.124640  -8.848316   2.428254   231
 16  43   2.364940  -7.873016   1.777064   231
 16  44   1.068320  -8.140254   1.324668   231
 16  45   0.440318  -9.280223   1.841082   231
 16  46   1.244627 -10.217137   2.510615   231
 16  47   2.869730  -7.004814   1.376675   231
 16  48   0.529196  -7.340068   0.857823   231
 16  49   0.658615 -10.976173   3.021842   231
 16  50   2.620195 -10.105871   2.770293   231
 16  51   3.272470 -11.153000   3.445986   231
 16  52   4.498484 -11.264607   3.478154   231
 16  53   2.602061 -12.132531   3.757067   231
 16  54  -0.961866  -9.323318   1.803314   231
 16  55  -1.512093 -10.281027   2.337957   231
 16  56  -1.667783  -8.413960   1.121151   231
 16  57  -1.101698  -7.578418   1.016186   231
 16  58  -3.107959  -8.383056   0.966418   231
 16  59  -3.520973  -9.365021   1.158155   231
 16  60  -3.393138  -7.939270   0.017194   231
 16  61  -3.710656  -7.418293   1.988860   231
 16  62  -3.288263  -7.720634   2.946238   231
 16  63  -4.763189  -7.717130   1.962988   231
 16  64  -3.570547  -5.933568   1.654106   231
 16  65  -3.839180  -5.714694   0.611929   231
 16  66  -2.493950  -5.752216   1.632885   231
 16  67  -4.381409  -5.077949   2.615263   231
 16  68  -5.356235  -5.526589   2.801099   231
 16  69  -4.677483  -4.122485   2.159158   231
 16  70  -3.553585  -4.768054   3.851375   231
 16  71  -3.548000  -5.655012   4.499892   231
 16  72  -3.994594  -4.028501   4.526632   231
 16  73  -2.194704  -4.319716   3.609850   231
 16  74  -1.029436  -5.026012   3.856626   231
 16  75  -0.919666  -5.617626   4.925758   231
 16  76   0.163136  -4.315845   3.220910   231
 16  77   1.023091  -4.202864   3.885978   231
 16  78   0.499065  -4.940238   2.402140   231
 16  79  -0.443354  -2.971138   2.830614   231
 16  80  -0.054540  -2.178234   3.480405   231
 16  81  -1.949997  -3.098422   2.994093   231
 16  82  -2.707628  -2.161088   3.273202   231
 17   0   1.454511  -0.000000   0.000000   301
 17   1   1.864957   0.520302   0.769103   301
 17   2   0.000000   0.000000   0.000000   301
 17   3  -0.315020  -0.541786  -0.897290   301
 17   4  -0.513162  -0.921403   1.101717   301
 17   5  -1.598614  -0.876413   1.019430   301
 17   6  -0.220142  -0.421704   2.014647   301
 17   7  -0.088552  -2.683303   1.126473   301
 17   8  -0.547539   1.421936   0.000000   301
 17   9  -1.743130   1.645693  -0.133394   301
 17  10   3.705579  -7.742441   3.795671   301
 17  11   3.909497  -6.512320   4.432477   301
 17  12   4.792955  -8.553674   3.455502   301
 17  13   5.201890  -6.023385   4.605856   301
 17  14   6.081499  -8.145759   3.801857   301
 17  15   6.308655  -6.829402   4.255842   301
 17  16   4.628776  -9.758153   2.758170   301
 17  17   5.753829 -10.548267   2.483074   301
 17  18   3.642053  -9.968550   2.389647   301
 17  19   5.660326 -11.449150   1.902928   301
 17  20   7.043198 -10.139615   2.851762   301
 17  21   8.095236 -10.923665   2.547818   301
 17  22   7.852817 -11.716761   1.965126   301
 17  23   9.056797 -10.703476   2.760229   301
 17  24   7.212739  -8.907470   3.503203   301
 17  25   8.555047  -8.274343   3.719216   301
 17  26   9.769613  -8.964302   3.155404   301
 17  27   8.643324  -6.966947   3.001010   301
 17  28   8.733526  -8.138456   5.199176   301
 17  29   2.795582  -5.770101   4.856510   301
 17  30   3.029199  -4.623765   5.629322   301
 17  31   1.822883  -6.184598   4.610646   301
 17  32   2.227143  -4.038827   6.055999   301
 17  33   4.314580  -4.083237   5.765429   301
 17  34   4.368894  -2.913255   6.400798   301
 17  35   3.557487  -2.405761   6.727400   301
 17  36   5.240391  -2.421898   6.589645   301
 17  37   5.386557  -4.763824   5.179709   301
 17  38   6.774103  -4.204212   5.293502   301
 17  39   6.996171  -2.932289   6.049148   301
 17  40   7.760965  -5.008718   6.089664   301
 17  41   7.384618  -3.954777   3.946262   301
 17  42   2.413598  -8.127417   3.403908   301
 17  43   1.821370  -7.541712   2.273545   301
 17  44   0.524026  -7.893799   1.898801   301
 17  45  -0.287931  -8.690233   2.711894   301
 17  46   0.290821  -9.160584   3.897143   301
 17  47   2.418272  -6.919513   1.635363   301
 17  48   0.121416  -7.380375   1.032486   301
 17  49  -0.231142  -9.859346   4.530615   301
 17  50   1.628866  -8.929119   4.247513   301
 17  51   2.152616  -9.623119   5.348170   301
 17  52   3.308470  -9.554923   5.750976   301
 17  53   1.416012 -10.412340   5.947792   301
 17  54  -1.677539  -8.911245   2.560099   301
 17  55  -2.287779  -9.666011   3.315106   301
 17  56  -2.261654  -8.150960   1.629626   301
 17  57  -1.680015  -7.510095   1.103330   301
 17  58  -3.682064  -8.196763   1.388091   301
 17  59  -3.914994  -9.211392   1.712390   301
 17  60  -3.928607  -8.226576   0.328031   301
 17  61  -4.437094  -7.094750   2.140684   301
 17  62  -4.195638  -7.225131   3.197282   301
 17  63  -5.510720  -7.166589   1.958843   301
 17  64  -4.081648  -5.717669   1.589406   301
 17  65  -4.681026  -5.538887   0.696667   301
 17  66  -3.019573  -5.555266   1.410463   301
 17  67  -4.582710  -4.643887   2.552956   301
 17  68  -5.655512  -4.700148   2.746690   301
 17  69  -4.549022  -3.703728   2.010124   301
 17  70  -3.828780  -4.622152   3.876631   301
 17  71  -3.871131  -5.592932   4.376020   301
 17  72  -4.332180  -3.894081   4.520371   301
 17  73  -2.452509  -4.245791   3.647652   301
 17  74  -1.494111  -5.254796   3.578500   301
 17  75  -1.559561  -6.100852   4.464168   301
 17  76  -0.229767  -4.493597   3.211060   301
 17  77   0.445237  -4.520468   4.069108   301
 17  78   0.306358  -5.003150   2.402155   301
 17  79  -0.601164  -3.058268   2.823510   301
 17  80  -0.147678  -2.408448   3.573300   301
 17  81  -2.112463  -3.061006   3.004804   301
 17  82  -2.821843  -2.064486   3.141290   301
 18   0   1.448171  -0.000000  -0.000000   176
 18   1   1.961646  -0.291735   0.825975   176
 18   2   0.000000   0.000000   0.000000   176
 18   3  -0.386694  -0.496480  -0.886327   176
 18   4  -0.473563  -0.892025   1.141110   176
 18   5  -1.548574  -1.005414   1.150810   176
 18   6  -0.324133  -0.380329   2.095803   176
 18   7   0.101646  -2.606292   1.231222   176
 18   8  -0.683069   1.349376   0.000000   176
 18   9  -1.591249   1.537055  -0.806465   176
 18  10   1.657540  -3.529988  -3.525328   176
 18  11   2.713907  -3.396023  -2.618443   176
 18  12   1.872708  -3.318428  -4.896876   176
 18  13   3.981160  -3.050366  -3.092140   176
 18  14   3.083753  -2.792980  -5.374554   176
 18  15   4.141501  -2.717084  -4.447026   176
 18  16   0.845758  -3.599356  -5.797683   176
 18  17   1.030267  -3.228791  -7.141348   176
 18  18  -0.047645  -4.106446  -5.459169   176
 18  19   0.248867  -3.549196  -7.816002   176
 18  20   2.244074  -2.731440  -7.620739   176
 18  21   2.342265  -2.464298  -8.925000   176
 18  22   1.488363  -2.572404  -9.462643   176
 18  23   3.175593  -2.085442  -9.358631   176
 18  24   3.289392  -2.463075  -6.717751   176
 18  25   4.540210  -1.818780  -7.212561   176
 18  26   5.484849  -1.335258  -6.148107   176
 18  27   5.418837  -2.767914  -7.974508   176
 18  28   4.293969  -0.668768  -8.141720   176
 18  29   2.467664  -3.574625  -1.253830   176
 18  30   3.487572  -3.375520  -0.306598   176
 18  31   1.521369  -3.872011  -0.820836   176
 18  32   3.262461  -3.588781   0.726575   176
 18  33   4.784517  -3.092794  -0.751004   176
 18  34   5.691317  -2.942277   0.226984   176
 18  35   5.296337  -3.016311   1.154512   176
 18  36   6.554613  -2.416264   0.113271   176
 18  37   4.978417  -2.904599  -2.123879   176
 18  38   6.279644  -2.401901  -2.666746   176
 18  39   6.136707  -0.960892  -3.065197   176
 18  40   7.505191  -2.441155  -1.798241   176
 18  41   6.751137  -3.366672  -3.711885   176
 18  42   0.408655  -3.932231  -3.027948   176
 18  43  -0.663870  -3.047235  -2.927582   176
 18  44  -1.928638  -3.483009  -2.489559   176
 18  45  -2.100856  -4.812391  -2.095114   176
 18  46  -1.001261  -5.668194  -2.163620   176
 18  47  -0.583909  -2.023192  -3.249514   176
 18  48  -2.743459  -2.775927  -2.558118   176
 18  49  -1.101110  -6.707642  -1.854617   176
 18  50   0.241962  -5.273786  -2.658430   176
 18  51   1.276509  -6.231660  -2.675453   176
 18  52   2.307603  -6.138944  -3.350767   176
 18  53   1.177349  -7.347162  -2.168676   176
 18  54  -3.328610  -5.277302  -1.586515   176
 18  55  -3.412992  -6.453281  -1.231475   176
 18  56  -4.288718  -4.383720  -1.329022   176
 18  57  -4.174783  -3.422736  -1.612627   176
 18  58  -5.513849  -4.682635  -0.620078   176
 18  59  -5.851378  -5.716858  -0.663187   176
 18  60  -6.314584  -4.048014  -0.995152   176
 18  61  -5.440101  -4.150632   0.813425   176
 18  62  -6.418300  -4.254959   1.297515   176
 18  63  -5.199109  -3.091463   0.758768   176
 18  64  -4.537998  -4.890381   1.791884   176
 18  65  -3.515329  -4.783403   1.452762   176
 18  66  -4.853569  -5.933274   1.926377   176
 18  67  -4.641025  -4.214941   3.156275   176
 18  68  -5.645188  -4.380507   3.552185   176
 18  69  -4.547390  -3.137288   3.027833   176
 18  70  -3.573059  -4.723622   4.114809   176
 18  71  -3.520854  -5.803708   4.284783   176
 18  72  -3.814053  -4.338123   5.108798   176
 18  73  -2.236062  -4.326059   3.719481   176
 18  74  -1.179279  -5.208576   3.903272   176
 18  75  -1.143510  -6.090071   4.758952   176
 18  76   0.066429  -4.448073   3.478955   176
 18  77   0.639290  -4.233380   4.383686   176
 18  78   0.678926  -5.088979   2.836470   176
 18  79  -0.373022  -3.104101   2.909728   176
 18  80   0.109104  -2.308382   3.478487   176
 18  81  -1.862210  -3.084846   3.228234   176
 18  82  -2.467111  -2.033983   3.463564   176
 19   0   1.450275   0.000000  -0.000000   456
 19   1   1.889503  -0.454471  -0.786534   456
 19   2   0.000000   0.000000   0.000000   456
 19   3  -0.489011  -0.349761  -0.906165   456
 19   4  -0.562930  -0.885497   1.104312   456
 19   5  -1.638382  -0.787338   1.030346   456
 19   6  -0.187414  -0.633776   2.094779   456
 19   7  -0.055786  -2.586779   0.743279   456
 19   8  -0.640429   1.386020   0.000000   456
 19   9  -1.843167   1.438063   0.222971   456
 19  10  -5.433451  -1.697912  -0.065690   456
 19  11  -4.467841  -1.369486  -1.031367   456
 19  12  -6.301838  -0.737277   0.458891   456
 19  13  -4.476113  -0.059907  -1.533697   456
 19  14  -6.295080   0.594255   0.021306   456
 19  15  -5.308645   0.901423  -0.948175   456
 19  16  -7.285376  -1.058980   1.394017   456
 19  17  -8.135832  -0.090926   1.948985   456
 19  18  -7.389771  -2.051215   1.819539   456
 19  19  -8.909550  -0.401392   2.629262   456
 19  20  -8.019235   1.233639   1.520698   456
 19  21  -8.927131   2.046149   2.078417   456
 19  22  -9.496954   1.580261   2.771777   456
 19  23  -9.041109   3.011941   1.814492   456
 19  24  -7.120371   1.611166   0.519892   456
 19  25  -6.780502   3.013788   0.115240   456
 19  26  -7.713497   4.073284   0.627478   456
 19  27  -5.359808   3.447443   0.316407   456
 19  28  -7.088927   3.258862  -1.338793   456
 19  29  -3.543464  -2.287512  -1.540147   456
 19  30  -2.695555  -1.846663  -2.569128   456
 19  31  -3.538638  -3.323651  -1.244020   456
 19  32  -1.995205  -2.509767  -3.047462   456
 19  33  -2.815049  -0.587608  -3.161333   456
 19  34  -1.959969  -0.372880  -4.175547   456
 19  35  -1.355256  -1.125484  -4.440706   456
 19  36  -1.936662   0.512626  -4.658806   456
 19  37  -3.677713   0.359222  -2.607144   456
 19  38  -3.624204   1.753046  -3.163190   456
 19  39  -4.775363   2.641318  -2.783189   456
 19  40  -2.376717   2.465393  -2.707407   456
 19  41  -3.581522   1.905811  -4.650450   456
 19  42  -5.497715  -2.985887   0.470867   456
 19  43  -5.067867  -3.126370   1.794836   456
 19  44  -4.842809  -4.392922   2.349629   456
 19  45  -5.203429  -5.539624   1.631348   456
 19  46  -5.676372  -5.384710   0.332569   456
 19  47  -4.911069  -2.249602   2.406385   456
 19  48  -4.485981  -4.494420   3.371524   456
 19  49  -5.955975  -6.268005  -0.231267   456
 19  50  -5.798002  -4.132993  -0.282907   456
 19  51  -6.209166  -4.134234  -1.632662   456
 19  52  -6.488765  -3.094324  -2.218421   456
 19  53  -6.327212  -5.208677  -2.215532   456
 19  54  -4.990574  -6.813258   2.185197   456
 19  55  -5.253558  -7.776031   1.473013   456
 19  56  -4.432127  -6.962143   3.392579   456
 19  57  -4.123014  -6.115427   3.849220   456
 19  58  -4.045584  -8.206602   4.024405   456
 19  59  -4.395515  -9.047937   3.419424   456
 19  60  -4.481365  -8.294253   5.020204   456
 19  61  -2.517736  -8.291970   3.979741   456
 19  62  -2.214756  -8.070303   2.953890   456
 19  63  -2.369970  -9.350374   4.183819   456
 19  64  -1.786770  -7.298816   4.875697   456
 19  65  -2.000730  -7.562757   5.915290   456
 19  66  -2.223170  -6.325009   4.694718   456
 19  67  -0.278918  -7.357638   4.678402   456
 19  68   0.054808  -8.380906   4.862920   456
 19  69   0.258975  -6.867540   5.488571   456
 19  70   0.290627  -6.849452   3.352975   456
 19  71  -0.103641  -7.396704   2.491773   456
 19  72   1.343806  -7.095851   3.449940   456
 19  73   0.035093  -5.422093   3.257324   456
 19  74   0.695727  -4.556674   4.114069   456
 19  75   1.778760  -4.798224   4.636458   456
 19  76   0.462805  -3.184665   3.505269   456
 19  77   0.035782  -2.567558   4.290974   456
 19  78   1.458822  -2.869893   3.202834   456
 19  79  -0.495563  -3.339473   2.331530   456
 19  80  -1.470759  -2.940158   2.621780   456
 19  81  -0.728831  -4.846660   2.248018   456
 19  82  -0.945616  -5.389246   1.175683   456
 20   0   1.446583   0.000000   0.000000   212
 20   1   1.855200   0.491405   0.783105   212
 20   2   0.000000   0.000000   0.000000   212
 20   3  -0.354766  -0.633088  -0.816666   212
 20   4  -0.594297  -0.650782   1.251478   212
 20   5  -0.115444  -1.624715   1.331195   212
 20   6  -1.671525  -0.803163   1.137643   212
 20   7  -0.336795   0.286323   2.773984   212
 20   8  -0.676422   1.363433  -0.000000   212
 20   9  -0.162661   2.399435   0.413701   212
 20  10  -5.445111   0.322348   2.068007   212
 20  11  -4.875149   1.543775   2.423753   212
 20  12  -6.743552   0.173829   1.550128   212
 20  13  -5.532493   2.728620   2.064113   212
 20  14  -7.408432   1.356549   1.202266   212
 20  15  -6.792427   2.592531   1.454241   212
 20  16  -7.354645  -1.057591   1.310607   212
 20  17  -8.657648  -1.048922   0.801186   212
 20  18  -6.811432  -1.983238   1.355304   212
 20  19  -9.188484  -1.969223   0.592721   212
 20  20  -9.310083   0.140486   0.453999   212
 20  21 -10.515546  -0.105366  -0.072897   212
 20  22 -10.692719  -1.043031  -0.406351   212
 20  23 -11.159409   0.638034  -0.308263   212
 20  24  -8.704379   1.384632   0.666894   212
 20  25  -9.497769   2.611852   0.321257   212
 20  26  -8.753118   3.901463   0.189731   212
 20  27 -10.299243   2.555937  -0.940294   212
 20  28 -10.549973   2.680990   1.401158   212
 20  29  -3.580165   1.578803   2.944418   212
 20  30  -2.928561   2.816823   2.964816   212
 20  31  -3.076632   0.648357   3.175132   212
 20  32  -1.925922   2.886433   3.347137   212
 20  33  -3.598348   3.994981   2.604497   212
 20  34  -2.844157   5.089316   2.749515   212
 20  35  -2.052982   4.917007   3.351969   212
 20  36  -3.298954   5.989224   2.663343   212
 20  37  -4.961008   3.990041   2.292195   212
 20  38  -5.738843   5.232754   1.950813   212
 20  39  -5.806588   5.566380   0.490263   212
 20  40  -7.096732   5.199449   2.570429   212
 20  41  -5.164111   6.389145   2.713926   212
 20  42  -4.777468  -0.842133   2.480366   212
 20  43  -4.725898  -1.194637   3.833762   212
 20  44  -4.212342  -2.394710   4.327915   212
 20  45  -3.742475  -3.306650   3.368703   212
 20  46  -3.825151  -2.985127   2.006796   212
 20  47  -5.177377  -0.499474   4.527892   212
 20  48  -4.145425  -2.567095   5.392483   212
 20  49  -3.492713  -3.759885   1.332530   212
 20  50  -4.269787  -1.751302   1.537354   212
 20  51  -4.202180  -1.526773   0.143719   212
 20  52  -4.392560  -0.457250  -0.421946   212
 20  53  -3.813262  -2.445649  -0.588338   212
 20  54  -3.141954  -4.509125   3.765226   212
 20  55  -2.482192  -5.177159   2.963015   212
 20  56  -3.046488  -4.861928   5.053254   212
 20  57  -3.532531  -4.311238   5.741661   212
 20  58  -2.348083  -6.043052   5.507763   212
 20  59  -2.287387  -6.828086   4.759676   212
 20  60  -2.792924  -6.515461   6.386084   212
 20  61  -0.924936  -5.566204   5.808045   212
 20  62  -0.589940  -4.967936   4.967062   212
 20  63  -0.326558  -6.477832   5.882072   212
 20  64  -0.854633  -4.669458   7.033689   212
 20  65  -1.117599  -5.339293   7.848411   212
 20  66  -1.587603  -3.852916   6.975270   212
 20  67   0.548744  -4.117413   7.249980   212
 20  68   1.192261  -4.965501   7.491713   212
 20  69   0.440488  -3.529578   8.161315   212
 20  70   1.192951  -3.276552   6.158123   212
 20  71   1.436077  -3.927662   5.313169   212
 20  72   2.120516  -2.824073   6.502048   212
 20  73   0.414011  -2.162596   5.631481   212
 20  74  -0.260269  -1.224522   6.396703   212
 20  75  -0.682714  -1.346604   7.539349   212
 20  76  -1.089535  -0.391210   5.430623   212
 20  77  -2.141325  -0.333382   5.727599   212
 20  78  -0.762765   0.659911   5.438733   212
 20  79  -0.869291  -0.927005   4.014461   212
 20  80  -1.842342  -1.262404   3.645575   212
 20  81   0.118141  -2.043948   4.283378   212
 20  82   0.240085  -2.932158   3.428501   212
 21   0   1.448412   0.000000   0.000000   251
 21   1   1.907604  -0.497942   0.733142   251
 21   2   0.000000   0.000000   0.000000   251
 21   3  -0.348588  -0.535856  -0.893221   251
 21   4  -0.425017  -0.875742   1.173982   251
 21   5  -0.048466  -1.876327   0.961277   251
 21   6  -1.493773  -1.067440   1.202502   251
 21   7   0.136700  -0.282159   2.791183   251
 21   8  -0.799704   1.299913   0.000000   251
 21   9  -1.790789   1.395017  -0.718615   251
 21  10  -1.454012   2.861200   7.657176   251
 21  11  -1.832429   3.510151   8.837586   251
 21  12  -2.350027   2.779083   6.592651   251
 21  13  -3.098160   4.108802   8.935804   251
 21  14  -3.602088   3.421913   6.613015   251
 21  15  -3.978018   3.998775   7.840294   251
 21  16  -2.095885   2.017754   5.448671   251
 21  17  -2.983822   1.921681   4.368654   251
 21  18  -1.194278   1.426960   5.411716   251
 21  19  -2.739623   1.350250   3.493822   251
 21  20  -4.198603   2.602297   4.413153   251
 21  21  -4.983390   2.593527   3.314730   251
 21  22  -4.510527   2.278545   2.476584   251
 21  23  -5.750161   3.245428   3.250763   251
 21  24  -4.521714   3.340425   5.554975   251
 21  25  -5.886245   3.945992   5.724545   251
 21  26  -6.879812   3.834703   4.616060   251
 21  27  -6.544275   3.206762   6.854163   251
 21  28  -5.806087   5.436858   5.856389   251
 21  29  -0.960649   3.680520   9.913260   251
 21  30  -1.288732   4.470055  11.032004   251
 21  31   0.044106   3.298808   9.799848   251
 21  32  -0.528177   4.630773  11.780822   251
 21  33  -2.579318   4.977796  11.141058   251
 21  34  -2.780019   5.644600  12.288307   251
 21  35  -2.079738   5.547146  13.012327   251
 21  36  -3.561084   6.258784  12.438053   251
 21  37  -3.496457   4.766210  10.104677   251
 21  38  -4.865957   5.365178  10.225957   251
 21  39  -5.536415   5.652763   8.913753   251
 21  40  -5.860771   4.571313  11.029090   251
 21  41  -4.905726   6.745190  10.795330   251
 21  42  -0.250419   2.145475   7.606203   251
 21  43  -0.190767   1.093791   8.526531   251
 21  44   0.929562   0.264916   8.553429   251
 21  45   2.028145   0.582889   7.742497   251
 21  46   1.972842   1.711409   6.923053   251
 21  47  -1.050122   0.841753   9.138157   251
 21  48   0.900360  -0.650805   9.137128   251
 21  49   2.782488   2.007795   6.264927   251
 21  50   0.873638   2.565360   6.878130   251
 21  51   0.897873   3.735422   6.082099   251
 21  52  -0.058417   4.497359   6.026750   251
 21  53   1.874667   4.187950   5.493121   251
 21  54   3.041600  -0.370201   7.515725   251
 21  55   3.930159  -0.054884   6.726778   251
 21  56   3.157174  -1.472562   8.259123   251
 21  57   2.423958  -1.614080   8.933783   251
 21  58   4.170009  -2.506197   8.130395   251
 21  59   4.417933  -2.727083   9.162209   251
 21  60   5.057323  -2.021324   7.736732   251
 21  61   3.675399  -3.782005   7.440268   251
 21  62   2.728432  -4.096484   7.862352   251
 21  63   4.379411  -4.596751   7.553652   251
 21  64   3.459162  -3.581627   5.939970   251
 21  65   4.469510  -3.522482   5.542102   251
 21  66   3.091934  -2.584771   5.709056   251
 21  67   2.632120  -4.620607   5.173019   251
 21  68   3.001837  -5.637396   5.307000   251
 21  69   2.794297  -4.384366   4.121740   251
 21  70   1.148289  -4.555776   5.515718   251
 21  71   1.047006  -4.754866   6.584644   251
 21  72   0.790383  -5.406926   4.927459   251
 21  73   0.543696  -3.278843   5.179854   251
 21  74   0.082017  -2.400942   6.142894   251
 21  75   0.042870  -2.743894   7.328623   251
 21  76  -0.355427  -1.136186   5.414587   251
 21  77  -1.380066  -0.919946   5.718323   251
 21  78   0.406372  -0.379510   5.601414   251
 21  79  -0.357290  -1.581283   3.955552   251
 21  80  -1.363288  -1.801602   3.629472   251
 21  81   0.521950  -2.833883   3.870489   251
 21  82   0.799703  -3.439214   2.843587   251
 22   0   1.448033   0.000000   0.000000   302
 22   1   1.962247  -0.061068   0.871582   302
 22   2   0.000000   0.000000   0.000000   302
 22   3  -0.375129  -0.332445  -0.977425   302
 22   4  -0.470018  -0.971706   1.079015   302
 22   5   0.049445  -1.916673   0.882564   302
 22   6  -1.534497  -1.158368   0.932581   302
 22   7  -0.123480  -0.689923   2.830788   302
 22   8  -0.633412   1.381915  -0.000000   302
 22   9   0.001933   2.361160   0.371506   302
 22  10  -5.521699   1.087037   3.487707   302
 22  11  -4.402801   1.918726   3.479603   302
 22  12  -6.757720   1.561227   3.956208   302
 22  13  -4.551416   3.288828   3.752429   302
 22  14  -6.820289   2.825176   4.548765   302
 22  15  -5.737302   3.712115   4.389143   302
 22  16  -7.918191   0.784513   3.853634   302
 22  17  -9.067198   1.249379   4.507991   302
 22  18  -7.930345  -0.108884   3.258156   302
 22  19 -10.010683   0.755852   4.344398   302
 22  20  -9.086673   2.451743   5.223632   302
 22  21 -10.226288   2.687399   5.899758   302
 22  22 -10.944227   1.978490   5.851663   302
 22  23 -10.426561   3.540884   6.387153   302
 22  24  -7.929241   3.241682   5.301391   302
 22  25  -7.911425   4.291591   6.366415   302
 22  26  -6.524853   4.749484   6.730773   302
 22  27  -8.624253   5.529646   5.896523   302
 22  28  -8.431164   3.763405   7.671744   302
 22  29  -3.113189   1.401585   3.312071   302
 22  30  -2.003546   2.242055   3.285603   302
 22  31  -2.886677   0.349260   3.255461   302
 22  32  -1.026635   1.787530   3.278376   302
 22  33  -2.166665   3.629317   3.230870   302
 22  34  -1.001084   4.270234   3.058977   302
 22  35  -0.212565   3.751212   2.701967   302
 22  36  -1.143207   5.275415   3.055955   302
 22  37  -3.436525   4.108403   3.577180   302
 22  38  -3.531827   5.541077   4.021885   302
 22  39  -4.871576   6.132712   3.727532   302
 22  40  -3.279624   5.723613   5.490548   302
 22  41  -2.748281   6.480721   3.145286   302
 22  42  -5.353193  -0.278434   3.190735   302
 22  43  -5.466728  -1.147672   4.280706   302
 22  44  -5.083035  -2.488539   4.099444   302
 22  45  -4.696441  -2.941191   2.827692   302
 22  46  -4.674065  -2.033412   1.769421   302
 22  47  -5.772108  -0.736236   5.230424   302
 22  48  -5.265904  -3.168849   4.911748   302
 22  49  -4.458877  -2.261572   0.734995   302
 22  50  -5.038423  -0.692077   1.892152   302
 22  51  -4.948092   0.183676   0.784319   302
 22  52  -5.210241   1.377348   0.888376   302
 22  53  -4.628485  -0.259519  -0.313011   302
 22  54  -4.393133  -4.306818   2.691432   302
 22  55  -4.181259  -4.715450   1.545120   302
 22  56  -4.393410  -5.133624   3.733734   302
 22  57  -4.907073  -4.755206   4.522119   302
 22  58  -3.994938  -6.525680   3.732918   302
 22  59  -4.102393  -7.004915   2.757323   302
 22  60  -4.646719  -7.033631   4.444654   302
 22  61  -2.516104  -6.684656   4.071561   302
 22  62  -1.930897  -6.122481   3.348517   302
 22  63  -2.074264  -7.681485   4.074572   302
 22  64  -2.253818  -6.097836   5.456244   302
 22  65  -2.800629  -6.720852   6.174400   302
 22  66  -2.558369  -5.058847   5.475008   302
 22  67  -0.761588  -6.210800   5.777472   302
 22  68  -0.485489  -7.258486   5.725319   302
 22  69  -0.632171  -5.980702   6.835208   302
 22  70   0.121819  -5.418449   4.818212   302
 22  71   0.251374  -5.937901   3.872757   302
 22  72   1.108397  -5.345428   5.276283   302
 22  73  -0.340049  -4.050314   4.741511   302
 22  74  -0.719461  -3.245073   5.813439   302
 22  75  -0.113260  -3.254426   6.886675   302
 22  76  -1.093071  -1.931785   5.148689   302
 22  77  -2.109485  -1.592044   5.333298   302
 22  78  -0.296956  -1.250147   5.454745   302
 22  79  -1.027741  -2.050981   3.626545   302
 22  80  -2.060452  -2.120690   3.296775   302
 22  81  -0.494190  -3.465427   3.492493   302
 22  82  -0.536730  -4.059273   2.407580   302
 23   0   1.448516   0.000000  -0.000000   316
 23   1   1.877989   0.838070   0.374957   316
 23   2   0.000000   0.000000   0.000000   316
 23   3  -0.291678  -0.486994  -0.928634   316
 23   4  -0.412285  -0.829921   1.212663   316
 23   5   0.031894  -1.822350   1.121617   316
 23   6  -1.492631  -0.968786   1.145079   316
 23   7   0.082014  -0.272539   2.866688   316
 23   8  -0.734199   1.327837   0.000000   316
 23   9  -1.684344   1.608296   0.724133   316
 23  10   0.049705   4.211504   4.308292   316
 23  11   0.524192   5.520375   4.217072   316
 23  12  -1.327636   4.029748   4.203892   316
 23  13  -0.318879   6.625721   4.107780   316
 23  14  -2.209573   5.095453   4.076771   316
 23  15  -1.711131   6.414482   4.000482   316
 23  16  -1.805020   2.706396   4.215854   316
 23  17  -3.186297   2.503486   4.105372   316
 23  18  -1.089392   1.905254   4.336049   316
 23  19  -3.530648   1.489714   3.941088   316
 23  20  -4.079623   3.568992   3.969869   316
 23  21  -5.391033   3.260267   3.886259   316
 23  22  -5.623890   2.280504   3.975377   316
 23  23  -6.065102   4.003807   3.758665   316
 23  24  -3.580077   4.860541   3.856926   316
 23  25  -4.531673   5.983602   3.608320   316
 23  26  -6.027064   5.844566   3.711139   316
 23  27  -4.417557   6.898234   4.792095   316
 23  28  -4.304614   6.776024   2.349984   316
 23  29   1.907398   5.750938   4.312337   316
 23  30   2.420337   7.018790   4.026596   316
 23  31   2.521616   4.955325   4.725422   316
 23  32   3.464577   7.272195   4.080883   316
 23  33   1.552968   8.070559   3.724849   316
 23  34   2.093311   9.269217   3.415420   316
 23  35   3.072729   9.479322   3.415640   316
 23  36   1.488695  10.075255   3.502231   316
 23  37   0.185154   7.915985   3.881354   316
 23  38  -0.784323   9.064028   3.919027   316
 23  39  -0.231481  10.430382   4.185377   316
 23  40  -1.409789   9.275787   2.568342   316
 23  41  -1.820485   8.980243   4.995478   316
 23  42   0.932056   3.137668   4.446978   316
 23  43   0.908239   2.592430   5.733464   316
 23  44   1.856520   1.623204   6.090348   316
 23  45   2.716710   1.119342   5.099947   316
 23  46   2.680119   1.671546   3.811875   316
 23  47   0.186395   2.888569   6.469092   316
 23  48   1.843953   1.271862   7.106322   316
 23  49   3.378834   1.277595   3.086135   316
 23  50   1.822830   2.710663   3.448986   316
 23  51   1.844576   3.153765   2.108057   316
 23  52   1.069300   4.033762   1.768717   316
 23  53   2.614882   2.641321   1.287795   316
 23  54   3.482527  -0.018778   5.422449   316
 23  55   4.329325  -0.356154   4.601469   316
 23  56   3.339138  -0.734661   6.541356   316
 23  57   2.657614  -0.471734   7.234893   316
 23  58   3.873892  -2.042641   6.847832   316
 23  59   4.297845  -1.889111   7.831291   316
 23  60   4.683756  -2.374609   6.196279   316
 23  61   2.770351  -3.101898   6.773882   316
 23  62   1.905948  -2.928341   7.419783   316
 23  63   3.188087  -4.003512   7.205956   316
 23  64   2.358827  -3.354745   5.322361   316
 23  65   3.226059  -3.622457   4.722579   316
 23  66   2.072396  -2.416450   4.842195   316
 23  67   1.411512  -4.540521   5.110628   316
 23  68   1.953032  -5.421741   5.457480   316
 23  69   1.325907  -4.749094   4.050406   316
 23  70  -0.018367  -4.406631   5.619179   316
 23  71  -0.019404  -4.397715   6.706431   316
 23  72  -0.596199  -5.236058   5.195079   316
 23  73  -0.608763  -3.175583   5.139541   316
 23  74  -0.928609  -2.169608   6.039883   316
 23  75  -0.814837  -2.209124   7.270573   316
 23  76  -1.128882  -0.863982   5.278747   316
 23  77  -2.056728  -0.361453   5.561532   316
 23  78  -0.307903  -0.186819   5.483311   316
 23  79  -1.095260  -1.265699   3.810383   316
 23  80  -2.108364  -1.267899   3.421393   316
 23  81  -0.770929  -2.757129   3.822462   316
 23  82  -0.355882  -3.397699   2.855660   316
 24   0   1.443815   0.000000   0.000000   928
 24   1   1.888955   0.861773   0.286703   928
 24   2   0.000000   0.000000   0.000000   928
 24   3  -0.379481  -0.606013  -0.822218   928
 24   4  -0.454144  -0.601489   1.329271   928
 24   5  -0.115458  -1.633471   1.388464   928
 24   6  -1.544104  -0.699898   1.319122   928
 24   7   0.104585   0.310109   2.787561   928
 24   8  -0.633045   1.378897  -0.000000   928
 24   9   0.011360   2.378057   0.315314   928
 24  10   1.627150   5.033057   5.151470   928
 24  11   2.270516   6.211013   5.559146   928
 24  12   0.408018   5.023871   4.462606   928
 24  13   1.647791   7.443295   5.369943   928
 24  14  -0.271708   6.237886   4.335187   928
 24  15   0.364246   7.409976   4.787703   928
 24  16  -0.229737   3.844575   4.046762   928
 24  17  -1.459466   3.929734   3.384104   928
 24  18   0.251072   2.893504   4.227009   928
 24  19  -1.843933   2.983335   3.018298   928
 24  20  -2.121047   5.149617   3.231460   928
 24  21  -3.325911   5.055459   2.652031   928
 24  22  -3.721598   4.167874   2.379045   928
 24  23  -3.818079   5.914868   2.442302   928
 24  24  -1.488901   6.330256   3.655473   928
 24  25  -2.102414   7.687873   3.537719   928
 24  26  -3.471842   7.766845   2.951519   928
 24  27  -2.317885   8.271455   4.909873   928
 24  28  -1.278762   8.664315   2.755695   928
 24  29   3.558217   6.138762   6.088114   928
 24  30   4.119092   7.305825   6.612310   928
 24  31   4.153861   5.236787   6.180028   928
 24  32   5.140345   7.367177   6.960846   928
 24  33   3.436802   8.519174   6.470999   928
 24  34   4.247780   9.521996   6.863386   928
 24  35   5.181002   9.288091   7.163195   928
 24  36   4.027115  10.502860   6.734493   928
 24  37   2.178608   8.632818   5.869808   928
 24  38   1.512110   9.964811   5.719872   928
 24  39   0.039622   9.855702   5.975161   928
 24  40   1.871436  11.078070   6.665354   928
 24  41   1.576177  10.367274   4.277784   928
 24  42   2.347811   3.834788   5.292174   928
 24  43   2.126452   3.268297   6.555223   928
 24  44   2.759774   2.053936   6.871180   928
 24  45   3.357843   1.371581   5.814721   928
 24  46   3.606767   1.934045   4.546781   928
 24  47   1.552764   3.822314   7.282237   928
 24  48   2.588284   1.600414   7.831653   928
 24  49   3.992273   1.338163   3.734123   928
 24  50   3.109612   3.215417   4.288860   928
 24  51   3.336581   3.780568   3.017643   928
 24  52   2.883891   4.880452   2.709869   928
 24  53   3.900712   3.222380   2.076641   928
 24  54   3.670556   0.020692   6.030829   928
 24  55   4.226513  -0.536824   5.084104   928
 24  56   3.367816  -0.636103   7.154872   928
 24  57   2.822524  -0.129678   7.835748   928
 24  58   3.781996  -1.981820   7.488785   928
 24  59   4.123383  -2.052665   8.530579   928
 24  60   4.529876  -2.276448   6.753141   928
 24  61   2.680331  -3.013445   7.280980   928
 24  62   1.755488  -2.683084   7.766808   928
 24  63   2.822037  -3.977908   7.769174   928
 24  64   2.353834  -3.328833   5.823129   928
 24  65   3.166819  -4.002231   5.561610   928
 24  66   2.246202  -2.394199   5.265301   928
 24  67   1.088505  -4.155663   5.628457   928
 24  68   1.186232  -5.077728   6.201905   928
 24  69   1.032196  -4.327501   4.552957   928
 24  70  -0.189984  -3.477031   6.083572   928
 24  71  -0.265893  -3.478957   7.170233   928
 24  72  -1.039539  -4.111023   5.824512   928
 24  73  -0.500965  -2.170020   5.545327   928
 24  74  -0.737698  -1.095726   6.393886   928
 24  75  -0.069261  -0.938534   7.414760   928
 24  76  -0.940218   0.043732   5.418993   928
 24  77  -1.853839   0.588106   5.669296   928
 24  78  -0.129725   0.768573   5.464931   928
 24  79  -1.015642  -0.465404   3.981742   928
 24  80  -2.053034  -0.411968   3.652251   928
 24  81  -0.693719  -1.939634   4.187693   928
 24  82  -1.247391  -2.748905   3.450585   928
