  1  -1 -16.831045  -5.387099  10.861493  3006
  1   0 -15.577690  -5.287271  11.388405  3006
  1   1 -14.431910  -5.310750  10.582716  3006
  1   2 -14.548491  -5.416697   9.118139  3006
  1   3 -15.770068  -5.533560   8.591364  3006
  1   4 -15.860998  -5.787930   7.540448  3006
  1   5 -13.350435  -5.437520   8.195573  3006
  1   6 -12.852380  -3.813822   7.695433  3006
  1   7 -12.348893  -3.141117   8.863368  3006
  1   8 -14.013842  -3.113907   7.190135  3006
  1   9 -11.873879  -4.080572   6.682774  3006
  1  10 -12.437692  -5.915738   8.555307  3006
  1  11 -13.568819  -5.893719   7.233653  3006
  1  12 -13.179312  -5.153100  11.175629  3006
  1  13 -13.066027  -4.954163  12.558703  3006
  1  14 -14.207271  -4.869424  13.359254  3006
  1  15 -15.454434  -5.081531  12.764115  3006
  1  16 -16.294889  -5.006052  13.447443  3006
  1  17 -14.176114  -4.653674  14.714533  3006
  1  18 -12.940575  -4.574817  15.306583  3006
  1  19 -11.783650  -4.677115  14.524623  3006
  1  20 -11.797747  -4.914066  13.145690  3006
  1  21 -10.564062  -4.884734  12.385651  3006
  1  22 -10.016415  -3.648860  12.015246  3006
  1  23  -8.765672  -3.486627  11.414728  3006
  1  24  -7.974671  -4.607452  11.205747  3006
  1  25  -8.508838  -5.847522  11.576954  3006
  1  26  -9.740046  -6.014227  12.199797  3006
  1  27 -10.130456  -7.361721  12.584948  3006
  1  28  -9.350738  -8.291721  12.441992  3006
  1  29 -11.285799  -7.581060  13.153257  3006
  1  30 -11.220456  -8.538313  13.280531  3006
  1  31  -7.904789  -6.741052  11.460638  3006
  1  32  -6.642490  -4.610206  10.617374  3006
  1  33  -5.949093  -5.606454  10.581467  3006
  1  34  -8.389293  -2.486889  11.191659  3006
  1  35 -10.614477  -2.749604  12.185706  3006
  1  36 -10.570259  -4.398516  15.162639  3006
  1  37 -10.479122  -4.199829  16.542645  3006
  1  38 -11.643409  -4.099615  17.312710  3006
  1  39 -12.869867  -4.255937  16.661360  3006
  1  40 -13.790661  -4.149202  17.237595  3006
  1  41 -11.656617  -3.978353  18.669958  3006
  1  42 -10.396659  -3.864506  19.408905  3006
  1  43  -9.145159  -3.914198  18.559214  3006
  1  44  -9.186357  -4.130750  17.243917  3006
  1  45  -7.880929  -4.343109  16.507053  3006
  1  46  -7.200533  -2.856079  15.842373  3006
  1  47  -7.986236  -1.723597  16.273020  3006
  1  48  -7.132504  -2.863969  14.406125  3006
  1  49  -5.841666  -2.718565  16.288994  3006
  1  50  -8.000269  -5.071197  15.699618  3006
  1  51  -7.140076  -4.657555  17.247091  3006
  1  52  -8.192316  -3.829123  19.072878  3006
  1  53 -10.366121  -5.156970  20.238548  3006
  1  54 -11.089645  -5.038429  21.052158  3006
  1  55 -10.545574  -6.001870  19.581251  3006
  1  56  -9.411764  -5.333422  20.729841  3006
  1  57 -10.193958  -2.599007  20.255562  3006
  1  58 -10.782601  -2.574325  21.178701  3006
  1  59 -10.498250  -1.703442  19.706863  3006
  1  60  -9.149495  -2.544239  20.566523  3006
  1  61 -12.836926  -3.684675  19.474894  3006
  1  62 -12.662014  -3.584566  20.551313  3006
  1  63 -13.594293  -4.464132  19.399090  3006
  1  64 -13.202576  -2.714299  19.102375  3006
  1  65  -9.630205  -4.339825  14.629574  3006
  1  66 -12.334661  -5.191404  10.491598  3006
  1  67 -18.007366  -5.238227  11.714548  3006
  1  68 -18.929602  -5.354704  11.145413  3006
  1  69 -18.022224  -5.851594  12.621445  3006
  1  70 -18.015896  -4.200625  12.050867  3006
  1  71 -17.006918  -5.673686   9.448434  3006
  1  72 -18.095402  -4.815340   8.794563  3006
  1  73 -19.098459  -4.933878   9.200552  3006
  1  74 -17.805759  -3.791722   9.032913  3006
  1  75 -18.093336  -4.849565   7.706390  3006
  1  76 -17.439562  -7.139462   9.300359  3006
  1  77 -16.666239  -7.830961   9.640805  3006
  1  78 -17.629261  -7.237734   8.232767  3006
  1  79 -18.404308  -7.309121   9.792483  3006
  1  80   0.000000   0.000000   0.000000  3006
  1  81  -0.310346  -0.504085  -0.913447  3006
  1  82  -0.647519   1.375070  -0.000000  3006
  1  83  -1.872537   1.479631   0.067078  3006
  1  84  -0.518143  -0.763023   1.227692  3006
  1  85  -0.387181  -1.818022   0.986809  3006
  1  86  -1.563568  -0.533749   1.422417  3006
  1  87   0.403885  -0.258010   2.712489  3006
  1  88  -0.843764   0.212963   3.956779  3006
  1  89  -0.371367   1.196756   5.030599  3006
  1  90   0.713333   1.294615   5.014880  3006
  1  91  -0.575654   0.456298   6.337579  3006
  1  92  -0.008821   0.758851   7.371435  3006
  1  93  -1.062565  -0.770901   6.105627  3006
  1  94  -1.133616  -1.013872   4.779797  3006
  1  95  -1.813944  -1.939806   4.387750  3006
  1  96  -1.284185  -1.674349   7.224896  3006
  1  97  -1.147102  -2.689739   6.838775  3006
  1  98  -0.542572  -1.546640   8.021514  3006
  1  99  -2.659837  -1.581816   7.891693  3006
  1 100  -2.950102  -0.559725   8.144426  3006
  1 101  -3.450077  -1.981064   7.239988  3006
  1 102  -2.666098  -2.322401   9.235900  3006
  1 103  -2.035639  -1.722262   9.884015  3006
  1 104  -2.321224  -3.358993   9.111645  3006
  1 105  -4.009837  -2.304800   9.971741  3006
  1 106  -3.826053  -2.464137  11.037683  3006
  1 107  -4.435601  -1.297136   9.932530  3006
  1 108  -4.986273  -3.280430   9.309230  3006
  1 109  -4.448876  -4.210800   9.122909  3006
  1 110  -5.208300  -2.921877   8.307709  3006
  1 111  -6.219409  -3.449571  10.076608  3006
  1 112  -6.968036  -2.792986   9.886732  3006
  1 113   1.453856   0.000000   0.000000  3006
  1 114   1.926733  -0.349950   0.819587  3006
  1 115  -1.768889   0.561647   3.501299  3006
  1 116  -0.801603   2.191261   5.122569  3006
  2  -1  -8.898373 -16.604515  -3.310444  4364
  2   0  -7.605670 -16.610954  -2.885973  4364
  2   1  -6.942908 -15.428155  -2.545638  4364
  2   2  -7.623523 -14.133516  -2.640878  4364
  2   3  -8.902026 -14.123392  -3.041166  4364
  2   4  -9.463368 -13.197917  -3.150217  4364
  2   5  -7.020674 -12.785552  -2.323597  4364
  2   6  -6.079033 -12.042186  -3.635055  4364
  2   7  -5.426267 -10.917142  -3.031917  4364
  2   8  -7.196483 -11.619750  -4.440884  4364
  2   9  -5.143187 -12.943326  -4.229391  4364
  2  10  -7.747001 -11.985010  -2.118210  4364
  2  11  -6.342882 -12.970091  -1.486013  4364
  2  12  -5.599046 -15.448990  -2.149020  4364
  2  13  -4.888165 -16.651550  -2.110399  4364
  2  14  -5.568714 -17.828461  -2.457729  4364
  2  15  -6.896994 -17.810236  -2.896182  4364
  2  16  -7.397254 -18.732700  -3.173123  4364
  2  17  -4.968005 -19.059254  -2.391449  4364
  2  18  -3.700259 -19.151142  -1.889677  4364
  2  19  -2.919325 -18.035568  -1.591963  4364
  2  20  -3.552509 -16.783079  -1.700370  4364
  2  21  -2.844036 -15.548142  -1.460989  4364
  2  22  -2.815354 -15.035563  -0.158133  4364
  2  23  -2.122120 -13.854836   0.131538  4364
  2  24  -1.373315 -13.204931  -0.853914  4364
  2  25  -1.405720 -13.745269  -2.142087  4364
  2  26  -2.118329 -14.898975  -2.474120  4364
  2  27  -2.036632 -15.366984  -3.848601  4364
  2  28  -1.406206 -14.776686  -4.697548  4364
  2  29  -2.478289 -16.548630  -4.178370  4364
  2  30  -2.063452 -16.537119  -5.052371  4364
  2  31  -0.862440 -13.161471  -2.889233  4364
  2  32  -0.575629 -12.004108  -0.670009  4364
  2  33   0.054178 -11.431656  -1.532413  4364
  2  34  -2.057585 -13.517331   1.167071  4364
  2  35  -3.367942 -15.538602   0.623532  4364
  2  36  -1.583739 -18.225420  -1.230904  4364
  2  37  -1.011848 -19.496262  -1.125056  4364
  2  38  -1.821254 -20.598213  -1.424666  4364
  2  39  -3.147880 -20.432299  -1.828694  4364
  2  40  -3.785890 -21.276861  -2.061409  4364
  2  41  -1.341610 -21.865845  -1.281667  4364
  2  42  -0.008711 -22.174595  -0.785123  4364
  2  43   0.845578 -20.975374  -0.460526  4364
  2  44   0.365381 -19.746580  -0.663452  4364
  2  45   1.337014 -18.617598  -0.496330  4364
  2  46   1.487176 -18.049698   1.173383  4364
  2  47   2.138766 -19.114618   1.879269  4364
  2  48   0.088849 -17.865105   1.453760  4364
  2  49   2.177241 -16.795546   1.246957  4364
  2  50   1.010633 -17.806080  -1.156112  4364
  2  51   2.379657 -18.847013  -0.767740  4364
  2  52   1.908422 -21.180649  -0.333933  4364
  2  53   0.749052 -23.050131  -1.791566  4364
  2  54   0.168953 -23.960918  -1.998578  4364
  2  55   0.826408 -22.376734  -2.650896  4364
  2  56   1.771631 -23.184259  -1.445386  4364
  2  57  -0.125849 -22.858675   0.595462  4364
  2  58  -0.569642 -23.851248   0.602064  4364
  2  59  -0.847003 -22.261671   1.159660  4364
  2  60   0.779872 -22.862730   1.205507  4364
  2  61  -2.209826 -23.025255  -1.480083  4364
  2  62  -3.169392 -22.933111  -0.963609  4364
  2  63  -1.797059 -24.012915  -1.274291  4364
  2  64  -2.441894 -23.064949  -2.553569  4364
  2  65  -0.991369 -17.343494  -0.993616  4364
  2  66  -5.119883 -14.546882  -1.806959  4364
  2  67  -9.557209 -17.884882  -3.514159  4364
  2  68 -10.626048 -17.762409  -3.723867  4364
  2  69  -9.003448 -18.526361  -4.204852  4364
  2  70  -9.651660 -18.476215  -2.599391  4364
  2  71  -9.637730 -15.357157  -3.496315  4364
  2  72 -10.977179 -15.561087  -2.777781  4364
  2  73 -11.591128 -16.018896  -3.546726  4364
  2  74 -10.942776 -16.227379  -1.910733  4364
  2  75 -11.486057 -14.618331  -2.548086  4364
  2  76  -9.817608 -15.187883  -5.012755  4364
  2  77 -10.413561 -16.029062  -5.378211  4364
  2  78  -8.865074 -15.113053  -5.542266  4364
  2  79 -10.301183 -14.233475  -5.238060  4364
  2  80   0.000000   0.000000   0.000000  4364
  2  81  -0.410978  -0.583753  -0.819347  4364
  2  82  -0.739633   1.331333  -0.000000  4364
  2  83  -1.918372   1.341600  -0.367925  4364
  2  84  -0.452067  -0.651726   1.315974  4364
  2  85  -1.352686  -1.241005   1.165523  4364
  2  86  -0.705298   0.025870   2.130676  4364
  2  87   0.635803  -2.007943   1.867890  4364
  2  88  -0.234207  -3.604530   1.877738  4364
  2  89  -1.420321  -3.461206   2.842046  4364
  2  90  -1.328282  -2.483555   3.317259  4364
  2  91  -1.197773  -4.447809   3.961682  4364
  2  92  -1.976910  -4.726834   4.850552  4364
  2  93  -0.192013  -5.249568   3.559274  4364
  2  94   0.453509  -4.801033   2.466659  4364
  2  95   1.254295  -5.536547   1.926416  4364
  2  96   0.189659  -6.457007   4.288258  4364
  2  97   1.254229  -6.694222   4.211932  4364
  2  98   0.050120  -6.292218   5.354173  4364
  2  99  -0.609817  -7.701191   3.872153  4364
  2 100  -0.640360  -8.513904   4.609421  4364
  2 101  -1.622403  -7.381840   3.599406  4364
  2 102   0.062525  -8.283701   2.614839  4364
  2 103   1.080692  -8.521755   2.913273  4364
  2 104   0.003164  -7.592366   1.775175  4364
  2 105  -0.655326  -9.544350   2.120213  4364
  2 106  -0.732060 -10.199902   2.993003  4364
  2 107  -1.653155  -9.341116   1.740697  4364
  2 108   0.107334 -10.304275   1.027114  4364
  2 109   1.082757 -10.621885   1.395862  4364
  2 110   0.379528  -9.619382   0.225284  4364
  2 111  -0.639402 -11.473488   0.568609  4364
  2 112  -1.070857 -12.150492   1.181565  4364
  2 113   1.450447   0.000000   0.000000  4364
  2 114   1.901758   0.018480   0.898319  4364
  2 115  -0.556178  -3.796772   0.847215  4364
  2 116  -2.411121  -3.504266   2.380128  4364
  3  -1   1.450822 -12.930010  18.059706  3344
  3   0   1.222295 -12.923762  16.714813  3344
  3   1   0.183512 -12.214369  16.095226  3344
  3   2  -0.790160 -11.480427  16.920275  3344
  3   3  -0.614081 -11.486616  18.249392  3344
  3   4  -1.287012 -10.929562  18.897894  3344
  3   5  -2.037307 -10.843350  16.384686  3344
  3   6  -1.593808  -9.188646  15.898613  3344
  3   7  -2.891411  -8.749060  15.485708  3344
  3   8  -0.583587  -9.188171  14.878634  3344
  3   9  -1.063989  -8.610837  17.099623  3344
  3  10  -2.539934 -11.220389  15.487073  3344
  3  11  -2.809425 -10.617222  17.127245  3344
  3  12   0.072070 -12.258745  14.703140  3344
  3  13   0.932023 -12.947655  13.844314  3344
  3  14   1.942930 -13.663918  14.480500  3344
  3  15   2.034064 -13.687897  15.876467  3344
  3  16   2.826765 -14.292144  16.313057  3344
  3  17   2.885278 -14.379744  13.785035  3344
  3  18   2.782029 -14.385715  12.416567  3344
  3  19   1.780070 -13.692077  11.737859  3344
  3  20   0.833316 -12.923259  12.441830  3344
  3  21  -0.238302 -12.225952  11.798248  3344
  3  22   0.092447 -10.890530  11.514774  3344
  3  23  -0.864012 -10.096642  10.881665  3344
  3  24  -2.141100 -10.563760  10.555718  3344
  3  25  -2.423321 -11.890786  10.906085  3344
  3  26  -1.517456 -12.751367  11.516992  3344
  3  27  -1.883794 -14.115529  11.855307  3344
  3  28  -3.002218 -14.524572  11.578880  3344
  3  29  -1.036712 -14.897992  12.478129  3344
  3  30  -1.501002 -15.750809  12.472013  3344
  3  31  -3.370280 -12.314507  10.598296  3344
  3  32  -3.101070  -9.755615   9.820216  3344
  3  33  -4.189345 -10.096595   9.405738  3344
  3  34  -0.491756  -9.121692  10.572958  3344
  3  35   1.111612 -10.578865  11.746865  3344
  3  36   1.778076 -13.706201  10.343300  3344
  3  37   2.669764 -14.530396   9.638391  3344
  3  38   3.670551 -15.259998  10.270138  3344
  3  39   3.684041 -15.132603  11.658586  3344
  3  40   4.410590 -15.686361  12.251945  3344
  3  41   4.494505 -16.105593   9.581176  3344
  3  42   4.405229 -16.270502   8.140296  3344
  3  43   3.430598 -15.322853   7.492104  3344
  3  44   2.545244 -14.576717   8.169327  3344
  3  45   1.577085 -13.684834   7.448692  3344
  3  46  -0.028967 -14.342607   7.093808  3344
  3  47   0.177060 -15.716727   6.720642  3344
  3  48  -0.705680 -13.477083   6.171026  3344
  3  49  -0.615027 -14.466268   8.395592  3344
  3  50   1.977702 -13.540649   6.440321  3344
  3  51   1.474862 -12.702491   7.906349  3344
  3  52   3.484016 -15.379381   6.413980  3344
  3  53   4.068768 -17.701546   7.687954  3344
  3  54   4.743279 -18.493731   8.035050  3344
  3  55   3.077892 -18.032322   7.989374  3344
  3  56   4.058926 -17.790785   6.604517  3344
  3  57   5.775797 -15.995572   7.501658  3344
  3  58   6.017060 -14.953422   7.717570  3344
  3  59   5.769190 -16.051624   6.401242  3344
  3  60   6.598990 -16.598583   7.887570  3344
  3  61   5.455163 -16.955379  10.282534  3344
  3  62   4.885624 -17.650888  10.899618  3344
  3  63   6.104685 -16.371927  10.946016  3344
  3  64   6.056986 -17.650381   9.692467  3344
  3  65   1.029224 -13.115269   9.824243  3344
  3  66  -0.697297 -11.616927  14.303207  3344
  3  67   2.509846 -13.734872  18.649681  3344
  3  68   2.857320 -13.369094  19.619410  3344
  3  69   2.150737 -14.757386  18.755993  3344
  3  70   3.408966 -13.756902  18.018097  3344
  3  71   0.642357 -12.029937  18.887566  3344
  3  72   1.501549 -10.857471  19.375839  3344
  3  73   1.661040 -10.084228  18.626398  3344
  3  74   1.132319 -10.275361  20.225433  3344
  3  75   2.514521 -11.209253  19.588055  3344
  3  76   0.225356 -12.801397  20.150995  3344
  3  77  -0.307491 -13.747461  19.973108  3344
  3  78  -0.435596 -12.236684  20.816755  3344
  3  79   1.165568 -13.008151  20.656422  3344
  3  80   0.000000   0.000000   0.000000  3344
  3  81  -0.353257  -0.412717  -0.950669  3344
  3  82  -0.732542   1.327960   0.000000  3344
  3  83  -1.927649   1.439663  -0.292129  3344
  3  84  -0.528101  -0.854209   1.157081  3344
  3  85  -1.615963  -0.762720   1.199300  3344
  3  86  -0.151233  -0.359339   2.054898  3344
  3  87  -0.093338  -2.627391   1.213715  3344
  3  88  -0.012390  -3.317929   2.901050  3344
  3  89   1.227806  -4.190173   3.122874  3344
  3  90   1.680191  -4.584995   2.219345  3344
  3  91   0.680709  -5.328889   3.961689  3344
  3  92   1.322042  -6.067162   4.672917  3344
  3  93  -0.667418  -5.342639   3.854617  3344
  3  94  -1.119319  -4.317258   3.110452  3344
  3  95  -2.309882  -4.083997   3.050922  3344
  3  96  -1.465074  -6.364896   4.531696  3344
  3  97  -2.474122  -6.449059   4.133650  3344
  3  98  -1.054817  -7.355790   4.298632  3344
  3  99  -1.602815  -6.012932   6.018118  3344
  3 100  -0.637822  -6.101565   6.517652  3344
  3 101  -2.089821  -5.031542   6.094279  3344
  3 102  -2.517283  -6.848791   6.919499  3344
  3 103  -2.160924  -7.890049   6.960586  3344
  3 104  -3.483791  -7.004520   6.436785  3344
  3 105  -2.553630  -6.360546   8.373562  3344
  3 106  -1.523658  -6.291346   8.746346  3344
  3 107  -2.999270  -5.364542   8.356584  3344
  3 108  -3.379029  -7.276187   9.289105  3344
  3 109  -4.264448  -7.547209   8.720175  3344
  3 110  -3.728158  -6.750765  10.173093  3344
  3 111  -2.671612  -8.473054   9.740857  3344
  3 112  -1.728096  -8.329701  10.065400  3344
  3 113   1.452756   0.000000  -0.000000  3344
  3 114   1.942997  -0.247130   0.841424  3344
  3 115  -0.149647  -2.520279   3.633044  3344
  3 116   2.056161  -3.654840   3.590897  3344
  4  -1  -6.296317  -9.011043  12.025852  2257
  4   0  -7.391409  -9.145416  11.225966  2257
  4   1  -7.642450  -8.210285  10.223268  2257
  4   2  -6.736210  -7.063838  10.016900  2257
  4   3  -5.690218  -6.942976  10.846897  2257
  4   4  -5.027677  -6.086505  10.846982  2257
  4   5  -6.950685  -5.960604   9.016412  2257
  4   6  -7.835665  -4.611611   9.736221  2257
  4   7  -7.754292  -3.575294   8.749750  2257
  4   8  -7.205189  -4.294058  10.986527  2257
  4   9  -9.195302  -5.058438   9.839324  2257
  4  10  -6.039527  -5.550828   8.563890  2257
  4  11  -7.588155  -6.328836   8.206882  2257
  4  12  -8.721269  -8.397289   9.356561  2257
  4  13  -9.551261  -9.513160   9.505037  2257
  4  14  -9.266771 -10.476616  10.479826  2257
  4  15  -8.201320 -10.273904  11.368320  2257
  4  16  -8.060598 -11.032016  12.134390  2257
  4  17 -10.077374 -11.574446  10.654733  2257
  4  18 -11.179184 -11.795749   9.881272  2257
  4  19 -11.488675 -10.877517   8.868671  2257
  4  20 -10.656880  -9.774476   8.670877  2257
  4  21 -10.958266  -8.872546   7.587784  2257
  4  22 -10.276059  -9.204125   6.409334  2257
  4  23 -10.407085  -8.373146   5.279951  2257
  4  24 -11.162285  -7.200252   5.302089  2257
  4  25 -11.839300  -6.931889   6.497178  2257
  4  26 -11.721225  -7.698678   7.664136  2257
  4  27 -12.350454  -7.165926   8.863154  2257
  4  28 -12.963478  -6.118901   8.957700  2257
  4  29 -12.335912  -7.898386   9.946431  2257
  4  30 -12.813547  -7.296612  10.536880  2257
  4  31 -12.366382  -5.991981   6.620701  2257
  4  32 -11.249060  -6.349792   4.130728  2257
  4  33 -12.011533  -5.398009   4.078323  2257
  4  34  -9.916984  -8.648382   4.351540  2257
  4  35  -9.610056 -10.049978   6.335356  2257
  4  36 -12.577950 -11.253408   8.062888  2257
  4  37 -13.375463 -12.371647   8.306440  2257
  4  38 -13.023521 -13.257567   9.326382  2257
  4  39 -11.900105 -12.982573  10.092744  2257
  4  40 -11.570877 -13.562747  10.947149  2257
  4  41 -13.754761 -14.379907   9.599780  2257
  4  42 -14.880187 -14.791581   8.765489  2257
  4  43 -15.242862 -13.763900   7.728552  2257
  4  44 -14.570764 -12.627805   7.477803  2257
  4  45 -15.096668 -11.561437   6.560699  2257
  4  46 -14.505667 -11.659767   4.896474  2257
  4  47 -14.996531 -12.962852   4.534225  2257
  4  48 -13.075736 -11.655321   4.971857  2257
  4  49 -15.208652 -10.526507   4.354962  2257
  4  50 -14.885448 -10.559387   6.936309  2257
  4  51 -16.193148 -11.594518   6.494802  2257
  4  52 -16.124517 -13.948513   7.127967  2257
  4  53 -16.148964 -15.121950   9.547255  2257
  4  54 -16.090654 -15.988172  10.216780  2257
  4  55 -16.457138 -14.249848  10.120201  2257
  4  56 -16.933666 -15.383068   8.818036  2257
  4  57 -14.456360 -16.025869   7.946280  2257
  4  58 -14.322702 -16.980368   8.473221  2257
  4  59 -13.587861 -15.755998   7.348132  2257
  4  60 -15.280051 -16.180119   7.244610  2257
  4  61 -13.507667 -15.274049  10.717390  2257
  4  62 -13.954555 -14.849511  11.610563  2257
  4  63 -12.439306 -15.315913  10.976142  2257
  4  64 -13.925537 -16.285683  10.598304  2257
  4  65 -12.833768 -10.583844   7.248737  2257
  4  66  -8.988930  -7.687628   8.584266  2257
  4  67  -6.021038  -9.976023  13.087894  2257
  4  68  -5.812933 -10.926126  12.592418  2257
  4  69  -5.127124  -9.824944  13.683457  2257
  4  70  -6.789465 -10.001188  13.869358  2257
  4  71  -5.350880  -7.905790  11.951269  2257
  4  72  -3.933969  -8.360127  11.573718  2257
  4  73  -3.550655  -9.097599  12.276360  2257
  4  74  -3.904398  -8.782798  10.565464  2257
  4  75  -3.298922  -7.463478  11.596819  2257
  4  76  -5.435367  -7.130326  13.277358  2257
  4  77  -5.095406  -6.091687  13.264913  2257
  4  78  -4.782730  -7.544195  14.049612  2257
  4  79  -6.460238  -7.104074  13.667040  2257
  4  80   0.000000   0.000000   0.000000  2257
  4  81  -0.356651  -0.571450  -0.857929  2257
  4  82  -0.721267   1.340699   0.000000  2257
  4  83  -1.926402   1.468004   0.210815  2257
  4  84  -0.448618  -0.755405   1.260912  2257
  4  85  -1.113792  -0.148905   1.879787  2257
  4  86   0.436153  -1.002174   1.862317  2257
  4  87  -1.270303  -2.280098   0.694832  2257
  4  88  -2.937837  -2.059717   1.385669  2257
  4  89  -3.097534  -2.365886   2.880914  2257
  4  90  -2.126958  -2.595881   3.320895  2257
  4  91  -4.071020  -3.523224   2.856501  2257
  4  92  -4.432865  -4.203977   3.790922  2257
  4  93  -4.616523  -3.670428   1.631897  2257
  4  94  -3.954675  -2.948068   0.713826  2257
  4  95  -4.067001  -3.240169  -0.457270  2257
  4  96  -5.608567  -4.664035   1.225581  2257
  4  97  -5.474770  -5.067853   0.226368  2257
  4  98  -5.535021  -5.536903   1.877116  2257
  4  99  -7.034342  -4.099824   1.266012  2257
  4 100  -7.194176  -3.653328   2.255199  2257
  4 101  -7.226309  -3.285147   0.574602  2257
  4 102  -8.112051  -5.192176   1.190469  2257
  4 103  -7.773613  -6.063287   1.759971  2257
  4 104  -8.270016  -5.484365   0.147506  2257
  4 105  -9.455415  -4.730420   1.777629  2257
  4 106  -9.455208  -4.206551   2.740366  2257
  4 107  -9.850571  -3.952851   1.116844  2257
  4 108 -10.499122  -5.842668   1.838279  2257
  4 109 -10.297942  -6.526191   0.999457  2257
  4 110 -11.504187  -5.413579   1.756868  2257
  4 111 -10.440879  -6.606963   3.081483  2257
  4 112  -9.868991  -7.435125   3.037994  2257
  4 113   1.443987  -0.000000   0.000000  2257
  4 114   1.939420  -0.588098  -0.658243  2257
  4 115  -3.125719  -0.992672   1.249231  2257
  4 116  -3.612290  -1.606264   3.481664  2257
  5  -1 -15.111178  -0.061860  16.554365  1919
  5   0 -14.846655   0.119724  15.230563  1919
  5   1 -13.540269   0.231087  14.761679  1919
  5   2 -12.415248   0.357406  15.711768  1919
  5   3 -12.727902   0.304210  17.011084  1919
  5   4 -11.962073   0.476420  17.772560  1919
  5   5 -10.979304   0.509078  15.297568  1919
  5   6 -10.040917  -0.941727  14.924613  1919
  5   7  -8.674330  -0.686327  14.561695  1919
  5   8 -10.662139  -1.645969  13.837815  1919
  5   9 -10.041611  -1.836041  16.048136  1919
  5  10 -10.907244   1.173842  14.422871  1919
  5  11 -10.425080   1.100769  16.028076  1919
  5  12 -13.258129   0.285942  13.396289  1919
  5  13 -14.343618   0.308889  12.505847  1919
  5  14 -15.662766   0.231030  12.934549  1919
  5  15 -15.891988   0.149978  14.303598  1919
  5  16 -16.933504   0.138334  14.607253  1919
  5  17 -16.719820   0.126314  12.058037  1919
  5  18 -16.496704   0.019372  10.715845  1919
  5  19 -15.200373   0.156149  10.191707  1919
  5  20 -14.150672   0.309623  11.113701  1919
  5  21 -12.820981   0.571647  10.621190  1919
  5  22 -12.021725  -0.574444  10.424566  1919
  5  23 -10.676913  -0.428601  10.056849  1919
  5  24 -10.081910   0.820751   9.904224  1919
  5  25 -10.909742   1.935928  10.019438  1919
  5  26 -12.267314   1.823590  10.346972  1919
  5  27 -12.943049   3.105254  10.492979  1919
  5  28 -12.404363   4.192575  10.377430  1919
  5  29 -14.200053   3.099566  10.867552  1919
  5  30 -14.466104   4.029966  10.963842  1919
  5  31 -10.424113   2.890869   9.832749  1919
  5  32  -8.694448   1.010510   9.507318  1919
  5  33  -8.186068   2.117664   9.534904  1919
  5  34 -10.040920  -1.296861   9.947145  1919
  5  35 -12.449233  -1.574223  10.433458  1919
  5  36 -15.091970   0.077817   8.800301  1919
  5  37 -16.175657  -0.058951   7.942851  1919
  5  38 -17.447851  -0.184565   8.498497  1919
  5  39 -17.611460  -0.153480   9.885460  1919
  5  40 -18.531258  -0.277780  10.437298  1919
  5  41 -18.513365  -0.371022   7.651083  1919
  5  42 -18.412037  -0.640708   6.221817  1919
  5  43 -17.008137  -0.544200   5.712064  1919
  5  44 -15.969324  -0.233675   6.494714  1919
  5  45 -14.584565  -0.090837   5.910215  1919
  5  46 -14.220309   1.624323   5.651868  1919
  5  47 -15.281454   2.131703   4.844070  1919
  5  48 -12.988201   1.500057   4.898097  1919
  5  49 -14.082429   2.420134   6.841606  1919
  5  50 -14.490866  -0.495311   4.883657  1919
  5  51 -13.892254  -0.569152   6.603050  1919
  5  52 -16.833845  -0.648341   4.631611  1919
  5  53 -19.185286   0.372882   5.366409  1919
  5  54 -18.966469   1.370705   5.765616  1919
  5  55 -18.954054   0.328114   4.297472  1919
  5  56 -20.275282   0.312874   5.368884  1919
  5  57 -18.962444  -2.020183   5.808774  1919
  5  58 -18.504417  -2.921037   6.208741  1919
  5  59 -18.922773  -2.042429   4.719907  1919
  5  60 -20.019428  -1.990230   6.087323  1919
  5  61 -19.850061  -0.478270   8.205198  1919
  5  62 -20.246361   0.356969   8.793606  1919
  5  63 -20.037529  -1.381475   8.795772  1919
  5  64 -20.624281  -0.425386   7.427516  1919
  5  65 -14.048581   0.244444   8.513291  1919
  5  66 -12.277091   0.354367  12.925246  1919
  5  67 -16.476795  -0.306040  17.010946  1919
  5  68 -16.520212  -0.593759  18.066523  1919
  5  69 -17.094479   0.576796  16.850740  1919
  5  70 -16.907701  -1.156838  16.468210  1919
  5  71 -14.093310   0.054627  17.590019  1919
  5  72 -13.911597  -1.250298  18.382896  1919
  5  73 -14.759680  -1.553141  18.997013  1919
  5  74 -13.883716  -2.122289  17.721571  1919
  5  75 -13.032025  -1.141495  19.013067  1919
  5  76 -14.459995   1.278131  18.452967  1919
  5  77 -15.391027   1.252018  19.023050  1919
  5  78 -14.475462   2.143470  17.793232  1919
  5  79 -13.674816   1.343596  19.208883  1919
  5  80   0.000000   0.000000   0.000000  1919
  5  81  -0.341300  -0.485994  -0.921534  1919
  5  82  -0.696055   1.361472   0.000000  1919
  5  83  -1.907772   1.437696  -0.158849  1919
  5  84  -0.409684  -0.825402   1.218799  1919
  5  85   0.027467  -1.817800   1.073712  1919
  5  86  -1.485601  -0.801678   1.371242  1919
  5  87   0.476963  -0.297330   2.726446  1919
  5  88   0.258146  -1.270842   4.251403  1919
  5  89  -0.609565  -2.498539   3.938774  1919
  5  90  -1.280515  -2.378535   3.077248  1919
  5  91  -1.430807  -2.625409   5.206278  1919
  5  92  -2.001744  -3.652463   5.509251  1919
  5  93  -1.399528  -1.448761   5.853983  1919
  5  94  -0.543746  -0.562830   5.313000  1919
  5  95  -0.245170   0.459025   5.906013  1919
  5  96  -2.127486  -1.136967   7.081852  1919
  5  97  -2.292553  -2.048991   7.667910  1919
  5  98  -1.491008  -0.555371   7.752927  1919
  5  99  -3.470563  -0.423368   6.908868  1919
  5 100  -3.261873   0.583086   6.532044  1919
  5 101  -4.085265  -0.918985   6.155736  1919
  5 102  -4.233547  -0.389346   8.239770  1919
  5 103  -3.850911   0.462701   8.806345  1919
  5 104  -4.043510  -1.316008   8.777992  1919
  5 105  -5.723588  -0.167713   7.899836  1919
  5 106  -6.013427   0.661064   7.256935  1919
  5 107  -6.150404  -1.081200   7.477736  1919
  5 108  -6.445304   0.011979   9.239552  1919
  5 109  -6.004549   0.858483   9.773092  1919
  5 110  -6.117806  -0.846093   9.838598  1919
  5 111  -7.901985  -0.049081   9.263035  1919
  5 112  -8.357377  -0.914891   9.049046  1919
  5 113   1.441840  -0.000000   0.000000  1919
  5 114   1.948623  -0.025228   0.880700  1919
  5 115   1.203328  -1.607169   4.681188  1919
  5 116   0.066586  -3.343772   3.850450  1919
  6  -1   7.502691  -5.443582  14.060500  2020
  6   0   7.013959  -4.532955  13.170331  2020
  6   1   7.052316  -4.733048  11.782891  2020
  6   2   7.582842  -6.018621  11.303364  2020
  6   3   8.075836  -6.900468  12.177608  2020
  6   4   8.444415  -7.876782  11.874525  2020
  6   5   7.385288  -6.443208   9.874098  2020
  6   6   5.887611  -7.350747   9.578911  2020
  6   7   4.749159  -6.591219  10.025168  2020
  6   8   6.211783  -8.564656  10.285126  2020
  6   9   5.930231  -7.675960   8.186280  2020
  6  10   7.316960  -5.587861   9.197477  2020
  6  11   8.094809  -7.222787   9.578233  2020
  6  12   6.549009  -3.788342  10.887618  2020
  6  13   5.826702  -2.684994  11.344446  2020
  6  14   5.770198  -2.500866  12.735850  2020
  6  15   6.370425  -3.386369  13.632182  2020
  6  16   6.282439  -3.126005  14.681977  2020
  6  17   5.067000  -1.466298  13.305833  2020
  6  18   4.490145  -0.552299  12.454690  2020
  6  19   4.569332  -0.618166  11.063290  2020
  6  20   5.261256  -1.710611  10.511289  2020
  6  21   5.507892  -1.828887   9.095103  2020
  6  22   4.527679  -2.472057   8.323536  2020
  6  23   4.688529  -2.577265   6.945690  2020
  6  24   5.727994  -1.980913   6.235637  2020
  6  25   6.683186  -1.311802   6.997150  2020
  6  26   6.580077  -1.250650   8.386189  2020
  6  27   7.562352  -0.380403   9.022357  2020
  6  28   8.408797   0.249583   8.421906  2020
  6  29   7.529219  -0.270096  10.324292  2020
  6  30   8.281082   0.343338  10.334234  2020
  6  31   7.469418  -0.786958   6.454308  2020
  6  32   5.955657  -2.096395   4.794308  2020
  6  33   6.844311  -1.528619   4.186913  2020
  6  34   3.967461  -3.175443   6.381294  2020
  6  35   3.652086  -2.896892   8.809698  2020
  6  36   4.079361   0.422915  10.264114  2020
  6  37   3.416170   1.473484  10.905115  2020
  6  38   3.187681   1.522326  12.276030  2020
  6  39   3.760000   0.489128  13.029856  2020
  6  40   3.570969   0.424715  14.099912  2020
  6  41   2.536312   2.538496  12.908263  2020
  6  42   1.993139   3.657427  12.153907  2020
  6  43   2.319923   3.608339  10.676983  2020
  6  44   2.913139   2.577108  10.071044  2020
  6  45   3.162111   2.690924   8.591396  2020
  6  46   1.977744   1.941483   7.516634  2020
  6  47   2.283083   0.546026   7.632266  2020
  6  48   1.951899   2.450471   6.168945  2020
  6  49   0.688069   2.220119   8.083200  2020
  6  50   4.165559   2.319197   8.357707  2020
  6  51   3.081410   3.740576   8.287725  2020
  6  52   2.024483   4.472572  10.081238  2020
  6  53   2.576454   4.985565  12.656791  2020
  6  54   2.439801   5.186769  13.724799  2020
  6  55   3.648914   4.952363  12.488192  2020
  6  56   2.276202   5.827895  12.026449  2020
  6  57   0.461366   3.664576  12.284373  2020
  6  58   0.145855   3.772403  13.317875  2020
  6  59  -0.011417   2.787920  11.835763  2020
  6  60   0.063643   4.573792  11.830456  2020
  6  61   2.187532   2.516547  14.326280  2020
  6  62   3.046903   2.207089  14.920095  2020
  6  63   1.308503   1.908046  14.536120  2020
  6  64   2.009086   3.558712  14.604580  2020
  6  65   4.256707   0.438833   9.197487  2020
  6  66   6.676177  -3.945449   9.827691  2020
  6  67   7.465434  -5.188736  15.496943  2020
  6  68   7.708355  -4.131839  15.669734  2020
  6  69   6.421431  -5.339420  15.786689  2020
  6  70   8.169593  -5.814271  16.049452  2020
  6  71   8.092196  -6.715948  13.677135  2020
  6  72   7.306240  -7.970586  14.106847  2020
  6  73   7.689390  -8.860901  13.611433  2020
  6  74   7.439867  -8.164537  15.173583  2020
  6  75   6.260862  -7.701571  13.911360  2020
  6  76   9.567604  -6.859440  14.051281  2020
  6  77  10.134285  -5.961868  13.803009  2020
  6  78  10.061973  -7.712742  13.583443  2020
  6  79   9.652014  -7.020272  15.127016  2020
  6  80   0.000000   0.000000   0.000000  2020
  6  81  -0.383011  -0.386497  -0.939107  2020
  6  82  -0.633360   1.389875  -0.000000  2020
  6  83  -1.853197   1.562125   0.028791  2020
  6  84  -0.494368  -0.892031   1.156754  2020
  6  85  -1.558304  -1.142884   1.128274  2020
  6  86  -0.448176  -0.282801   2.056590  2020
  6  87   0.517880  -2.398558   1.235729  2020
  6  88   0.383979  -3.645438  -0.086377  2020
  6  89  -0.347811  -4.908777   0.404900  2020
  6  90  -0.630190  -4.828444   1.454095  2020
  6  91   0.717777  -5.977361   0.297429  2020
  6  92   0.470044  -7.159339   0.380824  2020
  6  93   1.859387  -5.429362  -0.164978  2020
  6  94   1.772638  -4.117262  -0.422986  2020
  6  95   2.604101  -3.529212  -1.084401  2020
  6  96   3.032895  -6.248894  -0.465391  2020
  6  97   2.689204  -7.214577  -0.858240  2020
  6  98   3.592428  -5.792174  -1.286201  2020
  6  99   4.011185  -6.412066   0.707181  2020
  6 100   3.527264  -6.970387   1.515327  2020
  6 101   4.806355  -7.053328   0.326273  2020
  6 102   4.777482  -5.135088   1.110065  2020
  6 103   4.896811  -4.294598   0.425423  2020
  6 104   5.753296  -5.548046   1.365903  2020
  6 105   4.246679  -4.403362   2.359435  2020
  6 106   3.227423  -4.020128   2.264312  2020
  6 107   4.327517  -5.041262   3.237699  2020
  6 108   5.229916  -3.292297   2.759161  2020
  6 109   5.238164  -2.400903   2.124218  2020
  6 110   6.278181  -3.557623   2.579044  2020
  6 111   5.091888  -2.912423   4.162244  2020
  6 112   4.392129  -3.386206   4.701194  2020
  6 113   1.454785  -0.000000  -0.000000  2020
  6 114   1.936368  -0.241232   0.854626  2020
  6 115  -0.202225  -3.146527  -0.861267  2020
  6 116  -1.084415  -5.165730  -0.344493  2020
  7  -1   6.337922  -3.812083  -3.835749  1602
  7   0   5.647479  -4.062736  -2.684027  1602
  7   1   6.032499  -3.498267  -1.461229  1602
  7   2   7.269866  -2.708202  -1.359152  1602
  7   3   7.964959  -2.471816  -2.472465  1602
  7   4   8.882827  -1.887086  -2.522566  1602
  7   5   7.909214  -2.151344  -0.112658  1602
  7   6   9.226457  -3.184268   0.479658  1602
  7   7   9.707648  -2.476655   1.632021  1602
  7   8  10.166026  -3.279166  -0.603993  1602
  7   9   8.610965  -4.428815   0.849616  1602
  7  10   8.311916  -1.169229  -0.338224  1602
  7  11   7.152136  -1.965664   0.649350  1602
  7  12   5.293311  -3.733365  -0.300441  1602
  7  13   4.111413  -4.477883  -0.303783  1602
  7  14   3.664266  -4.990181  -1.530941  1602
  7  15   4.467796  -4.805811  -2.655857  1602
  7  16   4.017530  -5.291167  -3.515910  1602
  7  17   2.456780  -5.633623  -1.657690  1602
  7  18   1.695127  -5.863446  -0.549508  1602
  7  19   2.117591  -5.432758   0.718021  1602
  7  20   3.314394  -4.728766   0.826888  1602
  7  21   3.660381  -4.254282   2.148577  1602
  7  22   3.260659  -2.956205   2.504549  1602
  7  23   3.599089  -2.431525   3.754658  1602
  7  24   4.461903  -3.113338   4.610450  1602
  7  25   4.914046  -4.358051   4.169013  1602
  7  26   4.535334  -4.971892   2.976592  1602
  7  27   5.136751  -6.271077   2.692148  1602
  7  28   5.930372  -6.828036   3.436036  1602
  7  29   4.912728  -6.806081   1.523311  1602
  7  30   5.636871  -7.455760   1.413163  1602
  7  31   5.540081  -4.934737   4.839920  1602
  7  32   4.942751  -2.587592   5.885391  1602
  7  33   5.628619  -3.172626   6.704790  1602
  7  34   3.169205  -1.464466   4.019987  1602
  7  35   2.624366  -2.395981   1.828769  1602
  7  36   1.329105  -5.688855   1.848333  1602
  7  37   0.087022  -6.291230   1.696755  1602
  7  38  -0.339115  -6.748115   0.443375  1602
  7  39   0.471281  -6.533844  -0.673875  1602
  7  40   0.218830  -6.858469  -1.672618  1602
  7  41  -1.541954  -7.363096   0.292782  1602
  7  42  -2.504752  -7.555260   1.368976  1602
  7  43  -1.989517  -7.053434   2.693366  1602
  7  44  -0.770177  -6.528144   2.865936  1602
  7  45  -0.458720  -5.998537   4.238310  1602
  7  46   0.072742  -7.296803   5.329663  1602
  7  47   0.063171  -6.909306   6.708922  1602
  7  48   1.356702  -7.693892   4.828999  1602
  7  49  -0.959254  -8.291987   5.282794  1602
  7  50  -1.340397  -5.676766   4.802948  1602
  7  51   0.258765  -5.169255   4.235569  1602
  7  52  -2.727666  -7.203356   3.482072  1602
  7  53  -2.789513  -9.052753   1.568539  1602
  7  54  -1.918862  -9.692863   1.733245  1602
  7  55  -3.498888  -9.214599   2.377978  1602
  7  56  -3.332692  -9.620769   0.814009  1602
  7  57  -3.816519  -6.818788   1.027830  1602
  7  58  -4.459677  -6.896132   1.904905  1602
  7  59  -4.288487  -7.322187   0.192344  1602
  7  60  -3.761189  -5.752355   0.797481  1602
  7  61  -1.861662  -7.890581  -1.028333  1602
  7  62  -1.934396  -7.165681  -1.846521  1602
  7  63  -2.847272  -8.368419  -1.073555  1602
  7  64  -1.072620  -8.528306  -1.438723  1602
  7  65   1.652763  -5.342333   2.828368  1602
  7  66   5.646232  -3.376276   0.664356  1602
  7  67   5.830245  -4.364106  -5.088558  1602
  7  68   5.629380  -5.437845  -5.142756  1602
  7  69   4.922293  -3.851624  -5.400301  1602
  7  70   6.680513  -4.325453  -5.778525  1602
  7  71   7.600531  -3.091342  -3.798919  1602
  7  72   7.591308  -1.904773  -4.791831  1602
  7  73   6.710879  -1.284764  -4.621721  1602
  7  74   8.444275  -1.246551  -4.666180  1602
  7  75   7.555182  -2.139775  -5.851155  1602
  7  76   8.696453  -4.115607  -4.124395  1602
  7  77   8.812660  -4.790365  -3.279827  1602
  7  78   9.658766  -3.623234  -4.284472  1602
  7  79   8.444764  -4.736479  -4.985887  1602
  7  80   0.000000   0.000000   0.000000  1602
  7  81  -0.437094  -0.462104  -0.884257  1602
  7  82  -0.596149   1.404387  -0.000000  1602
  7  83  -1.822008   1.465342   0.077182  1602
  7  84  -0.471066  -0.816747   1.206576  1602
  7  85  -0.472591  -1.878425   0.979121  1602
  7  86  -1.502715  -0.547887   1.485891  1602
  7  87   0.544012  -0.680218   2.712389  1602
  7  88  -0.510241  -0.180350   4.106121  1602
  7  89  -0.945740   1.285254   3.971424  1602
  7  90  -0.537631   1.821642   3.105783  1602
  7  91  -0.438685   1.931428   5.235842  1602
  7  92  -0.628876   3.073079   5.596902  1602
  7  93   0.255574   1.040139   5.963925  1602
  7  94   0.337252  -0.165588   5.350044  1602
  7  95   0.991577  -1.066213   5.824318  1602
  7  96   0.734617   1.444714   7.282612  1602
  7  97   0.046387   2.125874   7.785470  1602
  7  98   0.901717   0.597025   7.947448  1602
  7  99   2.055950   2.212175   7.202104  1602
  7 100   1.916376   3.048763   6.516800  1602
  7 101   2.140054   2.685149   8.177357  1602
  7 102   3.278064   1.403755   6.743634  1602
  7 103   4.186919   2.013924   6.667618  1602
  7 104   3.037261   1.020843   5.753084  1602
  7 105   3.534885   0.293238   7.779102  1602
  7 106   3.661838   0.680299   8.790175  1602
  7 107   2.661461  -0.324535   7.970384  1602
  7 108   4.739666  -0.587124   7.394957  1602
  7 109   5.034829  -1.254631   8.207553  1602
  7 110   5.632642   0.018582   7.285359  1602
  7 111   4.437084  -1.383902   6.208707  1602
  7 112   3.694772  -1.060292   5.611501  1602
  7 113   1.442256  -0.000000   0.000000  1602
  7 114   1.836987   0.024649   0.932621  1602
  7 115  -1.403980  -0.805465   4.200797  1602
  7 116  -2.030154   1.387738   4.020881  1602
  8  -1   8.022079  13.895791  -4.884484  2195
  8   0   7.048858  13.370223  -4.095357  2195
  8   1   6.819973  11.993539  -4.015643  2195
  8   2   7.807475  11.089727  -4.640836  2195
  8   3   8.838226  11.607187  -5.324492  2195
  8   4   9.621191  11.017008  -5.792203  2195
  8   5   7.680409   9.604342  -4.460045  2195
  8   6   8.357828   8.964853  -2.951185  2195
  8   7   8.057062   7.563840  -3.038926  2195
  8   8   7.712968   9.661726  -1.872700  2195
  8   9   9.758263   9.265340  -3.088987  2195
  8  10   6.634274   9.282913  -4.482035  2195
  8  11   8.159432   9.096375  -5.298917  2195
  8  12   5.781219  11.435634  -3.260571  2195
  8  13   4.952379  12.325772  -2.566534  2195
  8  14   5.189888  13.695463  -2.626838  2195
  8  15   6.208636  14.252490  -3.404250  2195
  8  16   6.323975  15.327726  -3.325734  2195
  8  17   4.472526  14.592246  -1.871739  2195
  8  18   3.573670  14.101732  -0.953612  2195
  8  19   3.294495  12.731965  -0.833610  2195
  8  20   4.004201  11.843410  -1.649318  2195
  8  21   3.768210  10.433096  -1.485828  2195
  8  22   4.668516   9.783217  -0.610382  2195
  8  23   4.480951   8.434519  -0.322560  2195
  8  24   3.445233   7.686717  -0.878872  2195
  8  25   2.638332   8.344835  -1.797996  2195
  8  26   2.727250   9.709826  -2.087645  2195
  8  27   1.643793  10.238213  -2.915190  2195
  8  28   0.802679   9.564075  -3.469593  2195
  8  29   1.563495  11.494715  -3.246025  2195
  8  30   0.975893  11.410758  -4.014710  2195
  8  31   1.798320   7.813920  -2.229167  2195
  8  32   3.305337   6.254966  -0.621539  2195
  8  33   2.415451   5.597241  -1.132907  2195
  8  34   5.198311   7.873317   0.274556  2195
  8  35   5.535155  10.234556  -0.137277  2195
  8  36   2.341626  12.282398   0.082048  2195
  8  37   1.613088  13.231147   0.809311  2195
  8  38   1.861979  14.608705   0.751937  2195
  8  39   2.844581  14.992105  -0.169854  2195
  8  40   3.120168  16.031113  -0.309532  2195
  8  41   1.243746  15.553153   1.505928  2195
  8  42   0.106138  15.205102   2.354756  2195
  8  43  -0.139441  13.723973   2.404260  2195
  8  44   0.521837  12.800259   1.700439  2195
  8  45   0.167471  11.359387   1.962181  2195
  8  46  -1.203369  10.921700   0.919431  2195
  8  47  -0.835686  11.406658  -0.377807  2195
  8  48  -2.387680  11.541981   1.432029  2195
  8  49  -1.527796   9.524602   1.049692  2195
  8  50  -0.121708  11.322274   3.014938  2195
  8  51   0.999277  10.673445   1.834977  2195
  8  52  -0.919990  13.496532   3.112154  2195
  8  53  -1.125840  15.902822   1.752083  2195
  8  54  -1.044303  16.929359   2.126885  2195
  8  55  -1.268773  15.837285   0.673994  2195
  8  56  -2.047253  15.530182   2.202345  2195
  8  57   0.354615  15.584568   3.818472  2195
  8  58   1.331699  15.210167   4.099598  2195
  8  59  -0.438074  15.281169   4.504395  2195
  8  60   0.255967  16.664530   3.998906  2195
  8  61   1.686342  16.947441   1.538542  2195
  8  62   1.216425  17.562496   2.293450  2195
  8  63   1.697380  17.457920   0.568649  2195
  8  64   2.706816  16.972410   1.944265  2195
  8  65   2.135505  11.224951   0.137854  2195
  8  66   5.565302  10.374234  -3.258508  2195
  8  67   8.051532  15.343002  -5.061423  2195
  8  68   8.339468  15.839835  -4.134520  2195
  8  69   8.712946  15.698716  -5.855652  2195
  8  70   7.081484  15.833190  -5.236987  2195
  8  71   8.985159  13.078148  -5.612042  2195
  8  72  10.421189  13.570468  -5.413190  2195
  8  73  11.037421  12.932638  -6.060985  2195
  8  74  10.700296  14.539276  -5.821862  2195
  8  75  10.672910  13.495521  -4.346457  2195
  8  76   8.675424  13.120898  -7.117975  2195
  8  77   8.841536  14.150140  -7.454678  2195
  8  78   7.597901  12.967538  -7.230337  2195
  8  79   9.302418  12.488256  -7.753226  2195
  8  80   0.000000   0.000000   0.000000  2195
  8  81  -0.376580  -0.593565  -0.834787  2195
  8  82  -0.688872   1.352870  -0.000000  2195
  8  83  -1.887668   1.365716  -0.292271  2195
  8  84  -0.539175  -0.797731   1.198923  2195
  8  85  -0.192393  -1.832354   1.161579  2195
  8  86  -1.628425  -0.830811   1.150559  2195
  8  87  -0.199847  -0.035089   2.816989  2195
  8  88   1.009367  -0.949003   3.815570  2195
  8  89   0.857257  -0.598033   5.307878  2195
  8  90  -0.041876  -0.008168   5.476748  2195
  8  91   2.105789   0.134098   5.727937  2195
  8  92   2.274452   0.720251   6.776070  2195
  8  93   2.931385   0.225999   4.662694  2195
  8  94   2.414975  -0.440540   3.611290  2195
  8  95   2.973950  -0.612276   2.548909  2195
  8  96   4.154944   1.009574   4.700222  2195
  8  97   4.646935   1.028585   5.673456  2195
  8  98   4.871685   0.490192   4.060750  2195
  8  99   3.976137   2.448017   4.195335  2195
  8 100   3.131363   3.021953   4.571309  2195
  8 101   4.891824   2.987310   4.446497  2195
  8 102   3.935714   2.521460   2.652943  2195
  8 103   3.020579   2.090662   2.244847  2195
  8 104   4.762069   1.900447   2.304257  2195
  8 105   4.081749   3.959143   2.116814  2195
  8 106   3.308305   4.549142   2.616294  2195
  8 107   5.102705   4.274997   2.354059  2195
  8 108   3.964685   4.123209   0.594750  2195
  8 109   2.991121   3.720167   0.305042  2195
  8 110   4.834914   3.635560   0.161274  2195
  8 111   4.062847   5.534004   0.214457  2195
  8 112   4.840083   6.047442   0.595092  2195
  8 113   1.449620   0.000000  -0.000000  2195
  8 114   1.844690  -0.528837   0.772562  2195
  8 115   0.981568  -2.044269   3.757924  2195
  8 116   0.735019  -1.517567   5.896451  2195
  9  -1   0.596197   2.492961   3.719585  1721
  9   0   1.686815   1.687259   3.585419  1721
  9   1   1.788590   0.377249   4.037651  1721
  9   2   0.632488  -0.252717   4.711422  1721
  9   3  -0.373845   0.570097   4.994931  1721
  9   4  -1.255058   0.168771   5.499414  1721
  9   5   0.737980  -1.628710   5.315092  1721
  9   6   1.631241  -1.621084   6.845004  1721
  9   7   3.003086  -1.238384   6.713925  1721
  9   8   1.572433  -2.999551   7.237013  1721
  9   9   0.912474  -0.687989   7.669385  1721
  9  10  -0.272898  -1.958504   5.579220  1721
  9  11   1.221519  -2.362884   4.670981  1721
  9  12   2.947517  -0.370399   3.773241  1721
  9  13   4.012586   0.119737   3.026252  1721
  9  14   3.879756   1.453501   2.608242  1721
  9  15   2.770753   2.247169   2.894783  1721
  9  16   2.835070   3.260708   2.512680  1721
  9  17   4.962661   2.044614   2.017735  1721
  9  18   6.036681   1.250232   1.694103  1721
  9  19   6.196161  -0.083391   2.092370  1721
  9  20   5.137771  -0.677475   2.791922  1721
  9  21   5.202224  -2.054235   3.218630  1721
  9  22   4.836987  -3.074263   2.318272  1721
  9  23   4.838017  -4.420181   2.674791  1721
  9  24   5.329476  -4.831700   3.917698  1721
  9  25   5.778656  -3.854895   4.804427  1721
  9  26   5.681494  -2.505853   4.454931  1721
  9  27   6.105747  -1.573351   5.490038  1721
  9  28   6.565805  -1.940877   6.554121  1721
  9  29   5.946060  -0.277125   5.319153  1721
  9  30   6.096866   0.067463   6.219049  1721
  9  31   6.061812  -4.151116   5.807510  1721
  9  32   5.325963  -6.231707   4.293022  1721
  9  33   5.693197  -6.654317   5.378306  1721
  9  34   4.556720  -5.135605   1.905089  1721
  9  35   4.470646  -2.788362   1.334524  1721
  9  36   7.350750  -0.794680   1.766649  1721
  9  37   8.354604  -0.152021   1.039410  1721
  9  38   8.261713   1.175719   0.629684  1721
  9  39   7.084674   1.853097   0.990710  1721
  9  40   6.910595   2.853923   0.626090  1721
  9  41   9.215571   1.840462  -0.093964  1721
  9  42  10.416228   1.163194  -0.544669  1721
  9  43  10.463327  -0.309853  -0.212975  1721
  9  44   9.498313  -0.912270   0.501123  1721
  9  45   9.724932  -2.368244   0.776416  1721
  9  46   8.945219  -3.504382  -0.334730  1721
  9  47   7.770937  -3.975357   0.361218  1721
  9  48   9.931375  -4.521731  -0.565813  1721
  9  49   8.724935  -2.772713  -1.553759  1721
  9  50   9.397154  -2.553885   1.811642  1721
  9  51  10.775817  -2.568501   0.597981  1721
  9  52  11.271065  -0.826512  -0.716784  1721
  9  53  11.617781   1.657939   0.275329  1721
  9  54  12.513247   1.097591  -0.019204  1721
  9  55  11.766659   2.736456   0.281336  1721
  9  56  11.380348   1.383360   1.305251  1721
  9  57  10.621777   1.290401  -2.059319  1721
  9  58   9.717290   0.980814  -2.583398  1721
  9  59  11.484466   0.717392  -2.398186  1721
  9  60  10.732368   2.320312  -2.399106  1721
  9  61   9.117586   3.283631  -0.226113  1721
  9  62   9.016909   3.684590   0.780460  1721
  9  63   8.235547   3.597497  -0.791443  1721
  9  64  10.006716   3.746355  -0.663758  1721
  9  65   7.505342  -1.814326   2.114958  1721
  9  66   3.055834  -1.353368   4.226499  1721
  9  67   0.580086   3.876735   3.282200  1721
  9  68   0.798995   3.794049   2.214612  1721
  9  69  -0.388373   4.382582   3.285356  1721
  9  70   1.356216   4.488717   3.751669  1721
  9  71  -0.467563   2.019488   4.605212  1721
  9  72  -1.756499   2.137735   3.783041  1721
  9  73  -1.608243   1.797333   2.760082  1721
  9  74  -2.520373   1.574322   4.328260  1721
  9  75  -2.020648   3.194787   3.712576  1721
  9  76  -0.492008   2.779626   5.940088  1721
  9  77   0.405316   2.518347   6.506164  1721
  9  78  -1.386579   2.586196   6.539443  1721
  9  79  -0.525885   3.858695   5.765261  1721
  9  80   0.000000   0.000000   0.000000  1721
  9  81  -0.279095  -0.485648  -0.927173  1721
  9  82  -0.705065   1.351550  -0.000000  1721
  9  83  -1.918805   1.268633   0.154141  1721
  9  84  -0.479619  -0.984470   1.077862  1721
  9  85  -1.539729  -1.237624   1.103869  1721
  9  86  -0.272965  -0.510644   2.043928  1721
  9  87   0.477133  -2.516143   0.843959  1721
  9  88  -0.653288  -3.878520   1.283822  1721
  9  89  -1.043659  -3.862198   2.767819  1721
  9  90  -0.401737  -3.207250   3.360339  1721
  9  91  -0.800856  -5.268665   3.242577  1721
  9  92  -1.017286  -5.712081   4.350296  1721
  9  93  -0.074857  -5.913201   2.303375  1721
  9  94   0.131518  -5.158949   1.204553  1721
  9  95   0.885338  -5.408744   0.285446  1721
  9  96   0.421490  -7.277298   2.371047  1721
  9  97  -0.368344  -7.879337   2.820173  1721
  9  98   0.529807  -7.611677   1.339808  1721
  9  99   1.736731  -7.402690   3.157764  1721
  9 100   2.489931  -6.772261   2.664459  1721
  9 101   1.553079  -7.002176   4.153636  1721
  9 102   2.237554  -8.858788   3.185241  1721
  9 103   2.666419  -9.138926   2.217305  1721
  9 104   1.406266  -9.481341   3.517485  1721
  9 105   3.467683  -8.987737   4.090035  1721
  9 106   3.396895  -8.496160   5.066682  1721
  9 107   3.456458 -10.010870   4.462690  1721
  9 108   4.822450  -8.570882   3.510693  1721
  9 109   4.818456  -9.059741   2.534423  1721
  9 110   5.730174  -8.974565   3.983429  1721
  9 111   4.951566  -7.130656   3.355837  1721
  9 112   5.093282  -6.780154   2.420120  1721
  9 113   1.452203   0.000000  -0.000000  1721
  9 114   1.899937  -0.377509   0.814386  1721
  9 115  -1.536494  -3.878683   0.628580  1721
  9 116  -2.090136  -3.605258   2.881694  1721
 10  -1  -8.225060   0.237523  -3.144107  1888
 10   0  -7.548719  -0.396878  -2.147964  1888
 10   1  -7.363874  -1.780003  -2.088006  1888
 10   2  -7.860334  -2.634269  -3.178581  1888
 10   3  -8.399835  -1.983987  -4.226902  1888
 10   4  -8.755385  -2.703555  -4.952922  1888
 10   5  -7.575756  -4.106896  -3.292527  1888
 10   6  -6.022229  -4.358898  -4.101631  1888
 10   7  -6.184107  -3.919872  -5.460069  1888
 10   8  -5.798829  -5.778591  -4.080097  1888
 10   9  -4.906329  -3.643724  -3.542797  1888
 10  10  -7.517061  -4.664338  -2.359569  1888
 10  11  -8.351278  -4.514895  -3.955704  1888
 10  12  -6.708364  -2.369059  -1.002363  1888
 10  13  -6.282461  -1.572502   0.061923  1888
 10  14  -6.432543  -0.177827   0.054483  1888
 10  15  -7.113160   0.357037  -1.046417  1888
 10  16  -7.316144   1.398517  -0.859294  1888
 10  17  -5.969879   0.711136   0.992239  1888
 10  18  -5.246430   0.168082   2.018989  1888
 10  19  -5.038825  -1.219104   2.095241  1888
 10  20  -5.548252  -2.099647   1.138982  1888
 10  21  -5.191047  -3.496555   1.200227  1888
 10  22  -3.978586  -3.797045   0.560894  1888
 10  23  -3.465778  -5.099106   0.612534  1888
 10  24  -4.221714  -6.108466   1.220610  1888
 10  25  -5.398170  -5.796727   1.898378  1888
 10  26  -5.883112  -4.487619   1.920045  1888
 10  27  -7.082468  -4.270916   2.704318  1888
 10  28  -7.691215  -5.071924   3.391931  1888
 10  29  -7.549477  -3.059101   2.701238  1888
 10  30  -8.147052  -3.139902   3.466795  1888
 10  31  -5.932152  -6.535594   2.484756  1888
 10  32  -3.754150  -7.484533   1.255638  1888
 10  33  -4.463392  -8.403888   1.624511  1888
 10  34  -2.510998  -5.269666   0.132323  1888
 10  35  -3.480056  -3.004571   0.012850  1888
 10  36  -4.205159  -1.682464   3.122907  1888
 10  37  -3.674833  -0.823322   4.081464  1888
 10  38  -3.937961   0.550441   3.993504  1888
 10  39  -4.743968   1.055758   2.974482  1888
 10  40  -5.031376   2.093368   2.848942  1888
 10  41  -3.513231   1.458032   4.927520  1888
 10  42  -2.625974   1.037971   6.001589  1888
 10  43  -2.457752  -0.453328   6.119188  1888
 10  44  -2.894483  -1.340947   5.219189  1888
 10  45  -2.632113  -2.795867   5.472112  1888
 10  46  -3.961619  -3.487699   6.420469  1888
 10  47  -3.266864  -4.692230   6.770073  1888
 10  48  -5.126144  -3.702364   5.612384  1888
 10  49  -4.255440  -2.618516   7.526267  1888
 10  50  -1.718027  -2.947543   6.060023  1888
 10  51  -2.546933  -3.438071   4.591590  1888
 10  52  -1.831760  -0.821360   6.920615  1888
 10  53  -3.279691   1.439858   7.334121  1888
 10  54  -2.982559   2.461162   7.615458  1888
 10  55  -4.349586   1.358016   7.163455  1888
 10  56  -3.021391   0.786880   8.173108  1888
 10  57  -1.187975   1.579676   5.932203  1888
 10  58  -0.613989   1.074281   6.710673  1888
 10  59  -1.125968   2.655020   6.113563  1888
 10  60  -0.723310   1.272936   4.985684  1888
 10  61  -3.819398   2.874896   4.849048  1888
 10  62  -3.495435   3.465948   5.709924  1888
 10  63  -4.895362   3.035970   4.906976  1888
 10  64  -3.368803   3.257444   3.922107  1888
 10  65  -4.044040  -2.756296   3.145785  1888
 10  66  -6.563591  -3.439662  -0.931295  1888
 10  67  -8.534743   1.655958  -3.045419  1888
 10  68  -7.606931   2.192304  -2.833058  1888
 10  69  -8.953542   2.132491  -3.937397  1888
 10  70  -9.254122   1.797092  -2.238527  1888
 10  71  -8.703656  -0.508869  -4.306406  1888
 10  72  -7.925582  -0.034960  -5.533033  1888
 10  73  -8.195951  -0.618292  -6.417747  1888
 10  74  -8.049042   1.031212  -5.708629  1888
 10  75  -6.879414  -0.188834  -5.252936  1888
 10  76 -10.201454  -0.231467  -4.550844  1888
 10  77 -10.676465  -0.239566  -3.570132  1888
 10  78 -10.720056  -1.008502  -5.112511  1888
 10  79 -10.439270   0.683410  -5.095403  1888
 10  80   0.000000   0.000000   0.000000  1888
 10  81  -0.181811  -0.476604  -0.957285  1888
 10  82  -0.631025   1.388419   0.000000  1888
 10  83  -1.796309   1.590719   0.340279  1888
 10  84  -0.542879  -0.839856   1.162851  1888
 10  85  -1.612015  -1.085281   1.159039  1888
 10  86  -0.419006  -0.229762   2.062485  1888
 10  87   0.082835  -2.555951   1.162263  1888
 10  88   0.846287  -3.115251   2.718292  1888
 10  89   2.369742  -3.100026   2.582452  1888
 10  90   2.735570  -2.907903   1.566893  1888
 10  91   2.685840  -4.534920   2.924885  1888
 10  92   3.811535  -4.908842   3.174080  1888
 10  93   1.575597  -5.276549   3.112622  1888
 10  94   0.457905  -4.539302   3.040997  1888
 10  95  -0.639925  -4.912503   3.413680  1888
 10  96   1.670158  -6.664698   3.555234  1888
 10  97   2.633698  -7.002623   3.917169  1888
 10  98   0.988990  -6.817847   4.407264  1888
 10  99   1.327781  -7.728748   2.504009  1888
 10 100   1.987912  -7.724454   1.631996  1888
 10 101   1.460276  -8.677304   3.040001  1888
 10 102  -0.122771  -7.754702   2.007495  1888
 10 103  -0.308237  -6.796226   1.523424  1888
 10 104  -0.840701  -7.877887   2.820146  1888
 10 105  -0.419077  -8.955546   1.091047  1888
 10 106   0.104697  -8.768272   0.160514  1888
 10 107   0.070281  -9.852541   1.472795  1888
 10 108  -1.934462  -9.097252   0.889487  1888
 10 109  -2.397333  -9.642393   1.719411  1888
 10 110  -2.197382  -9.646805  -0.009492  1888
 10 111  -2.598317  -7.821418   0.661790  1888
 10 112  -2.057782  -7.106656   0.183004  1888
 10 113   1.449863   0.000000   0.000000  1888
 10 114   1.919148  -0.063216   0.887622  1888
 10 115   0.475355  -2.544364   3.575144  1888
 10 116   2.752400  -2.367779   3.310592  1888
 11  -1  -0.853880   1.026889  -8.510056   698
 11   0  -1.222828   0.321805  -7.404013   698
 11   1  -0.712447  -0.949312  -7.127115   698
 11   2   0.078117  -1.646679  -8.146718   698
 11   3   0.287343  -0.997260  -9.301654   698
 11   4   0.877894  -1.412329 -10.116067   698
 11   5   0.629614  -3.024246  -7.927944   698
 11   6  -0.535259  -4.274021  -8.424464   698
 11   7  -0.988295  -3.862714  -9.721917   698
 11   8  -1.652829  -4.276625  -7.537936   698
 11   9   0.149763  -5.533270  -8.334809   698
 11  10   1.442660  -3.175977  -8.654325   698
 11  11   1.011899  -3.346989  -6.956297   698
 11  12  -0.976061  -1.634136  -5.942368   698
 11  13  -1.823212  -1.058977  -4.983291   698
 11  14  -2.339711   0.219623  -5.185311   698
 11  15  -2.041789   0.848243  -6.397695   698
 11  16  -2.444564   1.848251  -6.525191   698
 11  17  -3.081046   0.876177  -4.235065   698
 11  18  -3.415410   0.221520  -3.076480   698
 11  19  -2.983825  -1.080502  -2.805605   698
 11  20  -2.170983  -1.687842  -3.781634   698
 11  21  -1.769376  -3.029769  -3.445118   698
 11  22  -0.516907  -3.197968  -2.829137   698
 11  23  -0.071365  -4.489286  -2.530148   698
 11  24  -0.906481  -5.592875  -2.744550   698
 11  25  -2.120239  -5.366460  -3.401912   698
 11  26  -2.602498  -4.119430  -3.790296   698
 11  27  -3.885976  -4.059567  -4.474111   698
 11  28  -4.582754  -4.991431  -4.822574   698
 11  29  -4.315773  -2.934068  -4.991630   698
 11  30  -5.190769  -3.201995  -5.319502   698
 11  31  -2.705976  -6.253733  -3.605529   698
 11  32  -0.407239  -6.923607  -2.414531   698
 11  33  -1.037805  -7.920798  -2.696298   698
 11  34   0.889094  -4.484987  -2.034064   698
 11  35   0.124591  -2.331619  -2.716367   698
 11  36  -3.381582  -1.718736  -1.632471   698
 11  37  -4.119410  -1.036272  -0.661828   698
 11  38  -4.500803   0.288809  -0.877479   698
 11  39  -4.159907   0.874970  -2.102146   698
 11  40  -4.457967   1.883377  -2.380849   698
 11  41  -5.249356   0.968232   0.049854   698
 11  42  -5.477904   0.454157   1.394026   698
 11  43  -4.938371  -0.949385   1.603733   698
 11  44  -4.340876  -1.670726   0.642866   698
 11  45  -3.907984  -3.062836   0.993630   698
 11  46  -5.133843  -4.284086   0.584096   698
 11  47  -5.615138  -4.122970  -0.753441   698
 11  48  -6.118370  -4.170320   1.623452   698
 11  49  -4.372846  -5.492723   0.748354   698
 11  50  -3.693396  -3.320988   2.034594   698
 11  51  -3.072385  -3.400642   0.362472   698
 11  52  -4.996128  -1.294350   2.635121   698
 11  53  -6.964696   0.432133   1.731464   698
 11  54  -7.329588   1.465598   1.800044   698
 11  55  -7.599800  -0.012307   0.964056   698
 11  56  -7.132188  -0.047511   2.697894   698
 11  57  -4.748331   1.348611   2.401978   698
 11  58  -4.593354   0.885891   3.379716   698
 11  59  -5.364871   2.251163   2.449719   698
 11  60  -3.741253   1.609061   2.069620   698
 11  61  -5.918014   2.220304  -0.283482   698
 11  62  -6.597672   1.978544  -1.109505   698
 11  63  -5.168775   2.941461  -0.602812   698
 11  64  -6.486701   2.698028   0.521115   698
 11  65  -3.091635  -2.763582  -1.492358   698
 11  66  -0.612476  -2.635910  -5.791191   698
 11  67  -1.336688   2.384995  -8.730619   698
 11  68  -1.114191   2.852719  -9.691363   698
 11  69  -2.424554   2.344071  -8.633807   698
 11  70  -0.999713   3.097800  -7.963639   698
 11  71  -0.114401   0.423927  -9.611377   698
 11  72   1.214044   1.158614  -9.807261   698
 11  73   1.807206   1.036858  -8.906575   698
 11  74   1.784106   0.712947 -10.628304   698
 11  75   1.089525   2.224268 -10.026752   698
 11  76  -0.863915   0.388436 -10.947178   698
 11  77  -1.119895   1.383462 -11.309251   698
 11  78  -1.827469  -0.113930 -10.839508   698
 11  79  -0.241323  -0.115017 -11.694050   698
 11  80   0.000000   0.000000   0.000000   698
 11  81  -0.420514  -0.586590  -0.819810   698
 11  82  -0.636755   1.390518   0.000000   698
 11  83  -1.864679   1.446550   0.036948   698
 11  84  -0.461564  -0.678385   1.284114   698
 11  85  -1.511064  -0.949056   1.161284   698
 11  86  -0.291393  -0.018449   2.146915   698
 11  87   0.366540  -2.275775   1.602216   698
 11  88  -0.608910  -3.209906   2.819135   698
 11  89   0.173814  -3.332811   4.134748   698
 11  90   1.195949  -2.988659   3.972884   698
 11  91  -0.034038  -4.775617   4.527694   698
 11  92   0.520485  -5.333761   5.450128   698
 11  93  -0.312362  -5.377710   3.355125   698
 11  94  -0.847975  -4.628747   2.368427   698
 11  95  -1.141083  -4.942756   1.239317   698
 11  96  -0.130157  -6.808455   3.165737   698
 11  97  -0.139715  -7.291863   4.144117   698
 11  98  -0.950902  -7.197671   2.551257   698
 11  99   1.284785  -7.123611   2.675817   698
 11 100   2.054170  -6.569855   3.217577   698
 11 101   1.409373  -8.184703   2.904206   698
 11 102   1.475792  -7.002916   1.151532   698
 11 103   2.523985  -6.966495   0.866289   698
 11 104   1.036782  -6.074443   0.802522   698
 11 105   0.806862  -8.242268   0.522221   698
 11 106   1.155870  -9.177436   0.954024   698
 11 107  -0.261409  -8.164330   0.748988   698
 11 108   1.151471  -8.235196  -0.967479   698
 11 109   0.633391  -9.092781  -1.411596   698
 11 110   2.230743  -8.409424  -1.010107   698
 11 111   0.690458  -7.025754  -1.640174   698
 11 112   0.949051  -6.140503  -1.230712   698
 11 113   1.454407   0.000000  -0.000000   698
 11 114   2.028111  -0.231492   0.788526   698
 11 115  -1.599554  -2.825086   3.079010   698
 11 116  -0.210674  -2.681777   4.927737   698
 12  -1  -6.629768   4.466707  -5.494153  1644
 12   0  -6.503212   3.665540  -4.394692  1644
 12   1  -7.038262   2.374263  -4.322398  1644
 12   2  -7.724496   1.867018  -5.518385  1644
 12   3  -7.900594   2.657967  -6.588848  1644
 12   4  -8.445580   2.278792  -7.453555  1644
 12   5  -8.257959   0.460424  -5.646088  1644
 12   6  -7.075308  -0.677265  -6.312727  1644
 12   7  -6.779008  -0.164017  -7.618821  1644
 12   8  -7.808398  -1.913669  -6.345644  1644
 12   9  -5.984298  -0.904363  -5.408115  1644
 12  10  -8.578756   0.062520  -4.675696  1644
 12  11  -9.085307   0.366436  -6.340971  1644
 12  12  -6.796751   1.583785  -3.195182  1644
 12  13  -6.047586   2.085617  -2.128077  1644
 12  14  -5.502184   3.361916  -2.208656  1644
 12  15  -5.668209   4.120375  -3.376807  1644
 12  16  -5.227347   5.113945  -3.463192  1644
 12  17  -4.885714   3.960622  -1.144457  1644
 12  18  -4.608457   3.188079  -0.053306  1644
 12  19  -5.119150   1.896425   0.098403  1644
 12  20  -5.845543   1.325885  -0.960906  1644
 12  21  -6.405985   0.001691  -0.860834  1644
 12  22  -5.625487  -1.093566  -1.261626  1644
 12  23  -6.203869  -2.369254  -1.271669  1644
 12  24  -7.491817  -2.580719  -0.784456  1644
 12  25  -8.229326  -1.477036  -0.345180  1644
 12  26  -7.733887  -0.182130  -0.449380  1644
 12  27  -8.638174   0.917087  -0.113857  1644
 12  28  -9.805573   0.785350   0.210841  1644
 12  29  -8.242927   2.163061  -0.061638  1644
 12  30  -9.048333   2.577051   0.308270  1644
 12  31  -9.259614  -1.586835  -0.009545  1644
 12  32  -8.015893  -3.930204  -0.641511  1644
 12  33  -9.106560  -4.143703  -0.145562  1644
 12  34  -5.592844  -3.203338  -1.607894  1644
 12  35  -4.596302  -1.085720  -1.607486  1644
 12  36  -4.931047   1.190753   1.295293  1644
 12  37  -4.204788   1.770899   2.337060  1644
 12  38  -3.633929   3.038588   2.183153  1644
 12  39  -3.852807   3.733240   0.991871  1644
 12  40  -3.508273   4.761660   0.891126  1644
 12  41  -2.882070   3.600512   3.169130  1644
 12  42  -2.515316   2.847272   4.361365  1644
 12  43  -3.003236   1.413450   4.412224  1644
 12  44  -3.920011   0.969630   3.537839  1644
 12  45  -4.486734  -0.412301   3.686151  1644
 12  46  -6.125077  -0.403944   4.376336  1644
 12  47  -6.365622  -1.794549   4.585742  1644
 12  48  -6.958502   0.255356   3.398566  1644
 12  49  -6.095549   0.359497   5.592390  1644
 12  50  -3.816437  -1.014595   4.308759  1644
 12  51  -4.469067  -0.887174   2.707592  1644
 12  52  -2.779458   0.799147   5.271210  1644
 12  53  -3.092464   3.554503   5.597013  1644
 12  54  -2.637940   4.518061   5.847544  1644
 12  55  -4.125996   3.886016   5.444660  1644
 12  56  -2.921886   2.973871   6.497663  1644
 12  57  -0.989448   2.770319   4.523849  1644
 12  58  -0.800861   2.388644   5.521928  1644
 12  59  -0.583158   3.769637   4.383874  1644
 12  60  -0.493105   2.153766   3.771778  1644
 12  61  -2.408020   4.973403   2.993792  1644
 12  62  -2.147121   5.542315   3.884842  1644
 12  63  -3.229987   5.619158   2.658427  1644
 12  64  -1.526295   5.042907   2.352206  1644
 12  65  -5.356312   0.206648   1.432347  1644
 12  66  -7.231124   0.596810  -3.185050  1644
 12  67  -6.026609   5.781812  -5.645148  1644
 12  68  -4.943119   5.752589  -5.783698  1644
 12  69  -6.527782   6.399228  -6.397629  1644
 12  70  -6.234037   6.372072  -4.750124  1644
 12  71  -7.467532   4.098666  -6.624106  1644
 12  72  -6.876035   4.244172  -8.031323  1644
 12  73  -7.392040   3.680020  -8.815141  1644
 12  74  -6.822558   5.268985  -8.416803  1644
 12  75  -5.896672   3.798041  -7.884311  1644
 12  76  -8.777493   4.907306  -6.535760  1644
 12  77  -9.298674   5.033992  -7.488452  1644
 12  78  -8.567450   5.878166  -6.096875  1644
 12  79  -9.379614   4.355245  -5.807216  1644
 12  80   0.000000   0.000000   0.000000  1644
 12  81  -0.333557  -0.486408  -0.913701  1644
 12  82  -0.622895   1.385818  -0.000000  1644
 12  83  -0.139460   2.352848   0.594264  1644
 12  84  -0.449624  -0.680227   1.295657  1644
 12  85  -0.429962   0.023000   2.125347  1644
 12  86   0.309206  -1.416347   1.570623  1644
 12  87  -2.134268  -1.390173   1.319133  1644
 12  88  -2.214520  -2.956886   2.240363  1644
 12  89  -1.122607  -3.949118   1.825137  1644
 12  90  -0.828446  -3.713203   0.800436  1644
 12  91  -1.849899  -5.272972   1.812688  1644
 12  92  -1.421802  -6.298095   1.327660  1644
 12  93  -3.164552  -5.031735   1.955160  1644
 12  94  -3.504603  -3.744352   2.172668  1644
 12  95  -4.619075  -3.280656   2.138958  1644
 12  96  -4.205876  -6.055706   1.949805  1644
 12  97  -3.776401  -6.988421   2.313518  1644
 12  98  -5.098987  -5.749182   2.500985  1644
 12  99  -4.663091  -6.337046   0.510883  1644
 12 100  -4.957668  -5.444211  -0.046763  1644
 12 101  -3.914747  -6.842714  -0.102623  1644
 12 102  -5.912531  -7.236927   0.552328  1644
 12 103  -6.679229  -6.796012   1.187523  1644
 12 104  -5.588973  -8.172660   1.006437  1644
 12 105  -6.584759  -7.371955  -0.816166  1644
 12 106  -5.871056  -7.435988  -1.643591  1644
 12 107  -6.983181  -8.392128  -0.870108  1644
 12 108  -7.724280  -6.392031  -1.114230  1644
 12 109  -8.539692  -6.596979  -0.410527  1644
 12 110  -8.042040  -6.489035  -2.156833  1644
 12 111  -7.312955  -4.991410  -1.080054  1644
 12 112  -6.466146  -4.708494  -1.547466  1644
 12 113   1.449208  -0.000000   0.000000  1644
 12 114   1.874681   0.296015   0.865708  1644
 12 115  -2.216452  -2.734426   3.308588  1644
 12 116  -0.273661  -4.020986   2.508822  1644
