  1  -1   2.681798   1.668032 -12.710516  3421
  1   0   1.782539   1.629183 -11.630734  3421
  1   1   1.811361   0.559961 -10.733163  3421
  1   2   2.765153  -0.447284 -10.917391  3421
  1   3   3.610708  -0.429021 -12.025319  3421
  1   4   4.303865  -1.237627 -12.262577  3421
  1   5   2.585386  -1.352732  -9.908605  3421
  1   6   3.436126  -2.514822  -9.711908  3421
  1   7   2.970221  -3.331397  -9.149473  3421
  1   8   4.426824  -2.155525  -9.424119  3421
  1   9   3.586657  -2.999745 -10.674764  3421
  1  10   1.566489  -0.931722  -9.047037  3421
  1  11   0.983223   0.387834  -9.481979  3421
  1  12  -0.513191   0.380159  -9.804600  3421
  1  13  -0.695033  -0.546319 -10.350375  3421
  1  14  -1.166743   0.265623  -8.939298  3421
  1  15  -0.866923   1.087322 -10.567093  3421
  1  16   1.279316   1.520485  -8.487830  3421
  1  17   0.806356   2.476471  -8.710997  3421
  1  18   1.060773   1.249076  -7.446016  3421
  1  19   2.352536   1.718436  -8.402912  3421
  1  20   1.229968  -1.635440  -7.822768  3421
  1  21   0.406598  -1.349637  -6.812580  3421
  1  22   0.233673  -2.159855  -5.616486  3421
  1  23  -0.662682  -1.986475  -4.644175  3421
  1  24  -0.830631  -2.823635  -3.594195  3421
  1  25  -1.836674  -2.402689  -2.767765  3421
  1  26  -2.275416  -2.914505  -1.538558  3421
  1  27  -3.332879  -2.311628  -0.867876  3421
  1  28  -3.913651  -1.171963  -1.449562  3421
  1  29  -3.513895  -0.651656  -2.681662  3421
  1  30  -2.441290  -1.268636  -3.321167  3421
  1  31  -1.783802  -0.965898  -4.654944  3421
  1  32  -2.821982  -1.162183  -5.760091  3421
  1  33  -3.281044  -2.150982  -5.795310  3421
  1  34  -2.405011  -0.951103  -6.749119  3421
  1  35  -3.666917  -0.499998  -5.566708  3421
  1  36  -1.307943   0.499549  -4.691292  3421
  1  37  -1.318519   0.960818  -5.683523  3421
  1  38  -1.915258   1.136377  -4.040970  3421
  1  39  -0.263334   0.497027  -4.394497  3421
  1  40  -3.970471   0.193371  -3.174679  3421
  1  41  -4.756513  -0.758385  -0.907768  3421
  1  42  -3.615904  -2.717009   0.096521  3421
  1  43  -1.876892  -3.778350  -1.009827  3421
  1  44  -0.044167  -4.008658  -3.290061  3421
  1  45   1.141228  -3.672757  -2.376056  3421
  1  46   1.618751  -4.987472  -1.746450  3421
  1  47   2.931040  -4.821761  -0.967843  3421
  1  48   3.262172  -6.087758  -0.158521  3421
  1  49   2.573163  -6.060505   1.185885  3421
  1  50   2.354827  -5.021814   1.784260  3421
  1  51   3.109566  -7.020607  -0.702123  3421
  1  52   4.348873  -6.143227  -0.031210  3421
  1  53   2.888743  -3.948918  -0.324683  3421
  1  54   3.764155  -4.569731  -1.636796  3421
  1  55   0.777338  -5.348914  -1.148630  3421
  1  56   1.753314  -5.611738  -2.626667  3421
  1  57   0.932019  -2.988178  -1.557409  3421
  1  58   1.957134  -3.293172  -2.991778  3421
  1  59  -0.629920  -4.795432  -2.822752  3421
  1  60   0.432313  -4.393175  -4.202156  3421
  1  61   1.081095  -2.792622  -5.342292  3421
  1  62  -0.122135  -0.403251  -6.865462  3421
  1  63   1.845992  -2.511235  -7.632784  3421
  1  64   1.059107   2.431113 -11.558216  3421
  1  65   2.555935   2.510371 -13.381351  3421
  1  66   3.613610   0.649431 -12.908456  3421
  1  67   4.192519   0.686930 -13.823693  3421
  1  68   0.000000   0.000000   0.000000  3421
  1  69  -0.335692  -0.526338  -0.893072  3421
  1  70  -0.747899   1.324367  -0.000000  3421
  1  71  -1.951330   1.285975  -0.212534  3421
  1  72  -0.539720  -0.919649   1.116179  3421
  1  73  -1.627040  -0.964730   1.116889  3421
  1  74  -0.344399  -0.530723   2.114669  3421
  1  75   0.196980  -2.577289   1.118388  3421
  1  76  -0.836429  -3.608407   2.199292  3421
  1  77  -0.377989  -3.549309   3.661769  3421
  1  78   0.544285  -2.988237   3.804631  3421
  1  79  -0.179970  -4.995888   4.075530  3421
  1  80   0.046038  -5.365098   5.200477  3421
  1  81  -0.357255  -5.759338   2.979027  3421
  1  82  -0.679470  -5.074777   1.863839  3421
  1  83  -0.936164  -5.458267   0.740432  3421
  1  84  -0.145760  -7.198459   2.956596  3421
  1  85  -0.555058  -7.631053   3.883386  3421
  1  86  -0.749759  -7.567714   2.130137  3421
  1  87   1.332200  -7.555037   2.735270  3421
  1  88   1.910697  -7.156010   3.577955  3421
  1  89   1.321420  -8.641487   2.733320  3421
  1  90   1.934953  -7.204533   1.449681  3421
  1  91   2.026185  -7.921004   0.744453  3421
  1  92   1.446858   0.000000   0.000000  3421
  1  93   1.910276  -0.267984   0.850195  3421
  1  94  -1.859683  -3.283036   2.009322  3421
  1  95  -1.110126  -3.142065   4.352225  3421
  2  -1   5.259347  -0.172657 -12.002082  1158
  2   0   4.214742   0.045681 -11.102233  1158
  2   1   3.909617  -0.970496 -10.183710  1158
  2   2   4.648819  -2.151942 -10.094442  1158
  2   3   5.648555  -2.374091 -11.044009  1158
  2   4   6.196953  -3.314596 -11.054449  1158
  2   5   4.144328  -2.891805  -9.061441  1158
  2   6   4.466711  -4.271446  -8.749736  1158
  2   7   4.930611  -4.284518  -7.763516  1158
  2   8   5.195837  -4.646830  -9.477513  1158
  2   9   3.590271  -4.917439  -8.737835  1158
  2  10   3.122226  -2.201153  -8.427321  1158
  2  11   2.868324  -0.871289  -9.086638  1158
  2  12   1.472064  -0.643078  -9.684369  1158
  2  13   1.195796  -1.499542 -10.306581  1158
  2  14   0.704558  -0.582562  -8.909857  1158
  2  15   1.527013   0.252395 -10.303488  1158
  2  16   3.147905   0.237980  -8.076514  1158
  2  17   4.168486   0.160945  -7.680308  1158
  2  18   2.990095   1.264503  -8.411099  1158
  2  19   2.578244   0.079778  -7.158060  1158
  2  20   2.392687  -2.757243  -7.303873  1158
  2  21   1.463089  -2.130257  -6.573370  1158
  2  22   1.008577  -2.612959  -5.277369  1158
  2  23   0.035625  -2.153186  -4.480830  1158
  2  24  -0.242854  -2.709246  -3.277731  1158
  2  25  -1.366295  -2.238423  -2.645904  1158
  2  26  -1.932090  -2.578164  -1.415314  1158
  2  27  -3.080935  -1.857261  -1.045240  1158
  2  28  -3.638859  -0.873254  -1.862216  1158
  2  29  -2.983734  -0.516456  -3.050033  1158
  2  30  -1.843174  -1.202153  -3.463603  1158
  2  31  -1.015883  -1.103710  -4.718592  1158
  2  32  -1.918141  -1.389802  -5.927841  1158
  2  33  -2.498155  -2.291597  -5.701238  1158
  2  34  -1.372230  -1.526114  -6.868638  1158
  2  35  -2.582929  -0.545107  -6.110725  1158
  2  36  -0.330938   0.255980  -4.898036  1158
  2  37  -0.964663   1.041532  -4.490973  1158
  2  38   0.647532   0.297089  -4.416576  1158
  2  39  -0.202263   0.476109  -5.958265  1158
  2  40  -3.399866   0.269552  -3.668034  1158
  2  41  -4.498042  -0.266436  -1.612060  1158
  2  42  -3.574384  -2.047210  -0.102622  1158
  2  43  -1.555033  -3.370394  -0.785710  1158
  2  44   0.508637  -3.803059  -2.669262  1158
  2  45   1.610677  -3.324964  -1.701307  1158
  2  46   2.052211  -4.539734  -0.874215  1158
  2  47   3.012595  -4.119056   0.258168  1158
  2  48   3.359140  -5.290260   1.193790  1158
  2  49   2.481870  -5.438032   2.409175  1158
  2  50   2.265382  -4.540356   3.195374  1158
  2  51   3.465591  -6.222777   0.630253  1158
  2  52   4.311518  -4.989475   1.614514  1158
  2  53   2.516387  -3.364283   0.853227  1158
  2  54   3.925211  -3.647022  -0.112937  1158
  2  55   1.148710  -4.901718  -0.378986  1158
  2  56   2.364931  -5.330574  -1.546288  1158
  2  57   1.146362  -2.518633  -1.134964  1158
  2  58   2.500511  -2.823590  -2.090307  1158
  2  59  -0.142065  -4.400032  -2.026140  1158
  2  60   0.880036  -4.536297  -3.388652  1158
  2  61   1.625177  -3.448143  -4.967254  1158
  2  62   1.002502  -1.246283  -7.030042  1158
  2  63   2.794732  -3.698904  -6.928724  1158
  2  64   3.640525   0.961207 -11.088702  1158
  2  65   5.514493   0.577184 -12.740419  1158
  2  66   5.979224  -1.376496 -11.964046  1158
  2  67   6.723949  -1.489725 -12.740099  1158
  2  68   0.000000   0.000000   0.000000  1158
  2  69  -0.346405  -0.499079  -0.908142  1158
  2  70  -0.589818   1.406418   0.000000  1158
  2  71  -1.750122   1.634326  -0.311853  1158
  2  72  -0.491238  -0.811524   1.211574  1158
  2  73  -1.582096  -0.714403   1.166876  1158
  2  74  -0.323629  -0.264421   2.146658  1158
  2  75   0.027337  -2.550860   1.387900  1158
  2  76  -1.182672  -3.452076   2.406276  1158
  2  77  -0.855458  -3.269133   3.899046  1158
  2  78  -0.098858  -2.512277   4.137643  1158
  2  79  -0.684670  -4.657031   4.462846  1158
  2  80  -0.013810  -4.822498   5.461028  1158
  2  81  -0.763779  -5.511014   3.437247  1158
  2  82  -1.232650  -4.954597   2.303201  1158
  2  83  -1.334681  -5.547578   1.254120  1158
  2  84  -0.377746  -6.913235   3.580613  1158
  2  85  -0.895219  -7.277150   4.469763  1158
  2  86  -0.811135  -7.462090   2.740710  1158
  2  87   1.133381  -7.162955   3.605680  1158
  2  88   1.656513  -6.785150   4.492361  1158
  2  89   1.306102  -8.236766   3.715227  1158
  2  90   1.832409  -6.619304   2.450387  1158
  2  91   2.120830  -7.284883   1.746385  1158
  2  92   1.448585   0.000000   0.000000  1158
  2  93   1.901441  -0.442612   0.787792  1158
  2  94  -2.161695  -3.140890   2.016949  1158
  2  95  -1.796376  -2.883665   4.298280  1158
  3  -1   1.189908   3.306756 -12.103987  2025
  3   0   0.330952   2.888260 -11.094011  2025
  3   1   0.775228   1.859740 -10.262524  2025
  3   2   1.977044   1.182689 -10.519893  2025
  3   3   2.793577   1.597315 -11.570922  2025
  3   4   3.775784   1.183079 -11.752790  2025
  3   5   2.182441   0.243377  -9.554698  2025
  3   6   3.347240  -0.643729  -9.646819  2025
  3   7   4.246680  -0.144882  -9.994902  2025
  3   8   3.110996  -1.483713 -10.302730  2025
  3   9   3.587921  -0.995350  -8.641963  2025
  3  10   1.123772   0.270756  -8.660510  2025
  3  11   0.098101   1.310243  -9.021295  2025
  3  12  -1.217539   0.575490  -9.287806  2025
  3  13  -1.805799   0.296668  -8.412412  2025
  3  14  -1.825829   1.295371  -9.845171  2025
  3  15  -1.088394  -0.293395  -9.931279  2025
  3  16   0.092900   2.389466  -7.936235  2025
  3  17  -0.298277   3.331495  -8.317499  2025
  3  18  -0.431236   2.142544  -7.013191  2025
  3  19   1.137842   2.603410  -7.689206  2025
  3  20   0.990536  -0.567361  -7.481568  2025
  3  21   0.109396  -0.470753  -6.480186  2025
  3  22  -0.010113  -1.452349  -5.418829  2025
  3  23  -0.892985  -1.476510  -4.414014  2025
  3  24  -0.952326  -2.388471  -3.406786  2025
  3  25  -1.908609  -2.212555  -2.449716  2025
  3  26  -2.267900  -2.939474  -1.318039  2025
  3  27  -3.333085  -2.406773  -0.593876  2025
  3  28  -4.018252  -1.259266  -1.002497  2025
  3  29  -3.645444  -0.571476  -2.163944  2025
  3  30  -2.554746  -1.055738  -2.889809  2025
  3  31  -2.075322  -0.554290  -4.231561  2025
  3  32  -3.129621  -0.675851  -5.339973  2025
  3  33  -3.492170  -1.699912  -5.253614  2025
  3  34  -2.828491  -0.365903  -6.342993  2025
  3  35  -3.900401   0.024090  -5.021096  2025
  3  36  -1.697039   0.917135  -3.981735  2025
  3  37  -0.927718   0.923259  -3.203723  2025
  3  38  -1.338440   1.358305  -4.912798  2025
  3  39  -2.519809   1.526645  -3.607908  2025
  3  40  -4.172142   0.308666  -2.518683  2025
  3  41  -4.850865  -0.937577  -0.389172  2025
  3  42  -3.676640  -2.955137   0.273285  2025
  3  43  -1.811422  -3.872446  -0.992933  2025
  3  44  -0.065712  -3.543535  -3.249482  2025
  3  45   1.222686  -3.119635  -2.543054  2025
  3  46   2.135501  -4.316700  -2.248097  2025
  3  47   1.719436  -5.060056  -0.966062  2025
  3  48   2.822400  -6.090870  -0.668922  2025
  3  49   2.232271  -7.013732   0.356829  2025
  3  50   1.573792  -7.970953  -0.034363  2025
  3  51   3.006311  -6.683937  -1.572833  2025
  3  52   3.756013  -5.633479  -0.332232  2025
  3  53   0.755878  -5.537114  -1.135971  2025
  3  54   1.718258  -4.387270  -0.107483  2025
  3  55   2.107219  -4.912236  -3.171207  2025
  3  56   3.147932  -3.977335  -2.032884  2025
  3  57   0.956007  -2.517397  -1.678710  2025
  3  58   1.773995  -2.422757  -3.178520  2025
  3  59  -0.542570  -4.405190  -2.780165  2025
  3  60   0.156533  -3.890262  -4.264957  2025
  3  61   0.771756  -2.216803  -5.409350  2025
  3  62  -0.666235   0.285803  -6.385746  2025
  3  63   1.642984  -1.431410  -7.487287  2025
  3  64  -0.612437   3.386835 -10.867644  2025
  3  65   0.828885   4.105467 -12.763549  2025
  3  66   2.399350   2.670525 -12.377958  2025
  3  67   2.984558   3.114791 -13.173231  2025
  3  68   0.000000   0.000000   0.000000  2025
  3  69  -0.295861  -0.536407  -0.900629  2025
  3  70  -0.622293   1.395045   0.000000  2025
  3  71  -1.825218   1.638283  -0.002641  2025
  3  72  -0.559143  -0.862948   1.139112  2025
  3  73  -1.642559  -0.854635   1.059477  2025
  3  74  -0.275484  -0.368398   2.075785  2025
  3  75   0.158050  -2.530919   1.198321  2025
  3  76  -0.874416  -3.537408   2.321258  2025
  3  77  -0.442966  -3.444516   3.795919  2025
  3  78   0.350898  -2.689763   3.920133  2025
  3  79   0.107650  -4.806950   4.120264  2025
  3  80   0.293082  -5.243070   5.241341  2025
  3  81  -0.101211  -5.599450   3.051560  2025
  3  82  -0.654321  -4.988356   1.987027  2025
  3  83  -1.248608  -5.583692   1.105609  2025
  3  84   0.124082  -7.034960   3.058849  2025
  3  85  -0.186755  -7.431959   4.024079  2025
  3  86  -0.421334  -7.592081   2.293840  2025
  3  87   1.609351  -7.298913   2.766776  2025
  3  88   2.208767  -6.910744   3.586916  2025
  3  89   1.707648  -8.368864   2.578517  2025
  3  90   2.043647  -6.534522   1.593029  2025
  3  91   2.498184  -5.646769   1.767930  2025
  3  92   1.442567  -0.000000   0.000000  2025
  3  93   1.854402  -0.362941   0.838791  2025
  3  94  -1.930588  -3.271933   2.272044  2025
  3  95  -1.280569  -3.266985   4.462101  2025
  4  -1   3.140230   3.447562 -11.609664  3694
  4   0   2.251972   3.405937 -10.538559  3694
  4   1   2.189049   2.240369  -9.776922  3694
  4   2   3.019846   1.156624 -10.093742  3694
  4   3   3.896420   1.190515 -11.175026  3694
  4   4   4.565345   0.370072 -11.437346  3694
  4   5   2.776104   0.216916  -9.129151  3694
  4   6   3.438115  -1.073406  -9.163948  3694
  4   7   3.659177  -1.320722 -10.202442  3694
  4   8   2.870975  -1.817741  -8.595517  3694
  4   9   4.339510  -0.901549  -8.560996  3694
  4  10   1.800929   0.603654  -8.215056  3694
  4  11   1.316487   1.984924  -8.571151  3694
  4  12  -0.184480   2.125547  -8.890254  3694
  4  13  -0.704324   2.219581  -7.932590  3694
  4  14  -0.334528   3.074051  -9.419242  3694
  4  15  -0.598944   1.335806  -9.504035  3694
  4  16   1.709999   3.065075  -7.554721  3694
  4  17   2.770985   2.984387  -7.316398  3694
  4  18   1.547435   4.085447  -7.917643  3694
  4  19   1.224382   2.970721  -6.581596  3694
  4  20   1.276866  -0.269385  -7.175796  3694
  4  21   0.275691  -0.118876  -6.307755  3694
  4  22  -0.145066  -1.151409  -5.383772  3694
  4  23  -1.168852  -1.089038  -4.511206  3694
  4  24  -1.539823  -2.045444  -3.623643  3694
  4  25  -2.487479  -1.671433  -2.731475  3694
  4  26  -3.037194  -2.322284  -1.625312  3694
  4  27  -4.074396  -1.656708  -0.960013  3694
  4  28  -4.549087  -0.405916  -1.355853  3694
  4  29  -4.052615   0.175927  -2.525284  3694
  4  30  -2.964660  -0.428379  -3.157875  3694
  4  31  -2.103508   0.077442  -4.295226  3694
  4  32  -3.038093   0.284742  -5.501947  3694
  4  33  -2.448894   0.309793  -6.423420  3694
  4  34  -3.542450   1.243282  -5.395981  3694
  4  35  -3.684199  -0.585353  -5.611857  3694
  4  36  -1.373666   1.347146  -3.828662  3694
  4  37  -0.822221   0.976255  -2.971427  3694
  4  38  -0.692018   1.811377  -4.551464  3694
  4  39  -1.989417   2.139921  -3.419689  3694
  4  40  -4.429948   1.118337  -2.916416  3694
  4  41  -5.367922   0.064749  -0.832416  3694
  4  42  -4.673551  -2.068211  -0.146026  3694
  4  43  -2.628814  -3.291474  -1.357544  3694
  4  44  -0.928497  -3.364661  -3.568463  3694
  4  45   0.227150  -3.449446  -2.561294  3694
  4  46   1.004913  -4.776609  -2.602738  3694
  4  47   2.066244  -4.843674  -1.500749  3694
  4  48   2.603237  -6.277792  -1.380971  3694
  4  49   1.564862  -7.161146  -0.725866  3694
  4  50   1.122601  -8.176620  -1.234418  3694
  4  51   2.852512  -6.623215  -2.377286  3694
  4  52   3.559466  -6.189198  -0.866113  3694
  4  53   1.636981  -4.539577  -0.551296  3694
  4  54   2.897663  -4.144386  -1.670273  3694
  4  55   0.303766  -5.601602  -2.506892  3694
  4  56   1.602686  -4.905345  -3.515421  3694
  4  57  -0.204948  -3.320296  -1.564043  3694
  4  58   0.980779  -2.670359  -2.692330  3694
  4  59  -1.705982  -4.080326  -3.271570  3694
  4  60  -0.537680  -3.568517  -4.569617  3694
  4  61   0.435766  -2.070560  -5.489582  3694
  4  62  -0.267525   0.824281  -6.341980  3694
  4  63   1.867586  -1.170302  -7.120142  3694
  4  64   1.673905   4.319398 -10.353002  3694
  4  65   3.182963   4.352093 -12.208663  3694
  4  66   3.902710   2.326563 -11.976931  3694
  4  67   4.578067   2.435383 -12.825194  3694
  4  68   0.000000   0.000000   0.000000  3694
  4  69  -0.210896  -0.378603  -1.002787  3694
  4  70  -0.728253   1.332760   0.000000  3694
  4  71  -1.945442   1.419256  -0.132179  3694
  4  72  -0.639399  -0.908148   1.060819  3694
  4  73  -1.712071  -0.919159   0.856480  3694
  4  74  -0.572812  -0.477843   2.062270  3694
  4  75  -0.065965  -2.632761   0.897784  3694
  4  76  -1.355135  -3.770358   1.513345  3694
  4  77  -1.224863  -3.971017   3.029315  3694
  4  78  -0.325750  -3.432896   3.307388  3694
  4  79  -1.001449  -5.456126   3.086109  3694
  4  80  -0.900703  -6.125514   4.098174  3694
  4  81  -0.986513  -6.026093   1.871237  3694
  4  82  -1.235855  -5.134320   0.890229  3694
  4  83  -1.304863  -5.307764  -0.313498  3694
  4  84  -0.788753  -7.431959   1.553378  3694
  4  85  -1.269944  -7.943098   2.386261  3694
  4  86  -1.356238  -7.725467   0.669347  3694
  4  87   0.718368  -7.760699   1.487680  3694
  4  88   1.107456  -7.621474   2.497296  3694
  4  89   0.900156  -8.751735   1.059545  3694
  4  90   1.516390  -6.927644   0.596567  3694
  4  91   2.248444  -6.283477   0.867937  3694
  4  92   1.446202   0.000000   0.000000  3694
  4  93   1.939840  -0.339750   0.821338  3694
  4  94  -2.392680  -3.473901   1.329732  3694
  4  95  -2.103648  -3.561622   3.540427  3694
  5  -1   1.664859   0.224216 -13.003578  2529
  5   0   0.811583   0.267081 -11.893180  2529
  5   1   1.186193  -0.473496 -10.765211  2529
  5   2   2.333944  -1.262094 -10.778490  2529
  5   3   3.165996  -1.331930 -11.903796  2529
  5   4   4.034623  -1.971232 -11.917138  2529
  5   5   2.514612  -1.880292  -9.575623  2529
  5   6   3.627794  -2.793719  -9.381001  2529
  5   7   3.599377  -3.245631  -8.382415  2529
  5   8   4.526220  -2.203871  -9.560466  2529
  5   9   3.537494  -3.640690 -10.068090  2529
  5  10   1.436347  -1.611144  -8.741954  2529
  5  11   0.522571  -0.633899  -9.423058  2529
  5  12  -0.882734  -1.232473  -9.559184  2529
  5  13  -1.431718  -1.163320  -8.627717  2529
  5  14  -1.416024  -0.730823 -10.371193  2529
  5  15  -0.834542  -2.281844  -9.849348  2529
  5  16   0.465045   0.725074  -8.693624  2529
  5  17   0.229894   0.518309  -7.649571  2529
  5  18   1.468844   1.142280  -8.670630  2529
  5  19  -0.305055   1.295837  -9.219722  2529
  5  20   1.215234  -2.188754  -7.422793  2529
  5  21   0.258934  -1.981570  -6.509850  2529
  5  22   0.130746  -2.729091  -5.277260  2529
  5  23  -0.757517  -2.713503  -4.275638  2529
  5  24  -0.760076  -3.545713  -3.202875  2529
  5  25  -1.667352  -3.209349  -2.237883  2529
  5  26  -2.040717  -3.734052  -0.998860  2529
  5  27  -3.043134  -3.102769  -0.257412  2529
  5  28  -3.700671  -1.983296  -0.762412  2529
  5  29  -3.339820  -1.470607  -2.015545  2529
  5  30  -2.341207  -2.098958  -2.770293  2529
  5  31  -1.882868  -1.722888  -4.156582  2529
  5  32  -3.055441  -1.849865  -5.134871  2529
  5  33  -3.300272  -2.901804  -5.311756  2529
  5  34  -2.877608  -1.359731  -6.100083  2529
  5  35  -3.973435  -1.438653  -4.699106  2529
  5  36  -1.300902  -0.303281  -4.145393  2529
  5  37  -1.018736   0.008150  -5.157269  2529
  5  38  -1.995154   0.418412  -3.697648  2529
  5  39  -0.411670  -0.232641  -3.527026  2529
  5  40  -3.863913  -0.608649  -2.412472  2529
  5  41  -4.451481  -1.484498  -0.159681  2529
  5  42  -3.405090  -3.452208   0.708757  2529
  5  43  -1.578643  -4.584663  -0.514039  2529
  5  44   0.146095  -4.656583  -2.939964  2529
  5  45   1.333604  -4.170182  -2.089707  2529
  5  46   2.306844  -5.202424  -1.527932  2529
  5  47   3.300409  -4.576205  -0.553827  2529
  5  48   4.268739  -5.626326   0.020445  2529
  5  49   3.557410  -6.559976   0.957733  2529
  5  50   3.576492  -7.749481   0.727703  2529
  5  51   4.783844  -6.192123  -0.762716  2529
  5  52   5.066842  -5.159418   0.601848  2529
  5  53   2.773619  -4.120645   0.291073  2529
  5  54   3.829896  -3.778740  -1.093260  2529
  5  55   1.790217  -6.038161  -1.038197  2529
  5  56   2.898558  -5.623665  -2.346240  2529
  5  57   0.909905  -3.558072  -1.292399  2529
  5  58   1.929052  -3.436947  -2.647119  2529
  5  59  -0.481434  -5.388865  -2.425792  2529
  5  60   0.384773  -5.166572  -3.879882  2529
  5  61   0.885221  -3.514128  -5.199873  2529
  5  62  -0.569727  -1.317235  -6.773050  2529
  5  63   1.937764  -2.953045  -7.136246  2529
  5  64  -0.084079   0.875268 -11.878970  2529
  5  65   1.440979   0.874305 -13.833730  2529
  5  66   2.822223  -0.563163 -13.019334  2529
  5  67   3.542540  -0.597949 -13.834338  2529
  5  68   0.000000   0.000000   0.000000  2529
  5  69  -0.440572  -0.568847  -0.818847  2529
  5  70  -0.771206   1.319104  -0.000000  2529
  5  71  -1.950003   1.328134  -0.330088  2529
  5  72  -0.397288  -0.799169   1.253029  2529
  5  73  -1.469467  -0.922187   1.352010  2529
  5  74  -0.137524  -0.263555   2.161346  2529
  5  75   0.365344  -2.454423   1.376855  2529
  5  76  -0.418859  -3.567740   2.588566  2529
  5  77   0.064787  -3.209475   3.995205  2529
  5  78   0.633200  -2.280693   4.074997  2529
  5  79   0.928643  -4.389356   4.382802  2529
  5  80   1.278501  -4.693949   5.508690  2529
  5  81   0.740440  -5.325705   3.433366  2529
  5  82   0.083662  -4.956598   2.319227  2529
  5  83  -0.394176  -5.696276   1.473386  2529
  5  84   1.290946  -6.670893   3.573405  2529
  5  85   1.121134  -7.080385   4.569139  2529
  5  86   0.781025  -7.339871   2.880116  2529
  5  87   2.805219  -6.797786   3.330549  2529
  5  88   3.231546  -6.365382   4.228642  2529
  5  89   3.069132  -7.853703   3.187768  2529
  5  90   3.298543  -6.053452   2.180812  2529
  5  91   3.409377  -5.051805   2.257121  2529
  5  92   1.446305  -0.000000  -0.000000  2529
  5  93   1.966804  -0.378883   0.782576  2529
  5  94  -1.505559  -3.490923   2.487659  2529
  5  95  -0.801973  -3.135069   4.665347  2529
  6  -1  -0.053903   2.138801 -12.596942  2647
  6   0  -0.678074   2.198206 -11.350233  2647
  6   1  -0.552414   1.154760 -10.435726  2647
  6   2   0.138417   0.017977 -10.866758  2647
  6   3   0.763070  -0.065597 -12.109506  2647
  6   4   1.321550  -0.952049 -12.385552  2647
  6   5   0.146412  -0.937970  -9.883702  2647
  6   6   0.873152  -2.192327  -9.976084  2647
  6   7   0.167437  -3.020300  -9.816941  2647
  6   8   1.483744  -2.281513  -9.079630  2647
  6   9   1.377934  -2.270932 -10.946609  2647
  6  10  -0.566337  -0.464949  -8.778696  2647
  6  11  -1.107170   0.903670  -9.046985  2647
  6  12  -2.639235   0.873275  -9.121555  2647
  6  13  -3.061230   1.771906  -9.570646  2647
  6  14  -3.039171   0.089199  -9.767135  2647
  6  15  -2.990368   0.705836  -8.105696  2647
  6  16  -0.571509   1.953350  -8.059600  2647
  6  17  -1.072638   1.944395  -7.093582  2647
  6  18   0.504851   1.779699  -7.962663  2647
  6  19  -0.785679   2.963026  -8.411857  2647
  6  20  -0.759137  -1.250455  -7.564277  2647
  6  21  -1.296455  -0.864290  -6.404680  2647
  6  22  -1.306933  -1.700199  -5.217056  2647
  6  23  -1.943375  -1.501217  -4.051400  2647
  6  24  -1.938826  -2.393908  -3.035386  2647
  6  25  -2.709681  -2.027574  -1.968344  2647
  6  26  -2.959004  -2.633556  -0.737279  2647
  6  27  -3.820989  -1.928508   0.110063  2647
  6  28  -4.581233  -0.824292  -0.280503  2647
  6  29  -4.368443  -0.304487  -1.553264  2647
  6  30  -3.409539  -0.888786  -2.382542  2647
  6  31  -2.980857  -0.440997  -3.767574  2647
  6  32  -4.074518  -0.596203  -4.834074  2647
  6  33  -3.876134   0.054371  -5.685776  2647
  6  34  -5.061404  -0.370705  -4.423459  2647
  6  35  -4.241192  -1.621137  -5.159848  2647
  6  36  -2.405421   0.980831  -3.720892  2647
  6  37  -1.559430   0.904050  -3.029946  2647
  6  38  -2.047599   1.355903  -4.682497  2647
  6  39  -3.183584   1.668144  -3.370801  2647
  6  40  -4.928023   0.564332  -1.889744  2647
  6  41  -5.286190  -0.436879   0.452604  2647
  6  42  -4.014757  -2.323631   1.106070  2647
  6  43  -2.385565  -3.502619  -0.429225  2647
  6  44  -1.165554  -3.629544  -2.943417  2647
  6  45   0.263247  -3.217873  -2.549530  2647
  6  46   1.094076  -4.379270  -2.011494  2647
  6  47   2.488274  -4.003567  -1.479372  2647
  6  48   3.353775  -5.251448  -1.296607  2647
  6  49   2.835966  -6.231547  -0.270604  2647
  6  50   2.673012  -7.417193  -0.466541  2647
  6  51   3.458415  -5.746769  -2.261595  2647
  6  52   4.376230  -4.999371  -0.993881  2647
  6  53   2.252805  -3.452873  -0.564552  2647
  6  54   2.976583  -3.317080  -2.172473  2647
  6  55   0.622656  -4.786903  -1.108499  2647
  6  56   1.261508  -5.139927  -2.785292  2647
  6  57   0.128488  -2.503644  -1.734780  2647
  6  58   0.830966  -2.714175  -3.332529  2647
  6  59  -1.600096  -4.317786  -2.217057  2647
  6  60  -1.058989  -4.140049  -3.900302  2647
  6  61  -0.700338  -2.607671  -5.223207  2647
  6  62  -1.695843   0.145633  -6.379320  2647
  6  63  -0.490029  -2.286235  -7.681062  2647
  6  64  -1.293216   3.068443 -11.115741  2647
  6  65  -0.178188   2.987735 -13.259333  2647
  6  66   0.670080   1.012911 -12.990796  2647
  6  67   1.163697   1.058302 -13.960790  2647
  6  68   0.000000   0.000000   0.000000  2647
  6  69  -0.374434  -0.508954  -0.888800  2647
  6  70  -0.647129   1.373219   0.000000  2647
  6  71  -1.864312   1.556019   0.077089  2647
  6  72  -0.387187  -0.864292   1.211811  2647
  6  73  -1.465134  -0.764574   1.396179  2647
  6  74   0.128556  -0.567728   2.125572  2647
  6  75   0.150821  -2.601699   1.098413  2647
  6  76  -0.710956  -3.648276   2.316163  2647
  6  77  -0.130902  -3.371360   3.708232  2647
  6  78   0.446189  -2.453773   3.833916  2647
  6  79   0.734737  -4.586481   3.964662  2647
  6  80   1.464510  -4.745849   4.923323  2647
  6  81   0.602457  -5.421381   2.925796  2647
  6  82  -0.328111  -5.075473   2.018940  2647
  6  83  -0.591153  -5.765182   1.048778  2647
  6  84   1.403438  -6.641410   2.781358  2647
  6  85   1.523585  -7.084857   3.772476  2647
  6  86   0.812077  -7.396484   2.260344  2647
  6  87   2.824107  -6.447373   2.226789  2647
  6  88   3.402093  -5.895291   2.975212  2647
  6  89   3.341094  -7.406251   2.170362  2647
  6  90   2.898691  -5.721510   0.965811  2647
  6  91   3.094867  -4.728914   0.989618  2647
  6  92   1.450723  -0.000000   0.000000  2647
  6  93   1.889674   0.024363   0.903285  2647
  6  94  -1.792759  -3.502099   2.304762  2647
  6  95  -0.883628  -3.377997   4.491786  2647
  7  -1  -3.882335  -7.494729   6.237960  5822
  7   0  -2.730031  -6.744835   5.958038  5822
  7   1  -2.082260  -6.794293   4.724976  5822
  7   2  -2.627975  -7.575081   3.711337  5822
  7   3  -3.812755  -8.284601   3.914995  5822
  7   4  -4.292692  -8.874525   3.138303  5822
  7   5  -1.825018  -7.462258   2.610868  5822
  7   6  -2.143270  -8.096613   1.341849  5822
  7   7  -1.362007  -8.744716   0.940113  5822
  7   8  -2.335079  -7.342519   0.566509  5822
  7   9  -2.997083  -8.765713   1.479731  5822
  7  10  -0.699107  -6.678505   2.845300  5822
  7  11  -0.812700  -6.117622   4.243587  5822
  7  12   0.366896  -6.647973   5.074718  5822
  7  13   1.321588  -6.174355   4.836285  5822
  7  14   0.316802  -6.499853   6.152701  5822
  7  15   0.395848  -7.725946   4.906087  5822
  7  16  -0.981087  -4.600253   4.131167  5822
  7  17  -1.678121  -4.365784   3.322115  5822
  7  18  -1.527978  -4.184832   4.974753  5822
  7  19  -0.121470  -3.940908   4.021055  5822
  7  20   0.264429  -6.283989   1.842625  5822
  7  21   1.328430  -5.469073   1.895683  5822
  7  22   2.146037  -5.123925   0.744122  5822
  7  23   3.305043  -4.454164   0.661520  5822
  7  24   3.952884  -4.201397  -0.508613  5822
  7  25   5.002167  -3.349703  -0.374740  5822
  7  26   5.867795  -2.768713  -1.313059  5822
  7  27   6.771700  -1.824019  -0.813651  5822
  7  28   6.873615  -1.455778   0.525943  5822
  7  29   5.997830  -2.037919   1.444373  5822
  7  30   5.093441  -3.000020   0.971362  5822
  7  31   4.022876  -3.713416   1.765565  5822
  7  32   4.632712  -4.729051   2.739773  5822
  7  33   3.872593  -5.054078   3.443461  5822
  7  34   5.463032  -4.254559   3.283859  5822
  7  35   5.046940  -5.647255   2.319875  5822
  7  36   3.136242  -2.716827   2.527792  5822
  7  37   2.843071  -1.898925   1.860869  5822
  7  38   2.213335  -3.085125   2.980229  5822
  7  39   3.644578  -2.340471   3.417989  5822
  7  40   6.026091  -1.766393   2.495313  5822
  7  41   7.616184  -0.762164   0.906060  5822
  7  42   7.331996  -1.308313  -1.592251  5822
  7  43   5.757794  -3.025469  -2.363333  5822
  7  44   3.736960  -4.823360  -1.805470  5822
  7  45   2.975321  -3.838269  -2.715468  5822
  7  46   1.580076  -3.493043  -2.183762  5822
  7  47   0.877514  -2.621133  -3.243091  5822
  7  48   0.108759  -3.359372  -4.346412  5822
  7  49  -1.079683  -4.059958  -3.739135  5822
  7  50  -1.047554  -5.176007  -3.273622  5822
  7  51  -0.102190  -2.694480  -5.192297  5822
  7  52   0.774839  -4.101413  -4.789483  5822
  7  53   1.565567  -1.913413  -3.710870  5822
  7  54   0.258902  -1.962882  -2.623312  5822
  7  55   1.023651  -4.409316  -1.957188  5822
  7  56   1.533644  -2.855413  -1.301904  5822
  7  57   2.944851  -4.245667  -3.727249  5822
  7  58   3.560698  -2.930195  -2.810534  5822
  7  59   4.708718  -5.017387  -2.260375  5822
  7  60   3.147922  -5.732384  -1.688367  5822
  7  61   1.715642  -5.549121  -0.157913  5822
  7  62   1.569780  -4.988667   2.845821  5822
  7  63   0.028192  -6.784105   0.906102  5822
  7  64  -2.177682  -6.242022   6.743018  5822
  7  65  -4.258492  -7.326409   7.239945  5822
  7  66  -4.434684  -8.194573   5.167711  5822
  7  67  -5.384124  -8.696165   5.319602  5822
  7  68   0.000000   0.000000   0.000000  5822
  7  69  -0.434333  -0.378121  -0.927890  5822
  7  70  -0.582682   1.406372  -0.000000  5822
  7  71  -1.801112   1.468335   0.135981  5822
  7  72  -0.481319  -0.861833   1.180668  5822
  7  73  -1.463373  -0.514930   1.486165  5822
  7  74   0.151664  -0.743139   2.062337  5822
  7  75  -0.705326  -2.609468   0.732457  5822
  7  76  -2.467951  -2.995461   0.468330  5822
  7  77  -2.817228  -4.484696   0.536779  5822
  7  78  -1.933221  -5.093926   0.321676  5822
  7  79  -3.697158  -4.573164  -0.693179  5822
  7  80  -4.174538  -5.635871  -1.031503  5822
  7  81  -3.642642  -3.452645  -1.434506  5822
  7  82  -2.908849  -2.470353  -0.875534  5822
  7  83  -2.707712  -1.363391  -1.338979  5822
  7  84  -4.300499  -3.358446  -2.733140  5822
  7  85  -5.277302  -3.797992  -2.510528  5822
  7  86  -4.484293  -2.312700  -2.986392  5822
  7  87  -3.565807  -4.012901  -3.905197  5822
  7  88  -3.503276  -5.094809  -3.768939  5822
  7  89  -4.162031  -3.819076  -4.803610  5822
  7  90  -2.232058  -3.417858  -4.007353  5822
  7  91  -2.144651  -2.539760  -4.495008  5822
  7  92   1.447274   0.000000  -0.000000  5822
  7  93   1.977788  -0.155349   0.839238  5822
  7  94  -2.955420  -2.439023   1.273407  5822
  7  95  -3.372756  -4.775869   1.425658  5822
  8  -1  -7.165894   1.143238  -3.922941  1973
  8   0  -6.550354  -0.051593  -3.536693  1973
  8   1  -5.160208  -0.093696  -3.462378  1973
  8   2  -4.403146   1.027949  -3.831113  1973
  8   3  -5.003707   2.201654  -4.286132  1973
  8   4  -4.472072   3.100082  -4.575771  1973
  8   5  -3.081995   0.736691  -3.650205  1973
  8   6  -2.048538   1.700504  -4.009135  1973
  8   7  -1.516277   1.410344  -4.917929  1973
  8   8  -1.385502   1.708158  -3.137114  1973
  8   9  -2.486909   2.693900  -4.156773  1973
  8  10  -2.930485  -0.592185  -3.274397  1973
  8  11  -4.261688  -1.247732  -3.083741  1973
  8  12  -4.501401  -2.463450  -3.994108  1973
  8  13  -3.772765  -3.266487  -3.885355  1973
  8  14  -5.493598  -2.863604  -3.731009  1973
  8  15  -4.421798  -2.080708  -5.013357  1973
  8  16  -4.563876  -1.654846  -1.628530  1973
  8  17  -4.195745  -0.882295  -0.946661  1973
  8  18  -5.639978  -1.806823  -1.512297  1973
  8  19  -4.033557  -2.586194  -1.421762  1973
  8  20  -1.630897  -1.211565  -3.065726  1973
  8  21  -1.462536  -2.460294  -2.619262  1973
  8  22  -0.174943  -3.042731  -2.303861  1973
  8  23  -0.006031  -4.342880  -2.007250  1973
  8  24   1.227612  -4.852633  -1.836440  1973
  8  25   1.188224  -6.183980  -1.555253  1973
  8  26   2.194155  -7.123763  -1.316469  1973
  8  27   1.818120  -8.427203  -0.999390  1973
  8  28   0.470133  -8.802551  -0.863569  1973
  8  29  -0.554381  -7.891216  -1.118019  1973
  8  30  -0.137223  -6.585495  -1.405032  1973
  8  31  -1.031443  -5.439643  -1.812207  1973
  8  32  -1.776929  -5.690009  -3.135110  1973
  8  33  -1.097459  -5.730947  -3.988073  1973
  8  34  -2.479419  -4.880949  -3.343261  1973
  8  35  -2.376104  -6.601449  -3.048129  1973
  8  36  -1.969002  -5.164987  -0.630662  1973
  8  37  -2.308910  -6.116348  -0.223388  1973
  8  38  -1.503376  -4.563606   0.157016  1973
  8  39  -2.912174  -4.704657  -0.922239  1973
  8  40  -1.619939  -8.041108  -0.979773  1973
  8  41   0.224874  -9.822689  -0.590500  1973
  8  42   2.574557  -9.175709  -0.786459  1973
  8  43   3.248411  -6.844063  -1.402539  1973
  8  44   2.536071  -4.223688  -1.977346  1973
  8  45   3.014733  -3.325878  -0.824211  1973
  8  46   3.428978  -4.160830   0.392081  1973
  8  47   4.047291  -3.301306   1.500146  1973
  8  48   4.458205  -4.357817   2.548208  1973
  8  49   3.304232  -4.518449   3.506616  1973
  8  50   3.369277  -3.826527   4.509321  1973
  8  51   4.614707  -5.370301   2.164824  1973
  8  52   5.340217  -4.065434   3.115798  1973
  8  53   3.390702  -2.547838   1.938526  1973
  8  54   4.934922  -2.826777   1.098362  1973
  8  55   2.655203  -4.775167   0.861612  1973
  8  56   4.235411  -4.837620   0.115460  1973
  8  57   2.394062  -2.449793  -0.587263  1973
  8  58   3.904516  -2.771438  -1.111933  1973
  8  59   3.326005  -4.925503  -2.252778  1973
  8  60   2.490168  -3.609069  -2.885773  1973
  8  61   0.663594  -2.361045  -2.474613  1973
  8  62  -2.318688  -3.081547  -2.345856  1973
  8  63  -0.780361  -0.558131  -3.244090  1973
  8  64  -7.158403  -0.916612  -3.268143  1973
  8  65  -8.243659   1.235306  -3.992557  1973
  8  66  -6.401411   2.266181  -4.245381  1973
  8  67  -6.857535   3.149652  -4.683022  1973
  8  68   0.000000   0.000000   0.000000  1973
  8  69  -0.374370  -0.365722  -0.953621  1973
  8  70  -0.695416   1.357715   0.000000  1973
  8  71  -1.889956   1.392478   0.300629  1973
  8  72  -0.446555  -0.793496   1.242921  1973
  8  73  -1.541514  -0.810625   1.328162  1973
  8  74  -0.063932  -0.206712   2.085349  1973
  8  75   0.111918  -2.518914   1.275164  1973
  8  76  -0.653260  -3.505878   2.602645  1973
  8  77  -0.317577  -2.907197   3.970673  1973
  8  78   0.570468  -2.274983   4.035295  1973
  8  79  -0.152962  -4.155707   4.791419  1973
  8  80  -0.050547  -4.205700   6.005465  1973
  8  81   0.115940  -5.179191   3.969122  1973
  8  82  -0.098323  -4.911834   2.665393  1973
  8  83   0.110047  -5.760021   1.832770  1973
  8  84   0.620048  -6.459527   4.457704  1973
  8  85   0.065396  -6.734637   5.353515  1973
  8  86   0.461399  -7.218545   3.687886  1973
  8  87   2.114695  -6.342564   4.789465  1973
  8  88   2.236248  -5.705882   5.665854  1973
  8  89   2.499603  -7.347725   5.041041  1973
  8  90   2.832370  -5.770215   3.664804  1973
  8  91   2.831676  -6.375779   2.850255  1973
  8  92   1.442152  -0.000000   0.000000  1973
  8  93   1.837256  -0.270332   0.890341  1973
  8  94  -1.730813  -3.511664   2.410457  1973
  8  95  -1.173454  -2.370922   4.388752  1973
  9  -1  -6.985149   2.339382  -2.031938  2940
  9   0  -6.486102   1.096761  -1.636155  2940
  9   1  -5.284999   0.660704  -2.195713  2940
  9   2  -4.535666   1.527534  -2.998961  2940
  9   3  -4.984258   2.789537  -3.385891  2940
  9   4  -4.389962   3.401080  -4.056882  2940
  9   5  -3.344310   0.949844  -3.328422  2940
  9   6  -2.313659   1.734246  -3.995783  2940
  9   7  -1.285565   1.592670  -3.649113  2940
  9   8  -2.402687   2.796035  -3.745822  2940
  9   9  -2.330247   1.627647  -5.079925  2940
  9  10  -3.232750  -0.265657  -2.658562  2940
  9  11  -4.497995  -0.597359  -1.905019  2940
  9  12  -5.205854  -1.817272  -2.496840  2940
  9  13  -4.873939  -2.771632  -2.073251  2940
  9  14  -6.257034  -1.779671  -2.224432  2940
  9  15  -5.219677  -1.912182  -3.588446  2940
  9  16  -4.307501  -0.705252  -0.382301  2940
  9  17  -3.826218   0.216419  -0.060142  2940
  9  18  -5.214082  -0.851562   0.191548  2940
  9  19  -3.679612  -1.557629  -0.118086  2940
  9  20  -2.064203  -1.118874  -2.717903  2940
  9  21  -1.980221  -2.365418  -2.240855  2940
  9  22  -0.787344  -3.179826  -2.444768  2940
  9  23  -0.681451  -4.422125  -1.966352  2940
  9  24   0.497947  -5.086737  -1.980849  2940
  9  25   0.265428  -6.392436  -1.660093  2940
  9  26   1.126597  -7.487082  -1.675496  2940
  9  27   0.634531  -8.706160  -1.194640  2940
  9  28  -0.687946  -8.870166  -0.775765  2940
  9  29  -1.571925  -7.793565  -0.850664  2940
  9  30  -1.078477  -6.553776  -1.271776  2940
  9  31  -1.810460  -5.237046  -1.383221  2940
  9  32  -2.872354  -5.510285  -2.459056  2940
  9  33  -2.350841  -5.536777  -3.419381  2940
  9  34  -3.610005  -4.708948  -2.415137  2940
  9  35  -3.458769  -6.413953  -2.323042  2940
  9  36  -2.424802  -4.983211  -0.007447  2940
  9  37  -2.514660  -3.905463   0.133222  2940
  9  38  -3.394143  -5.477167   0.092479  2940
  9  39  -1.691852  -5.328557   0.728026  2940
  9  40  -2.614465  -7.889053  -0.595926  2940
  9  41  -1.066932  -9.814826  -0.399350  2940
  9  42   1.330848  -9.537500  -1.287462  2940
  9  43   2.164644  -7.371391  -1.994044  2940
  9  44   1.746396  -4.683326  -2.614911  2940
  9  45   2.509274  -3.807516  -1.617176  2940
  9  46   2.900426  -4.607959  -0.354484  2940
  9  47   3.903289  -3.702655   0.363008  2940
  9  48   4.562627  -4.346406   1.595305  2940
  9  49   3.725166  -4.339036   2.850775  2940
  9  50   3.388480  -3.275382   3.333462  2940
  9  51   4.854799  -5.369443   1.333909  2940
  9  52   5.350320  -3.659358   1.904672  2940
  9  53   3.467140  -2.772589   0.733616  2940
  9  54   4.780218  -3.443434  -0.232561  2940
  9  55   2.022668  -4.821491   0.258742  2940
  9  56   3.315632  -5.528448  -0.784838  2940
  9  57   1.872055  -2.944597  -1.399414  2940
  9  58   3.417168  -3.439137  -2.097307  2940
  9  59   2.304820  -5.521225  -3.037038  2940
  9  60   1.603663  -4.042657  -3.486502  2940
  9  61  -0.013612  -2.587743  -2.932391  2940
  9  62  -2.821829  -2.770217  -1.686026  2940
  9  63  -1.230199  -0.623230  -3.213658  2940
  9  64  -6.955013   0.450648  -0.892476  2940
  9  65  -7.877562   2.746978  -1.576780  2940
  9  66  -6.250057   3.140879  -2.915986  2940
  9  67  -6.622615   4.105324  -3.231654  2940
  9  68   0.000000   0.000000   0.000000  2940
  9  69  -0.449557  -0.372999  -0.924864  2940
  9  70  -0.531950   1.426123   0.000000  2940
  9  71  -1.580849   1.722619  -0.567275  2940
  9  72  -0.536373  -0.854712   1.155669  2940
  9  73  -1.613819  -1.002488   1.181612  2940
  9  74  -0.171626  -0.341694   2.054043  2940
  9  75   0.115225  -2.543614   1.297557  2940
  9  76  -0.404145  -3.492956   2.766844  2940
  9  77   0.022464  -2.761651   4.043400  2940
  9  78   0.887848  -2.149961   3.781202  2940
  9  79   0.397648  -3.856380   5.013453  2940
  9  80   0.708620  -3.813873   6.186650  2940
  9  81   0.731777  -4.901913   4.223253  2940
  9  82   0.283740  -4.821648   2.963800  2940
  9  83   0.198170  -5.794858   2.238582  2940
  9  84   1.447033  -6.027987   4.814664  2940
  9  85   1.129909  -6.117105   5.857204  2940
  9  86   1.371555  -7.024359   4.365058  2940
  9  87   2.930007  -5.611705   4.769950  2940
  9  88   3.002236  -4.633934   5.256209  2940
  9  89   3.497069  -6.344847   5.345749  2940
  9  90   3.475850  -5.543294   3.417961  2940
  9  91   4.049202  -6.305503   3.106506  2940
  9  92   1.446756   0.000000  -0.000000  2940
  9  93   1.971032  -0.407475   0.761839  2940
  9  94  -1.454219  -3.788153   2.665830  2940
  9  95  -0.755278  -2.085214   4.385970  2940
