  1   7   1.446133   0.000000  -0.000000  3822
  1   8   1.894156   0.089136   0.897067  3822
  1   9   0.000000   0.000000   0.000000  3822
  1  10  -0.494630  -0.429566  -0.868166  3822
  1  11  -0.595035  -0.676348   1.228977  3822
  1  12  -1.671215  -0.627063   1.070527  3822
  1  13  -0.256891  -0.142793   2.111236  3822
  1  14  -0.263807  -2.447997   1.354075  3822
  1  15  -0.489374   1.445550   0.000000  3822
  1  16   0.186912   2.329959   0.522452  3822
  1  17  -2.529920  -3.116795  -3.036692  3822
  1  18  -3.569798  -3.059647  -3.971297  3822
  1  19  -1.214136  -3.249609  -3.475747  3822
  1  20  -3.248667  -2.835405  -5.310174  3822
  1  21  -0.909738  -3.032970  -4.830817  3822
  1  22  -1.916008  -2.841376  -5.795343  3822
  1  23  -0.120806  -3.581837  -2.671040  3822
  1  24   1.192489  -3.645348  -3.152415  3822
  1  25   1.505254  -3.418612  -4.496167  3822
  1  26   0.381568  -3.254317  -5.314174  3822
  1  27   0.474228  -3.283479  -6.390586  3822
  1  28  -0.317260  -3.734401  -1.612019  3822
  1  29   2.745873  -3.346787  -5.009203  3822
  1  30   2.991701  -3.188231  -6.437044  3822
  1  31   2.424325  -3.973233  -6.951977  3822
  1  32   2.639590  -2.200451  -6.722188  3822
  1  33   4.056679  -3.246705  -6.633263  3822
  1  34  -4.924929  -3.235473  -3.643115  3822
  1  35  -5.986035  -3.035949  -4.529988  3822
  1  36  -5.650797  -2.967355  -5.890654  3822
  1  37  -4.304033  -2.789035  -6.223712  3822
  1  38  -4.009039  -2.579799  -7.238255  3822
  1  39  -5.167091  -3.359376  -2.593542  3822
  1  40  -6.588263  -2.957859  -6.840795  3822
  1  41  -6.216928  -2.962618  -8.259910  3822
  1  42  -5.316459  -3.526094  -8.493677  3822
  1  43  -6.953514  -3.523004  -8.841295  3822
  1  44  -6.231450  -1.912088  -8.559034  3822
  1  45  -7.994981  -3.234785  -6.516821  3822
  1  46  -8.305118  -3.122006  -5.044919  3822
  1  47  -7.302580  -3.052264  -4.063361  3822
  1  48  -8.967645  -2.254048  -7.176352  3822
  1  49  -8.356081  -4.660135  -6.913409  3822
  1  50  -9.333376  -2.918141  -4.775807  3822
  1  51  -8.782529  -1.228839  -6.867033  3822
  1  52  -9.960843  -2.485965  -6.800631  3822
  1  53  -9.023862  -2.431568  -8.257753  3822
  1  54  -9.398725  -4.790910  -6.626716  3822
  1  55  -7.693003  -5.221241  -6.266815  3822
  1  56  -8.297028  -4.874104  -7.985666  3822
  1  57   3.876544  -3.516326  -4.103311  3822
  1  58   3.544901  -3.940316  -2.684493  3822
  1  59   2.211622  -4.052364  -2.279142  3822
  1  60   4.729301  -4.675529  -4.600964  3822
  1  61   4.673428  -2.216216  -4.067428  3822
  1  62   4.389845  -4.223326  -2.084680  3822
  1  63   5.368108  -4.469783  -5.468946  3822
  1  64   4.131292  -5.552185  -4.843571  3822
  1  65   5.353656  -5.125085  -3.830845  3822
  1  66   5.565463  -2.374053  -3.463886  3822
  1  67   4.037110  -1.389746  -3.742239  3822
  1  68   5.009012  -2.016274  -5.094854  3822
  1  69   2.048705  -4.624207  -0.897347  3822
  1  70   1.540176  -6.365247  -0.956291  3822
  1  71   0.478309  -6.629612  -1.976611  3822
  1  72   1.101627  -6.931546   0.368088  3822
  1  73   2.524317  -7.419508  -1.379608  3822
  1  74   2.977734  -4.448534  -0.371284  3822
  1  75   1.286949  -4.106675  -0.309817  3822
  1  76  -7.731863  -2.962387  -2.624320  3822
  1  77  -8.144549  -4.583125  -1.924751  3822
  1  78  -7.023423  -5.565623  -2.115722  3822
  1  79  -9.341122  -5.271217  -2.520441  3822
  1  80  -8.344532  -4.449656  -0.446713  3822
  1  81  -8.646303  -2.375829  -2.559881  3822
  1  82  -7.012150  -2.478481  -1.971059  3822
  1  83  -2.808595  -3.462113  -1.709553  3822
  1  84  -2.733152  -4.806778  -1.316764  3822
  1  85  -3.229509  -5.294623  -0.099170  3822
  1  86  -3.838029  -4.369156   0.762235  3822
  1  87  -3.818805  -3.014580   0.396649  3822
  1  88  -2.416515  -5.559258  -2.019484  3822
  1  89  -3.048130  -6.318273   0.193989  3822
  1  90  -4.276577  -2.342118   1.116050  3822
  1  91  -3.363662  -2.522148  -0.829912  3822
  1  92  -3.496568  -1.143946  -1.086418  3822
  1  93  -3.026832  -0.619526  -2.096038  3822
  1  94  -3.734165  -0.347900  -0.189394  3822
  1  95  -4.458650  -4.835356   1.937519  3822
  1  96  -5.003966  -4.021038   2.674618  3822
  1  97  -4.542805  -6.137341   2.215821  3822
  1  98  -4.193944  -6.795898   1.546869  3822
  1  99  -5.037296  -6.623653   3.492529  3822
  1 100  -5.617464  -7.539582   3.404319  3822
  1 101  -5.623549  -5.830666   3.960800  3822
  1 102  -3.921630  -6.981458   4.471439  3822
  1 103  -3.096050  -7.403983   3.884510  3822
  1 104  -4.292551  -7.764700   5.117542  3822
  1 105  -3.577195  -5.733793   5.277481  3822
  1 106  -4.411902  -5.420131   5.906428  3822
  1 107  -3.444565  -4.870451   4.630064  3822
  1 108  -2.334984  -5.753989   6.170904  3822
  1 109  -2.274271  -6.708497   6.686005  3822
  1 110  -2.419070  -4.941046   6.895162  3822
  1 111  -1.077217  -5.619011   5.332572  3822
  1 112  -0.999769  -6.521989   4.737734  3822
  1 113  -0.210283  -5.593101   6.011655  3822
  1 114  -0.961045  -4.361115   4.628085  3822
  1 115  -0.893969  -3.090923   5.203770  3822
  1 116  -0.171559  -2.903430   6.172517  3822
  1 117  -1.089871  -2.124695   4.044707  3822
  1 118  -1.943250  -1.486407   4.256438  3822
  1 119  -0.266157  -1.415620   3.978326  3822
  1 120  -1.272496  -2.948654   2.767506  3822
  1 121  -2.349299  -2.853714   2.612970  3822
  1 122  -0.992992  -4.374076   3.240529  3822
  1 123  -1.476697  -5.360284   2.684181  3822
  2   7   1.450998  -0.000000   0.000000  3486
  2   8   1.924328  -0.554259   0.689174  3486
  2   9   0.000000   0.000000   0.000000  3486
  2  10  -0.321432  -0.444140  -0.944363  3486
  2  11  -0.402622  -0.900007   1.158394  3486
  2  12  -1.491389  -0.932353   1.209785  3486
  2  13   0.064916  -0.529256   2.071659  3486
  2  14   0.087800  -2.638579   1.053706  3486
  2  15  -0.651414   1.373849   0.000000  3486
  2  16  -0.415648   2.187388   0.895304  3486
  2  17   1.100073  -2.597222  -3.233788  3486
  2  18   2.089046  -1.831613  -3.863765  3486
  2  19  -0.170569  -2.060054  -2.991670  3486
  2  20   1.774093  -0.563614  -4.367740  3486
  2  21  -0.425497  -0.814912  -3.580933  3486
  2  22   0.512480   0.030314  -4.223585  3486
  2  23  -1.206752  -2.726564  -2.338225  3486
  2  24  -2.477393  -2.189396  -2.096108  3486
  2  25  -2.750652  -0.937661  -2.664868  3486
  2  26  -1.686971  -0.282933  -3.289938  3486
  2  27  -1.863332   0.714133  -3.670672  3486
  2  28  -1.049480  -3.764780  -2.107636  3486
  2  29  -3.933147  -0.321649  -2.574122  3486
  2  30  -4.191796   0.996847  -3.161038  3486
  2  31  -3.551964   1.716864  -2.664462  3486
  2  32  -4.071395   0.959822  -4.241192  3486
  2  33  -5.222603   1.303737  -3.010849  3486
  2  34   3.407379  -2.309483  -3.838470  3486
  2  35   4.419579  -1.501052  -4.363917  3486
  2  36   4.157484  -0.225533  -4.891325  3486
  2  37   2.839496   0.228843  -4.820975  3486
  2  38   2.515720   1.227125  -5.090053  3486
  2  39   3.603520  -3.301026  -3.471091  3486
  2  40   5.090221   0.582414  -5.399875  3486
  2  41   4.763137   1.974805  -5.720601  3486
  2  42   4.205314   2.486231  -4.949969  3486
  2  43   5.623096   2.576465  -6.032813  3486
  2  44   4.174509   1.962185  -6.642695  3486
  2  45   6.354729   0.024069  -5.884508  3486
  2  46   6.668375  -1.317992  -5.240846  3486
  2  47   5.738807  -1.979879  -4.435050  3486
  2  48   6.297185  -0.196612  -7.386569  3486
  2  49   7.566929   0.926747  -5.715245  3486
  2  50   7.663345  -1.709274  -5.366679  3486
  2  51   7.199115  -0.708583  -7.722587  3486
  2  52   6.232610   0.753301  -7.905796  3486
  2  53   5.398633  -0.696613  -7.756030  3486
  2  54   8.380024   0.386703  -6.209442  3486
  2  55   7.668926   0.979184  -4.636290  3486
  2  56   7.437502   1.939151  -6.117475  3486
  2  57  -5.045417  -1.040395  -1.942645  3486
  2  58  -4.686078  -2.344558  -1.260565  3486
  2  59  -3.439213  -2.947082  -1.415143  3486
  2  60  -5.724330  -0.180296  -0.885192  3486
  2  61  -6.129977  -1.435631  -2.941252  3486
  2  62  -5.466714  -2.895141  -0.757308  3486
  2  63  -4.959892   0.313618  -0.282543  3486
  2  64  -6.279397  -0.811355  -0.193406  3486
  2  65  -6.321917   0.570896  -1.407396  3486
  2  66  -5.696551  -2.181535  -3.611156  3486
  2  67  -6.576084  -0.540554  -3.374293  3486
  2  68  -6.989317  -1.931382  -2.486974  3486
  2  69  -3.208408  -4.239765  -0.656591  3486
  2  70  -3.777393  -5.661204  -1.615324  3486
  2  71  -5.165472  -5.400848  -2.110963  3486
  2  72  -3.605031  -6.971408  -0.913144  3486
  2  73  -2.997792  -5.760309  -2.905478  3486
  2  74  -2.165335  -4.258565  -0.332488  3486
  2  75  -3.766577  -4.203882   0.276393  3486
  2  76   6.276574  -3.166904  -3.679883  3486
  2  77   6.784635  -2.967353  -1.953570  3486
  2  78   7.368922  -4.208384  -1.354026  3486
  2  79   5.722745  -2.412365  -1.042867  3486
  2  80   7.933773  -2.004100  -1.860163  3486
  2  81   7.205177  -3.339772  -4.218133  3486
  2  82   5.560448  -3.992755  -3.674184  3486
  2  83   1.388631  -3.825400  -2.610157  3486
  2  84   1.983945  -3.778530  -1.341968  3486
  2  85   2.215023  -4.939919  -0.596127  3486
  2  86   1.948727  -6.212451  -1.127300  3486
  2  87   1.469749  -6.235460  -2.445460  3486
  2  88   2.254309  -2.842897  -0.884152  3486
  2  89   2.594486  -4.797120   0.399473  3486
  2  90   1.166648  -7.194694  -2.856677  3486
  2  91   1.128811  -5.088892  -3.157952  3486
  2  92   0.642183  -5.247494  -4.468615  3486
  2  93   0.311171  -4.296533  -5.187367  3486
  2  94   0.420406  -6.364841  -4.922100  3486
  2  95   2.125293  -7.428149  -0.432241  3486
  2  96   1.694487  -8.469699  -0.901901  3486
  2  97   2.631978  -7.376572   0.803967  3486
  2  98   2.853963  -6.464607   1.157865  3486
  2  99   2.612748  -8.380342   1.850810  3486
  2 100   3.623635  -8.407781   2.265962  3486
  2 101   2.409439  -9.314825   1.335532  3486
  2 102   1.545619  -8.108365   2.906350  3486
  2 103   1.499720  -8.942737   3.601775  3486
  2 104   0.577530  -8.063473   2.397051  3486
  2 105   1.744859  -6.844554   3.731505  3486
  2 106   1.543758  -5.991476   3.082342  3486
  2 107   2.808126  -6.780919   3.939868  3486
  2 108   0.887244  -6.731924   4.986580  3486
  2 109   1.386553  -5.926628   5.534929  3486
  2 110   0.842515  -7.679800   5.524474  3486
  2 111  -0.544254  -6.354878   4.609674  3486
  2 112  -1.039704  -6.357968   5.582002  3486
  2 113  -0.959621  -7.179623   4.035336  3486
  2 114  -0.632466  -5.031343   4.007701  3486
  2 115  -0.694496  -3.829615   4.697268  3486
  2 116  -0.385811  -3.618400   5.870938  3486
  2 117  -0.831226  -2.707850   3.677880  3486
  2 118  -1.746457  -2.190468   3.951498  3486
  2 119   0.014605  -2.014554   3.674704  3486
  2 120  -1.004139  -3.355764   2.307583  3486
  2 121  -2.035565  -3.145322   2.020053  3486
  2 122  -0.953624  -4.841368   2.674370  3486
  2 123  -0.885117  -5.786429   1.898314  3486
  3   7   1.446305   0.000000   0.000000  4271
  3   8   1.942189  -0.481168   0.740120  4271
  3   9   0.000000   0.000000   0.000000  4271
  3  10  -0.273663  -0.392433  -0.976220  4271
  3  11  -0.355251  -0.993272   1.099867  4271
  3  12  -1.443056  -1.058861   1.108604  4271
  3  13   0.023575  -0.718594   2.084722  4271
  3  14   0.267300  -2.672234   0.813467  4271
  3  15  -0.710915   1.351443  -0.000000  4271
  3  16  -1.749285   1.531996  -0.618296  4271
  3  17   2.692031  -3.663266  -2.810045  4271
  3  18   3.911552  -3.010057  -3.033845  4271
  3  19   1.488136  -2.965544  -2.895014  4271
  3  20   3.879955  -1.735984  -3.607118  4271
  3  21   1.525335  -1.701528  -3.505247  4271
  3  22   2.693760  -1.033686  -3.914722  4271
  3  23   0.228168  -3.462809  -2.553544  4271
  3  24  -0.979530  -2.790396  -2.798341  4271
  3  25  -0.987965  -1.525228  -3.404541  4271
  3  26   0.306505  -1.009886  -3.583893  4271
  3  27   0.444513   0.030270  -3.807571  4271
  3  28   0.110211  -4.420643  -2.076843  4271
  3  29  -2.111103  -0.843629  -3.662191  4271
  3  30  -2.118224   0.537588  -4.137889  4271
  3  31  -3.094367   1.012817  -4.136109  4271
  3  32  -1.509224   1.130841  -3.441706  4271
  3  33  -1.642390   0.645974  -5.108010  4271
  3  34   5.143381  -3.550718  -2.652816  4271
  3  35   6.332895  -2.841816  -2.909748  4271
  3  36   6.308488  -1.541467  -3.409144  4271
  3  37   5.053981  -0.986690  -3.703649  4271
  3  38   4.868405   0.028279  -4.035769  4271
  3  39   5.170622  -4.611239  -2.437979  4271
  3  40   7.434183  -0.808642  -3.477516  4271
  3  41   7.364074   0.642220  -3.718732  4271
  3  42   8.284626   1.182261  -3.523951  4271
  3  43   6.920737   0.828408  -4.697449  4271
  3  44   6.715940   1.043148  -2.934654  4271
  3  45   8.767926  -1.376052  -3.324298  4271
  3  46   8.757624  -2.835398  -2.949060  4271
  3  47   7.553660  -3.447494  -2.585732  4271
  3  48   9.670986  -1.262027  -4.545110  4271
  3  49   9.531320  -0.626626  -2.239820  4271
  3  50   9.708668  -3.254496  -2.655679  4271
  3  51   9.940362  -0.225283  -4.793897  4271
  3  52   9.138734  -1.712055  -5.380923  4271
  3  53  10.555446  -1.886563  -4.400936  4271
  3  54   8.965257  -0.676291  -1.315642  4271
  3  55   9.727890   0.416737  -2.496058  4271
  3  56  10.476693  -1.140608  -2.082693  4271
  3  57  -3.435304  -1.406429  -3.408922  4271
  3  58  -3.366923  -2.864490  -3.036386  4271
  3  59  -2.184946  -3.483247  -2.626788  4271
  3  60  -4.060207  -0.672438  -2.233910  4271
  3  61  -4.278003  -1.348630  -4.679401  4271
  3  62  -4.243639  -3.491427  -2.958169  4271
  3  63  -5.053013  -1.086587  -2.067125  4271
  3  64  -4.165785   0.394748  -2.469212  4271
  3  65  -3.579120  -0.901960  -1.286770  4271
  3  66  -3.744506  -1.458979  -5.628772  4271
  3  67  -4.763792  -0.386662  -4.822675  4271
  3  68  -5.085440  -2.078085  -4.631023  4271
  3  69  -2.270959  -4.899176  -2.103959  4271
  3  70  -1.914327  -6.339610  -3.136947  4271
  3  71  -2.199675  -7.663790  -2.490636  4271
  3  72  -0.575951  -6.161155  -3.789560  4271
  3  73  -2.940320  -6.436760  -4.230245  4271
  3  74  -1.596897  -5.135884  -1.277273  4271
  3  75  -3.322120  -5.012820  -1.865117  4271
  3  76   7.691389  -4.763780  -1.865646  4271
  3  77   7.919695  -6.207787  -2.936309  4271
  3  78   6.778719  -6.377484  -3.896506  4271
  3  79   8.079067  -7.496928  -2.202266  4271
  3  80   9.187478  -6.140539  -3.736063  4271
  3  81   6.829468  -4.988246  -1.238981  4271
  3  82   8.554832  -4.599041  -1.217780  4271
  3  83   2.656976  -4.863183  -2.069863  4271
  3  84   2.803763  -4.781305  -0.679809  4271
  3  85   2.727430  -5.936118   0.101138  4271
  3  86   2.617218  -7.180531  -0.517567  4271
  3  87   2.561699  -7.264713  -1.915683  4271
  3  88   2.828239  -3.827657  -0.179452  4271
  3  89   2.737110  -5.831872   1.173071  4271
  3  90   2.409034  -8.224672  -2.376954  4271
  3  91   2.632500  -6.109852  -2.709646  4271
  3  92   2.684356  -6.169147  -4.114883  4271
  3  93   2.740500  -5.156073  -4.810965  4271
  3  94   2.696594  -7.287654  -4.623796  4271
  3  95   2.425972  -8.361902   0.235284  4271
  3  96   2.005591  -9.361468  -0.342860  4271
  3  97   2.709177  -8.321252   1.544153  4271
  3  98   3.224904  -7.535030   1.873510  4271
  3  99   2.570062  -9.460848   2.428674  4271
  3 100   3.320181  -9.472562   3.208536  4271
  3 101   2.397278 -10.418887   1.937545  4271
  3 102   1.264114  -9.183527   3.169141  4271
  3 103   1.110206 -10.041878   3.830534  4271
  3 104   0.380416  -9.083141   2.538588  4271
  3 105   1.311753  -8.040477   4.175157  4271
  3 106   1.785306  -7.111430   3.862234  4271
  3 107   1.998400  -8.378451   4.950006  4271
  3 108  -0.043286  -7.681688   4.783137  4271
  3 109   0.035949  -7.200033   5.765497  4271
  3 110  -0.606030  -8.593277   4.949637  4271
  3 111  -0.905757  -6.897744   3.800450  4271
  3 112  -1.894900  -6.860594   4.251692  4271
  3 113  -0.893452  -7.517417   2.901586  4271
  3 114  -0.397913  -5.573581   3.489839  4271
  3 115  -0.469199  -4.525647   4.392366  4271
  3 116  -1.082969  -4.621867   5.459572  4271
  3 117  -0.337967  -3.265443   3.557761  4271
  3 118  -1.054482  -2.510457   3.888222  4271
  3 119   0.683602  -2.908975   3.609025  4271
  3 120  -0.518840  -3.666635   2.096449  4271
  3 121  -1.605264  -3.700417   2.012524  4271
  3 122  -0.141673  -5.143845   2.199386  4271
  3 123  -0.280025  -5.907811   1.248748  4271
  4   7   1.450895   0.000000   0.000000  4630
  4   8   1.884421  -0.119272   0.897792  4630
  4   9   0.000000   0.000000   0.000000  4630
  4  10  -0.408022  -0.459229  -0.907099  4630
  4  11  -0.441037  -0.700124   1.276014  4630
  4  12  -1.530087  -0.721276   1.401000  4630
  4  13   0.045767  -0.217504   2.127014  4630
  4  14   0.158458  -2.404477   1.346658  4630
  4  15  -0.524022   1.427200   0.000000  4630
  4  16   0.021502   2.334126   0.618375  4630
  4  17  -1.517337  -2.852868  -2.687553  4630
  4  18  -2.109935  -2.371038  -3.864358  4630
  4  19  -0.131504  -3.043516  -2.587455  4630
  4  20  -1.257912  -1.888499  -4.866058  4630
  4  21   0.615276  -2.390047  -3.574775  4630
  4  22   0.141015  -1.757494  -4.738242  4630
  4  23   0.537326  -3.713584  -1.556786  4630
  4  24   1.918473  -3.909036  -1.600753  4630
  4  25   2.689513  -3.312802  -2.606391  4630
  4  26   1.998905  -2.647087  -3.619547  4630
  4  27   2.419263  -2.119075  -4.461568  4630
  4  28  -0.074363  -4.176757  -0.799551  4630
  4  29   4.021104  -3.458974  -2.722580  4630
  4  30   4.709506  -2.849712  -3.862010  4630
  4  31   4.151503  -3.147919  -4.755715  4630
  4  32   4.772776  -1.764401  -3.844727  4630
  4  33   5.763817  -3.082905  -4.013478  4630
  4  34  -3.475229  -2.518281  -4.137106  4630
  4  35  -4.018001  -2.213713  -5.387361  4630
  4  36  -3.176174  -1.695961  -6.381577  4630
  4  37  -1.844790  -1.422717  -6.039738  4630
  4  38  -1.180858  -0.929011  -6.735830  4630
  4  39  -4.172384  -2.848598  -3.373188  4630
  4  40  -3.639133  -1.302812  -7.579075  4630
  4  41  -2.733278  -0.844860  -8.645572  4630
  4  42  -3.193409  -0.738578  -9.625360  4630
  4  43  -2.324841   0.113821  -8.310441  4630
  4  44  -1.945007  -1.591656  -8.707397  4630
  4  45  -5.024551  -1.507611  -7.982524  4630
  4  46  -5.945222  -2.050671  -6.909932  4630
  4  47  -5.390943  -2.317589  -5.647426  4630
  4  48  -5.622183  -0.275879  -8.659407  4630
  4  49  -5.195066  -2.555503  -9.083181  4630
  4  50  -7.002432  -2.192556  -7.015189  4630
  4  51  -5.081827   0.028745  -9.556190  4630
  4  52  -5.573525   0.531644  -7.929929  4630
  4  53  -6.643622  -0.455569  -8.992239  4630
  4  54  -4.913723  -2.133676 -10.055965  4630
  4  55  -6.262475  -2.730003  -9.209227  4630
  4  56  -4.633618  -3.426851  -8.761427  4630
  4  57   4.802555  -4.301396  -1.823101  4630
  4  58   3.921443  -4.988421  -0.794198  4630
  4  59   2.546567  -4.775463  -0.703815  4630
  4  60   5.573180  -5.407249  -2.544294  4630
  4  61   5.856384  -3.444594  -1.144624  4630
  4  62   4.387708  -5.777496  -0.227755  4630
  4  63   4.941158  -6.160467  -3.015051  4630
  4  64   6.164469  -5.930548  -1.801978  4630
  4  65   6.207271  -5.039901  -3.354596  4630
  4  66   6.596547  -4.078588  -0.667230  4630
  4  67   5.402181  -2.746312  -0.439570  4630
  4  68   6.423411  -2.853760  -1.868570  4630
  4  69   1.740377  -5.723587   0.159212  4630
  4  70   1.215119  -7.247373  -0.655822  4630
  4  71   0.310504  -6.835612  -1.781266  4630
  4  72   0.389904  -8.185944   0.163082  4630
  4  73   2.243517  -8.202246  -1.201635  4630
  4  74   2.401419  -5.915783   1.002056  4630
  4  75   0.931981  -5.183172   0.670041  4630
  4  76  -6.421065  -2.459411  -4.554111  4630
  4  77  -6.873129  -4.151531  -4.063730  4630
  4  78  -5.656499  -4.868781  -3.574071  4630
  4  79  -7.548848  -4.971941  -5.119444  4630
  4  80  -7.917654  -4.095657  -2.984869  4630
  4  81  -7.347044  -2.035459  -4.937939  4630
  4  82  -6.014833  -1.969032  -3.675756  4630
  4  83  -2.310017  -3.449621  -1.708959  4630
  4  84  -2.311739  -4.835832  -1.496094  4630
  4  85  -2.764492  -5.394097  -0.302170  4630
  4  86  -3.597289  -4.646414   0.549607  4630
  4  87  -3.839761  -3.329190   0.141520  4630
  4  88  -1.713763  -5.439425  -2.170112  4630
  4  89  -2.529879  -6.438839  -0.144470  4630
  4  90  -4.541604  -2.751194   0.714265  4630
  4  91  -3.148466  -2.683973  -0.882588  4630
  4  92  -3.389007  -1.308027  -1.056691  4630
  4  93  -2.804956  -0.583910  -1.863377  4630
  4  94  -4.219598  -0.715641  -0.366403  4630
  4  95  -4.192988  -5.258145   1.666669  4630
  4  96  -4.945696  -4.617685   2.397245  4630
  4  97  -4.058518  -6.572209   1.872697  4630
  4  98  -3.512993  -7.144261   1.232651  4630
  4  99  -4.577163  -7.177091   3.075876  4630
  4 100  -4.924050  -8.183588   2.862502  4630
  4 101  -5.483017  -6.708753   3.459005  4630
  4 102  -3.541802  -7.289513   4.187086  4630
  4 103  -2.497620  -7.553402   3.992547  4630
  4 104  -3.922943  -8.057120   4.847018  4630
  4 105  -3.501482  -6.069061   5.100197  4630
  4 106  -4.369705  -6.020063   5.757076  4630
  4 107  -3.543940  -5.152197   4.510156  4630
  4 108  -2.205110  -6.089223   5.919414  4630
  4 109  -2.222479  -7.059165   6.410443  4630
  4 110  -2.205594  -5.270524   6.636233  4630
  4 111  -0.906257  -5.909761   5.135399  4630
  4 112  -0.821415  -6.724951   4.410165  4630
  4 113  -0.075944  -5.943953   5.839751  4630
  4 114  -0.889926  -4.616277   4.483685  4630
  4 115  -1.046864  -3.406734   5.125927  4630
  4 116  -0.680744  -3.176459   6.278028  4630
  4 117  -0.744639  -2.381880   4.043513  4630
  4 118  -1.392169  -1.512358   4.093888  4630
  4 119   0.285895  -2.168858   4.338840  4630
  4 120  -0.881313  -3.051524   2.679255  4630
  4 121  -1.910126  -2.841056   2.411397  4630
  4 122  -0.816042  -4.509271   3.106120  4630
  4 123  -0.732161  -5.387733   2.249749  4630
  5   7   1.449517   0.000000  -0.000000  7354
  5   8   1.849443  -0.488714   0.784933  7354
  5   9   0.000000   0.000000   0.000000  7354
  5  10  -0.274436  -0.484672  -0.942644  7354
  5  11  -0.421589  -0.855666   1.190712  7354
  5  12  -1.482701  -0.685191   1.367007  7354
  5  13   0.109347  -0.525621   2.092143  7354
  5  14  -0.182545  -2.649377   1.151206  7354
  5  15  -0.711408   1.349851   0.000000  7354
  5  16  -1.815776   1.493085   0.523695  7354
  5  17  -3.955387  -1.610841  -1.372701  7354
  5  18  -2.672477  -1.627455  -1.922670  7354
  5  19  -4.741648  -0.445343  -1.418642  7354
  5  20  -2.155269  -0.545004  -2.653354  7354
  5  21  -4.270801   0.566224  -2.261693  7354
  5  22  -3.003413   0.556468  -2.887897  7354
  5  23  -6.069608  -0.395428  -0.987675  7354
  5  24  -6.922926   0.624864  -1.427848  7354
  5  25  -6.418826   1.700850  -2.172185  7354
  5  26  -5.100594   1.627510  -2.641317  7354
  5  27  -4.605325   2.340877  -3.278747  7354
  5  28  -6.461393  -1.079297  -0.258479  7354
  5  29  -7.198050   2.717520  -2.579236  7354
  5  30  -6.532586   3.815136  -3.283650  7354
  5  31  -6.223587   3.412518  -4.239327  7354
  5  32  -7.244271   4.616188  -3.536276  7354
  5  33  -5.722523   4.270582  -2.724216  7354
  5  34  -1.827644  -2.739636  -1.811715  7354
  5  35  -0.659393  -2.903873  -2.577232  7354
  5  36  -0.197997  -1.830316  -3.338015  7354
  5  37  -0.933621  -0.636947  -3.343225  7354
  5  38  -0.630278   0.166846  -4.000339  7354
  5  39  -2.166930  -3.579782  -1.220072  7354
  5  40   0.863943  -1.936421  -4.146176  7354
  5  41   1.419232  -0.761894  -4.825174  7354
  5  42   1.498017   0.139872  -4.214427  7354
  5  43   2.452128  -0.851822  -5.159000  7354
  5  44   0.991987  -0.477526  -5.794760  7354
  5  45   1.672004  -3.136656  -4.309802  7354
  5  46   1.169078  -4.257660  -3.428089  7354
  5  47   0.076230  -4.097242  -2.572021  7354
  5  48   1.580456  -3.561167  -5.778785  7354
  5  49   3.144081  -2.991865  -3.945898  7354
  5  50   1.776935  -5.141731  -3.519888  7354
  5  51   1.463037  -4.634125  -5.905177  7354
  5  52   2.478549  -3.288907  -6.345092  7354
  5  53   0.793091  -2.996170  -6.286459  7354
  5  54   3.802783  -2.582554  -4.713476  7354
  5  55   3.629345  -3.953066  -3.780943  7354
  5  56   3.281437  -2.454312  -3.013873  7354
  5  57  -8.613142   2.787003  -2.235017  7354
  5  58  -9.147251   1.634898  -1.425833  7354
  5  59  -8.286207   0.577044  -1.121782  7354
  5  60  -8.951876   4.084052  -1.498453  7354
  5  61  -9.438520   2.827393  -3.527194  7354
  5  62 -10.203811   1.588933  -1.180739  7354
  5  63  -9.973595   3.983181  -1.128975  7354
  5  64  -8.929316   4.967964  -2.143660  7354
  5  65  -8.192174   4.129433  -0.711183  7354
  5  66 -10.502806   2.873292  -3.318172  7354
  5  67  -9.331520   1.857820  -4.020529  7354
  5  68  -9.181883   3.707101  -4.116812  7354
  5  69  -8.909795  -0.624146  -0.437835  7354
  5  70  -9.251288  -2.139158  -1.370315  7354
  5  71 -10.158765  -3.053472  -0.593578  7354
  5  72  -8.075104  -2.954324  -1.835283  7354
  5  73 -10.102675  -1.789847  -2.549393  7354
  5  74  -8.397417  -0.989068   0.444209  7354
  5  75  -9.914820  -0.359364  -0.111007  7354
  5  76  -0.189721  -5.237591  -1.615687  7354
  5  77   1.329406  -6.046185  -1.050681  7354
  5  78   2.432049  -5.146509  -0.586936  7354
  5  79   2.136364  -6.911705  -1.972307  7354
  5  80   1.030547  -6.888509   0.147724  7354
  5  81  -0.868154  -5.971037  -2.038044  7354
  5  82  -0.713619  -4.973715  -0.695633  7354
  5  83  -4.444585  -2.732461  -0.708959  7354
  5  84  -4.404088  -2.724898   0.698805  7354
  5  85  -4.529372  -3.917940   1.413198  7354
  5  86  -4.734269  -5.125010   0.731142  7354
  5  87  -4.890666  -5.107349  -0.665185  7354
  5  88  -4.105783  -1.824119   1.201808  7354
  5  89  -4.396639  -3.912808   2.484531  7354
  5  90  -5.135230  -6.032551  -1.164273  7354
  5  91  -4.731715  -3.924197  -1.392568  7354
  5  92  -4.836164  -3.928942  -2.798863  7354
  5  93  -4.635752  -2.929516  -3.479072  7354
  5  94  -5.099010  -4.996090  -3.345039  7354
  5  95  -4.868383  -6.317446   1.468375  7354
  5  96  -4.883631  -7.352261   0.815668  7354
  5  97  -4.919572  -6.437101   2.804660  7354
  5  98  -4.985250  -5.591692   3.361052  7354
  5  99  -5.165104  -7.584320   3.642102  7354
  5 100  -5.555165  -8.480265   3.151659  7354
  5 101  -5.728602  -7.479550   4.572957  7354
  5 102  -3.747253  -7.930971   4.085644  7354
  5 103  -3.102831  -8.000796   3.207040  7354
  5 104  -3.747254  -8.920489   4.554105  7354
  5 105  -3.180788  -6.972580   5.124250  7354
  5 106  -3.572643  -7.319854   6.089677  7354
  5 107  -3.400584  -5.917251   4.967489  7354
  5 108  -1.669940  -7.133686   5.244180  7354
  5 109  -1.388812  -8.191434   5.284608  7354
  5 110  -1.342796  -6.637903   6.145611  7354
  5 111  -0.882367  -6.625047   4.042176  7354
  5 112  -1.111478  -7.262147   3.186775  7354
  5 113   0.189922  -6.731699   4.161856  7354
  5 114  -1.167289  -5.212961   3.837639  7354
  5 115  -0.522660  -4.259824   4.613256  7354
  5 116   0.358324  -4.504563   5.450735  7354
  5 117  -0.549702  -2.971709   3.824313  7354
  5 118  -1.149419  -2.262256   4.401128  7354
  5 119   0.493611  -2.668103   3.733640  7354
  5 120  -1.216545  -3.285445   2.488988  7354
  5 121  -2.140439  -2.709727   2.620019  7354
  5 122  -1.542517  -4.769905   2.581850  7354
  5 123  -1.613644  -5.468575   1.574625  7354
  6   7   1.454544   0.000000   0.000000  5130
  6   8   1.830537  -0.509343   0.788097  5130
  6   9   0.000000   0.000000   0.000000  5130
  6  10  -0.382321  -0.511705  -0.888195  5130
  6  11  -0.518583  -0.738764   1.235758  5130
  6  12  -1.607653  -0.781350   1.163549  5130
  6  13  -0.157577  -0.296746   2.163818  5130
  6  14  -0.140185  -2.504874   1.177729  5130
  6  15  -0.641231   1.377071   0.000000  5130
  6  16  -1.822908   1.588951  -0.271385  5130
  6  17   4.983826  -3.272611  -0.841482  5130
  6  18   6.304446  -2.937173  -0.512324  5130
  6  19   4.260164  -2.508696  -1.766763  5130
  6  20   6.916665  -1.904419  -1.234271  5130
  6  21   4.920439  -1.472372  -2.444237  5130
  6  22   6.287121  -1.179461  -2.262625  5130
  6  23   2.935006  -2.764334  -2.124405  5130
  6  24   2.208316  -2.068561  -3.092667  5130
  6  25   2.864194  -0.995147  -3.707651  5130
  6  26   4.227025  -0.796107  -3.451386  5130
  6  27   4.811195  -0.078216  -4.018816  5130
  6  28   2.454855  -3.655056  -1.720711  5130
  6  29   2.268405  -0.176551  -4.584373  5130
  6  30   2.854090   1.081014  -5.030356  5130
  6  31   3.768672   1.039010  -5.630753  5130
  6  32   2.287796   1.785391  -5.641966  5130
  6  33   3.134383   1.689723  -4.170118  5130
  6  34   6.911714  -3.472149   0.630533  5130
  6  35   8.158772  -2.974315   1.026147  5130
  6  36   8.792441  -1.914581   0.355308  5130
  6  37   8.190121  -1.466764  -0.821881  5130
  6  38   8.576498  -0.664949  -1.438651  5130
  6  39   6.434312  -4.208730   1.254982  5130
  6  40   9.931906  -1.383338   0.819532  5130
  6  41  10.508993  -0.258089   0.067412  5130
  6  42   9.886189   0.632886  -0.012419  5130
  6  43  11.482769   0.075093   0.445501  5130
  6  44  10.699913  -0.586669  -0.946730  5130
  6  45  10.740269  -1.979643   1.884929  5130
  6  46   9.958509  -3.021192   2.651368  5130
  6  47   8.706917  -3.479675   2.219275  5130
  6  48  11.962234  -2.699607   1.337335  5130
  6  49  11.103958  -0.897267   2.900357  5130
  6  50  10.542405  -3.468875   3.452710  5130
  6  51  12.572730  -3.089801   2.148034  5130
  6  52  12.565445  -2.074367   0.675814  5130
  6  53  11.731711  -3.617581   0.803402  5130
  6  54  10.227049  -0.305720   3.159602  5130
  6  55  11.904277  -0.262594   2.528768  5130
  6  56  11.530068  -1.358364   3.794569  5130
  6  57   0.967518  -0.455310  -5.200232  5130
  6  58   0.300024  -1.647710  -4.558644  5130
  6  59   0.926541  -2.400363  -3.565273  5130
  6  60  -0.063526   0.664723  -5.163122  5130
  6  61   1.117805  -0.878331  -6.662069  5130
  6  62  -0.692384  -1.895600  -4.905457  5130
  6  63  -0.962159   0.343366  -5.688564  5130
  6  64   0.220413   1.530451  -5.753029  5130
  6  65  -0.202401   0.926691  -4.112176  5130
  6  66   0.196830  -1.331873  -7.006603  5130
  6  67   1.937787  -1.600083  -6.750416  5130
  6  68   1.400644  -0.074259  -7.340279  5130
  6  69  -0.019529  -3.381176  -2.918469  5130
  6  70   0.325183  -5.121001  -3.234517  5130
  6  71   1.749959  -5.567376  -3.090074  5130
  6  72   0.082633  -5.586069  -4.646246  5130
  6  73  -0.582593  -5.966633  -2.383606  5130
  6  74   0.096592  -3.279688  -1.831124  5130
  6  75  -1.058891  -3.166498  -3.141488  5130
  6  76   8.149214  -4.663066   2.952862  5130
  6  77   6.888478  -4.230138   4.177000  5130
  6  78   5.779746  -3.320781   3.741584  5130
  6  79   7.437651  -3.621345   5.436991  5130
  6  80   6.174300  -5.450446   4.684639  5130
  6  81   8.863390  -5.260603   3.524268  5130
  6  82   7.664527  -5.354388   2.272897  5130
  6  83   4.353594  -4.352458  -0.206470  5130
  6  84   3.245067  -4.172524   0.621657  5130
  6  85   2.840473  -5.178966   1.510635  5130
  6  86   3.483215  -6.420842   1.552115  5130
  6  87   4.451767  -6.644896   0.559487  5130
  6  88   2.665163  -3.268037   0.636043  5130
  6  89   1.956900  -4.954778   2.089889  5130
  6  90   4.859730  -7.637366   0.452395  5130
  6  91   4.848387  -5.659888  -0.346136  5130
  6  92   5.770186  -5.991324  -1.358329  5130
  6  93   6.065126  -5.238842  -2.288317  5130
  6  94   6.274676  -7.105363  -1.463278  5130
  6  95   3.028846  -7.441020   2.410536  5130
  6  96   3.483764  -8.572474   2.243621  5130
  6  97   2.276721  -7.143495   3.469208  5130
  6  98   2.204879  -6.161969   3.681678  5130
  6  99   1.645044  -8.116684   4.340062  5130
  6 100   1.633907  -7.716880   5.356592  5130
  6 101   2.210516  -9.050192   4.309880  5130
  6 102   0.209888  -8.418097   3.913831  5130
  6 103  -0.118326  -9.272999   4.498996  5130
  6 104   0.170357  -8.532942   2.819003  5130
  6 105  -0.761823  -7.290337   4.236984  5130
  6 106  -0.254586  -6.350327   4.009179  5130
  6 107  -0.918986  -7.313050   5.314798  5130
  6 108  -2.027787  -7.334905   3.386953  5130
  6 109  -2.552145  -8.256670   3.647532  5130
  6 110  -1.910157  -7.344395   2.309469  5130
  6 111  -2.916243  -6.135697   3.686362  5130
  6 112  -3.166699  -6.134172   4.741619  5130
  6 113  -3.853789  -6.136263   3.138994  5130
  6 114  -2.172161  -4.915622   3.405009  5130
  6 115  -2.184675  -3.844886   4.279234  5130
  6 116  -3.004587  -3.729535   5.196424  5130
  6 117  -1.563516  -2.645888   3.579259  5130
  6 118  -2.162741  -1.764990   3.825527  5130
  6 119  -0.547183  -2.495495   3.944021  5130
  6 120  -1.598509  -3.043355   2.113212  5130
  6 121  -2.563280  -2.726332   1.722674  5130
  6 122  -1.846288  -4.546385   2.112579  5130
  6 123  -1.344067  -5.338548   1.329919  5130
  7   7   1.452513  -0.000000   0.000000  7120
  7   8   1.945591  -0.381239   0.794438  7120
  7   9   0.000000   0.000000   0.000000  7120
  7  10  -0.366745  -0.443850  -0.923145  7120
  7  11  -0.522953  -0.872293   1.144085  7120
  7  12  -1.610310  -0.805792   1.185752  7120
  7  13  -0.110567  -0.517341   2.089889  7120
  7  14   0.030362  -2.590654   1.046229  7120
  7  15  -0.648945   1.384474   0.000000  7120
  7  16  -1.743117   1.562335  -0.522738  7120
  7  17   3.515696  -3.367423  -2.468551  7120
  7  18   4.492761  -2.524749  -3.001890  7120
  7  19   2.150410  -3.131879  -2.651334  7120
  7  20   4.049802  -1.415706  -3.733948  7120
  7  21   1.719087  -2.100734  -3.505033  7120
  7  22   2.686512  -1.207178  -4.013510  7120
  7  23   1.202675  -4.019382  -2.123474  7120
  7  24  -0.155108  -3.856813  -2.435557  7120
  7  25  -0.598065  -2.747767  -3.167616  7120
  7  26   0.356348  -1.823907  -3.610425  7120
  7  27   0.139135  -0.929966  -4.184783  7120
  7  28   1.503601  -4.885209  -1.550074  7120
  7  29  -1.891823  -2.474507  -3.403885  7120
  7  30  -2.203559  -1.266036  -4.155826  7120
  7  31  -1.912272  -1.333189  -5.204656  7120
  7  32  -3.280587  -1.083894  -4.202025  7120
  7  33  -1.794612  -0.316443  -3.804908  7120
  7  34   5.865139  -2.734288  -2.793155  7120
  7  35   6.796350  -1.945249  -3.479860  7120
  7  36   6.418591  -0.790911  -4.178786  7120
  7  37   5.033956  -0.606112  -4.305439  7120
  7  38   4.640844   0.128456  -4.991858  7120
  7  39   6.301004  -3.524801  -2.204930  7120
  7  40   7.251489   0.164689  -4.600932  7120
  7  41   6.766191   1.407954  -5.197741  7120
  7  42   6.355662   1.213214  -6.185132  7120
  7  43   6.051981   1.885982  -4.518261  7120
  7  44   7.513032   2.180779  -5.351582  7120
  7  45   8.695603  -0.071393  -4.539335  7120
  7  46   9.049889  -1.419259  -3.952192  7120
  7  47   8.148212  -2.287846  -3.332566  7120
  7  48   9.318178   0.037178  -5.927971  7120
  7  49   9.352946   0.995496  -3.672530  7120
  7  50  10.102682  -1.680801  -3.970089  7120
  7  51   8.566517  -0.365853  -6.617298  7120
  7  52  10.291527  -0.444630  -5.992444  7120
  7  53   9.520998   1.074987  -6.179407  7120
  7  54  10.422884   0.816893  -3.620229  7120
  7  55   9.000525   0.859921  -2.642763  7120
  7  56   9.208781   1.994320  -4.075233  7120
  7  57  -2.982275  -3.373939  -3.067829  7120
  7  58  -2.455256  -4.617728  -2.389418  7120
  7  59  -1.115029  -4.793798  -2.024328  7120
  7  60  -4.012282  -2.809551  -2.084187  7120
  7  61  -3.602371  -3.879915  -4.364274  7120
  7  62  -3.135731  -5.440198  -2.277181  7120
  7  63  -3.537519  -2.253386  -1.264565  7120
  7  64  -4.627075  -3.611852  -1.694137  7120
  7  65  -4.554720  -2.049415  -2.647531  7120
  7  66  -4.325047  -4.637227  -4.043774  7120
  7  67  -2.849539  -4.290796  -5.021404  7120
  7  68  -4.154862  -3.088090  -4.875708  7120
  7  69  -0.807078  -5.982954  -1.140432  7120
  7  70  -0.137067  -7.530547  -1.791928  7120
  7  71  -1.055266  -8.350251  -2.646322  7120
  7  72   0.219556  -8.388827  -0.617078  7120
  7  73   1.094864  -7.415299  -2.656314  7120
  7  74  -0.102782  -5.720292  -0.359166  7120
  7  75  -1.729135  -6.246422  -0.616789  7120
  7  76   8.591513  -3.559752  -2.653198  7120
  7  77   9.144211  -3.234162  -0.953369  7120
  7  78   7.927907  -3.185921  -0.083669  7120
  7  79   9.897041  -1.951548  -0.756524  7120
  7  80  10.058969  -4.300611  -0.435294  7120
  7  81   9.461521  -3.903648  -3.212950  7120
  7  82   7.923569  -4.387401  -2.851310  7120
  7  83   3.883198  -4.396269  -1.592013  7120
  7  84   3.707709  -4.073388  -0.245368  7120
  7  85   3.760654  -5.076470   0.725985  7120
  7  86   4.051529  -6.393240   0.335981  7120
  7  87   4.312525  -6.650761  -1.014746  7120
  7  88   3.625301  -3.044680   0.095025  7120
  7  89   3.583719  -4.756866   1.744928  7120
  7  90   4.329530  -7.690046  -1.326671  7120
  7  91   4.167603  -5.695488  -2.032513  7120
  7  92   4.400784  -6.047809  -3.376982  7120
  7  93   4.130286  -5.247893  -4.270275  7120
  7  94   4.693451  -7.209172  -3.641906  7120
  7  95   4.032186  -7.408538   1.312352  7120
  7  96   4.321341  -8.550960   0.983171  7120
  7  97   3.748952  -7.168807   2.598356  7120
  7  98   3.602929  -6.202059   2.867938  7120
  7  99   3.436945  -8.095855   3.658749  7120
  7 100   3.787852  -7.780777   4.638183  7120
  7 101   3.933531  -9.037761   3.438028  7120
  7 102   1.927768  -8.348205   3.722861  7120
  7 103   1.788288  -9.235050   4.337475  7120
  7 104   1.565639  -8.654822   2.741869  7120
  7 105   1.043439  -7.150482   4.082190  7120
  7 106   1.443641  -6.294049   3.542407  7120
  7 107   1.164951  -7.073659   5.162668  7120
  7 108  -0.430143  -7.410921   3.782478  7120
  7 109  -0.680879  -8.332437   4.304246  7120
  7 110  -0.676957  -7.554853   2.726416  7120
  7 111  -1.332167  -6.354464   4.399935  7120
  7 112  -1.138983  -6.338524   5.467891  7120
  7 113  -2.369193  -6.667994   4.261478  7120
  7 114  -1.220085  -5.021445   3.838959  7120
  7 115  -0.915235  -3.918042   4.619068  7120
  7 116  -0.435928  -3.948055   5.751220  7120
  7 117  -0.641573  -2.733557   3.692675  7120
  7 118  -1.080123  -1.806702   4.055189  7120
  7 119   0.431874  -2.557022   3.723403  7120
  7 120  -1.074340  -3.241508   2.320052  7120
  7 121  -2.005415  -2.701892   2.137803  7120
  7 122  -1.224148  -4.746205   2.477664  7120
  7 123  -1.857945  -5.467055   1.716232  7120
  8   7   1.443226   0.000000   0.000000  8269
  8   8   1.928527  -0.337003   0.808587  8269
  8   9   0.000000   0.000000   0.000000  8269
  8  10  -0.391969  -0.436411  -0.926987  8269
  8  11  -0.446223  -0.787124   1.235848  8269
  8  12  -1.535864  -0.783786   1.186170  8269
  8  13  -0.240918  -0.248463   2.163638  8269
  8  14   0.185003  -2.469553   1.434568  8269
  8  15  -0.540596   1.420899   0.000000  8269
  8  16  -1.628091   1.718109  -0.483654  8269
  8  17   1.681444  -3.168428  -2.937942  8269
  8  18   2.770255  -2.400743  -3.379812  8269
  8  19   0.401532  -2.607598  -3.014068  8269
  8  20   2.532524  -1.178922  -4.015454  8269
  8  21   0.173986  -1.375992  -3.649024  8269
  8  22   1.232448  -0.743999  -4.328099  8269
  8  23  -0.609397  -3.164501  -2.217086  8269
  8  24  -1.858474  -2.545629  -2.267123  8269
  8  25  -2.148866  -1.386072  -2.981825  8269
  8  26  -1.079041  -0.747220  -3.635923  8269
  8  27  -1.013079   0.209257  -4.120690  8269
  8  28  -0.444696  -4.098249  -1.691362  8269
  8  29  -3.337455  -0.771492  -2.994144  8269
  8  30  -3.532020   0.277714  -3.994399  8269
  8  31  -3.076097  -0.080743  -4.920164  8269
  8  32  -4.588888   0.451591  -4.193886  8269
  8  33  -3.032306   1.196246  -3.673176  8269
  8  34   4.080514  -2.914135  -3.410589  8269
  8  35   5.147845  -2.198536  -3.956504  8269
  8  36   4.945312  -0.882533  -4.417819  8269
  8  37   3.622580  -0.449610  -4.511415  8269
  8  38   3.328378   0.490607  -4.955978  8269
  8  39   4.262191  -3.931509  -3.109850  8269
  8  40   5.867690  -0.133686  -5.035031  8269
  8  41   5.598293   1.237815  -5.441125  8269
  8  42   6.486303   1.779057  -5.793532  8269
  8  43   4.821145   1.323306  -6.200026  8269
  8  44   5.312267   1.800116  -4.552527  8269
  8  45   7.231441  -0.628134  -5.255493  8269
  8  46   7.470767  -2.018398  -4.718464  8269
  8  47   6.438704  -2.716356  -4.073328  8269
  8  48   7.752773  -0.498479  -6.681326  8269
  8  49   8.206548   0.253938  -4.475934  8269
  8  50   8.389058  -2.503986  -5.010945  8269
  8  51   7.454345   0.464061  -7.090057  8269
  8  52   7.262968  -1.154252  -7.399487  8269
  8  53   8.823293  -0.683066  -6.677285  8269
  8  54   9.244779  -0.055540  -4.543026  8269
  8  55   7.836267   0.128405  -3.456261  8269
  8  56   8.236342   1.312640  -4.716074  8269
  8  57  -4.538236  -1.265222  -2.320307  8269
  8  58  -4.200312  -2.472989  -1.477871  8269
  8  59  -2.917629  -3.040789  -1.489173  8269
  8  60  -5.006217  -0.160279  -1.369783  8269
  8  61  -5.701465  -1.741987  -3.173594  8269
  8  62  -4.970739  -2.996665  -0.935554  8269
  8  63  -5.925547  -0.435305  -0.852006  8269
  8  64  -5.238544   0.707484  -1.990760  8269
  8  65  -4.259626   0.135876  -0.645701  8269
  8  66  -5.329173  -2.314259  -4.034642  8269
  8  67  -6.257581  -0.881428  -3.549194  8269
  8  68  -6.380567  -2.335218  -2.557640  8269
  8  69  -2.744821  -4.252966  -0.610441  8269
  8  70  -3.089743  -5.816808  -1.457512  8269
  8  71  -3.004238  -6.916518  -0.449827  8269
  8  72  -2.144983  -6.087108  -2.589841  8269
  8  73  -4.460838  -5.838773  -2.068834  8269
  8  74  -1.772694  -4.215011  -0.134285  8269
  8  75  -3.492729  -4.204487   0.180938  8269
  8  76   6.768522  -4.097803  -3.547861  8269
  8  77   6.393668  -5.346341  -4.804181  8269
  8  78   5.136831  -5.037269  -5.566371  8269
  8  79   6.327083  -6.735738  -4.256332  8269
  8  80   7.431552  -5.420606  -5.888563  8269
  8  81   6.159886  -4.332604  -2.678014  8269
  8  82   7.826499  -4.115866  -3.255528  8269
  8  83   1.919869  -4.233323  -2.073446  8269
  8  84   2.397827  -3.952811  -0.782450  8269
  8  85   2.674568  -4.978355   0.117870  8269
  8  86   2.347800  -6.287839  -0.254781  8269
  8  87   2.016389  -6.564538  -1.589474  8269
  8  88   2.496423  -2.907204  -0.545836  8269
  8  89   2.952626  -4.715339   1.128269  8269
  8  90   1.787182  -7.595089  -1.850873  8269
  8  91   1.821479  -5.549664  -2.532101  8269
  8  92   1.533513  -5.923143  -3.859991  8269
  8  93   1.443160  -5.110732  -4.778590  8269
  8  94   1.300148  -7.090118  -4.154111  8269
  8  95   2.417506  -7.354007   0.654795  8269
  8  96   2.003504  -8.463169   0.322889  8269
  8  97   2.812801  -7.148857   1.916007  8269
  8  98   3.222716  -6.252666   2.140085  8269
  8  99   2.804487  -8.143366   2.961515  8269
  8 100   3.698595  -8.033751   3.573606  8269
  8 101   2.751690  -9.092160   2.413245  8269
  8 102   1.582502  -7.914636   3.847029  8269
  8 103   1.382187  -8.782037   4.472561  8269
  8 104   0.744171  -7.811321   3.159114  8269
  8 105   1.649712  -6.643515   4.684608  8269
  8 106   1.797644  -5.809700   4.004046  8269
  8 107   2.540840  -6.796561   5.298096  8269
  8 108   0.481287  -6.548538   5.662545  8269
  8 109   0.739458  -5.807342   6.414594  8269
  8 110   0.259216  -7.496704   6.160003  8269
  8 111  -0.831675  -6.116827   5.004324  8269
  8 112  -1.660998  -6.058784   5.702003  8269
  8 113  -1.033514  -6.875439   4.247445  8269
  8 114  -0.679933  -4.811013   4.384628  8269
  8 115  -0.599142  -3.638463   5.114971  8269
  8 116  -1.181312  -3.516510   6.187122  8269
  8 117  -0.684923  -2.526332   4.079979  8269
  8 118  -1.402206  -1.750176   4.385408  8269
  8 119   0.263022  -1.999584   4.064615  8269
  8 120  -0.901521  -3.154449   2.701446  8269
  8 121  -1.960121  -3.076103   2.432885  8269
  8 122  -0.785738  -4.635489   3.015323  8269
  8 123  -0.165736  -5.380250   2.249078  8269
  9   7   1.446720   0.000000  -0.000000  4377
  9   8   1.957048  -0.302002   0.820280  4377
  9   9   0.000000   0.000000   0.000000  4377
  9  10  -0.391989  -0.601609  -0.810995  4377
  9  11  -0.527192  -0.840195   1.171428  4377
  9  12  -1.605355  -0.821968   1.026745  4377
  9  13  -0.325356  -0.322083   2.106800  4377
  9  14   0.035598  -2.546416   1.391366  4377
  9  15  -0.600255   1.400570   0.000000  4377
  9  16  -1.803805   1.605530  -0.147507  4377
  9  17   1.973431  -4.218741  -1.639269  4377
  9  18   3.220942  -3.829810  -2.132978  4377
  9  19   0.813219  -3.555382  -2.047151  4377
  9  20   3.294418  -2.774165  -3.048628  4377
  9  21   0.891811  -2.410153  -2.861074  4377
  9  22   2.136834  -2.060273  -3.418570  4377
  9  23  -0.427448  -3.951734  -1.533488  4377
  9  24  -1.558143  -3.150993  -1.709953  4377
  9  25  -1.461305  -1.973309  -2.462935  4377
  9  26  -0.250843  -1.615035  -3.055576  4377
  9  27  -0.059998  -0.683233  -3.561363  4377
  9  28  -0.530025  -4.720331  -0.776760  4377
  9  29  -2.532693  -1.180993  -2.642825  4377
  9  30  -2.496750   0.037066  -3.440096  4377
  9  31  -1.665285   0.632675  -3.062719  4377
  9  32  -2.181901  -0.181923  -4.456469  4377
  9  33  -3.359253   0.668436  -3.636208  4377
  9  34   4.420621  -4.502098  -1.837178  4377
  9  35   5.632464  -4.112817  -2.423773  4377
  9  36   5.683131  -3.136919  -3.421399  4377
  9  37   4.513174  -2.386563  -3.628194  4377
  9  38   4.415020  -1.595896  -4.352979  4377
  9  39   4.472117  -5.224939  -1.036086  4377
  9  40   6.793918  -2.828647  -4.098686  4377
  9  41   6.839884  -1.831345  -5.171941  4377
  9  42   7.805585  -1.802807  -5.687989  4377
  9  43   6.007449  -2.026245  -5.851033  4377
  9  44   6.700671  -0.864924  -4.704657  4377
  9  45   8.096243  -3.295151  -3.641278  4377
  9  46   8.046268  -4.297458  -2.508368  4377
  9  47   6.812375  -4.783511  -2.065470  4377
  9  48   8.936489  -3.938490  -4.735036  4377
  9  49   8.885753  -2.102776  -3.122808  4377
  9  50   8.988884  -4.779827  -2.284320  4377
  9  51   9.866247  -4.344402  -4.337815  4377
  9  52   9.231362  -3.232778  -5.510935  4377
  9  53   8.332434  -4.716164  -5.223031  4377
  9  54   9.764015  -2.511122  -2.618619  4377
  9  55   8.335196  -1.567045  -2.353858  4377
  9  56   9.181939  -1.371794  -3.879737  4377
  9  57  -3.841308  -1.470233  -2.050991  4377
  9  58  -3.868680  -2.716177  -1.211900  4377
  9  59  -2.744274  -3.543748  -1.078338  4377
  9  60  -4.362211  -0.392010  -1.110514  4377
  9  61  -4.949401  -1.609275  -3.085881  4377
  9  62  -4.785719  -3.046942  -0.744744  4377
  9  63  -3.744952  -0.303540  -0.216779  4377
  9  64  -5.309318  -0.672830  -0.644545  4377
  9  65  -4.370714   0.592871  -1.578311  4377
  9  66  -5.811006  -2.175245  -2.715184  4377
  9  67  -4.435064  -2.190586  -3.844324  4377
  9  68  -5.212064  -0.601517  -3.397861  4377
  9  69  -3.036451  -4.896612  -0.473865  4377
  9  70  -3.599725  -6.197375  -1.596379  4377
  9  71  -2.587435  -6.468385  -2.670821  4377
  9  72  -4.868526  -5.737921  -2.273392  4377
  9  73  -3.912846  -7.409348  -0.766937  4377
  9  74  -2.151692  -5.260906   0.034457  4377
  9  75  -3.863633  -4.859214   0.234707  4377
  9  76   6.886682  -5.823872  -0.964277  4377
  9  77   6.755558  -5.341004   0.773838  4377
  9  78   7.911413  -4.463570   1.169826  4377
  9  79   6.577362  -6.534134   1.674274  4377
  9  80   5.542469  -4.568933   1.226412  4377
  9  81   7.866830  -6.308290  -1.019490  4377
  9  82   6.048304  -6.501625  -1.084157  4377
  9  83   1.800903  -5.276355  -0.740498  4377
  9  84   2.266577  -5.045147   0.564028  4377
  9  85   2.029767  -6.019356   1.545933  4377
  9  86   1.517781  -7.272934   1.195198  4377
  9  87   1.239013  -7.522854  -0.155332  4377
  9  88   2.706952  -4.130920   0.918374  4377
  9  89   2.401089  -5.804238   2.541043  4377
  9  90   0.974553  -8.545040  -0.409684  4377
  9  91   1.374906  -6.541629  -1.150136  4377
  9  92   1.115975  -6.867587  -2.495650  4377
  9  93   1.301843  -6.086783  -3.416735  4377
  9  94   0.699793  -7.984499  -2.808372  4377
  9  95   1.202172  -8.214155   2.191335  4377
  9  96   0.700347  -9.290661   1.872893  4377
  9  97   1.189938  -7.874610   3.479535  4377
  9  98   1.645657  -6.997789   3.724495  4377
  9  99   0.590720  -8.691338   4.513989  4377
  9 100   1.177219  -8.686876   5.432140  4377
  9 101   0.348863  -9.727541   4.276743  4377
  9 102  -0.749276  -8.088469   4.937142  4377
  9 103  -1.191034  -8.895189   5.520370  4377
  9 104  -1.295754  -7.902847   4.010802  4377
  9 105  -0.424543  -6.852169   5.766667  4377
  9 106   0.370565  -6.218878   5.363623  4377
  9 107  -0.045063  -7.246091   6.707902  4377
  9 108  -1.743871  -6.179894   6.143388  4377
  9 109  -1.552888  -5.579183   7.038023  4377
  9 110  -2.382970  -7.003932   6.447050  4377
  9 111  -2.461564  -5.510451   4.974558  4377
  9 112  -3.321786  -4.944719   5.329615  4377
  9 113  -2.893645  -6.231342   4.288321  4377
  9 114  -1.607979  -4.477037   4.424607  4377
  9 115  -1.296793  -3.290954   5.084738  4377
  9 116  -1.798271  -2.873563   6.118616  4377
  9 117  -0.935769  -2.280360   4.003597  4377
  9 118  -1.545218  -1.373747   4.008494  4377
  9 119   0.105896  -1.969869   3.992356  4377
  9 120  -1.131730  -3.032073   2.693663  4377
  9 121  -2.093493  -2.729697   2.288962  4377
  9 122  -1.277853  -4.498629   3.070446  4377
  9 123  -1.763918  -5.337546   2.323749  4377
 10   7   1.448516  -0.000000   0.000000  3958
 10   8   1.800120  -0.429769   0.835869  3958
 10   9   0.000000   0.000000   0.000000  3958
 10  10  -0.338209  -0.596970  -0.850790  3958
 10  11  -0.432097  -0.733006   1.268145  3958
 10  12  -1.526182  -0.692776   1.284262  3958
 10  13  -0.058405  -0.254819   2.174892  3958
 10  14   0.037831  -2.476239   1.378190  3958
 10  15  -0.520048   1.424834   0.000000  3958
 10  16  -1.707955   1.653304  -0.227120  3958
 10  17   0.779763  -3.326202  -2.969452  3958
 10  18   1.748413  -2.790600  -3.817423  3958
 10  19  -0.440934  -2.683826  -2.708200  3958
 10  20   1.404334  -1.649155  -4.566303  3958
 10  21  -0.741311  -1.581809  -3.513080  3958
 10  22   0.125924  -1.059641  -4.486091  3958
 10  23  -1.330740  -3.157248  -1.738916  3958
 10  24  -2.581813  -2.524976  -1.640682  3958
 10  25  -2.920090  -1.409070  -2.409916  3958
 10  26  -1.934255  -0.891404  -3.274699  3958
 10  27  -2.039949  -0.037737  -3.918889  3958
 10  28  -1.240924  -4.119322  -1.262942  3958
 10  29  -4.113105  -0.806491  -2.434758  3958
 10  30  -4.342443   0.245164  -3.416606  3958
 10  31  -4.491145  -0.107109  -4.441783  3958
 10  32  -5.296591   0.721990  -3.205802  3958
 10  33  -3.627570   1.061238  -3.485068  3958
 10  34   3.074732  -3.225280  -3.960328  3958
 10  35   3.965575  -2.623676  -4.869050  3958
 10  36   3.647456  -1.469882  -5.586727  3958
 10  37   2.343435  -1.005731  -5.381101  3958
 10  38   2.036223  -0.036817  -5.765460  3958
 10  39   3.365306  -4.210089  -3.629541  3958
 10  40   4.433296  -0.830456  -6.464732  3958
 10  41   4.133885   0.472991  -7.055307  3958
 10  42   4.096952   1.286132  -6.336955  3958
 10  43   4.846755   0.675769  -7.863205  3958
 10  44   3.130030   0.368238  -7.470282  3958
 10  45   5.760723  -1.401731  -6.657036  3958
 10  46   6.225543  -2.556094  -5.788766  3958
 10  47   5.237982  -3.182681  -5.023646  3958
 10  48   5.947190  -1.868053  -8.092159  3958
 10  49   6.875795  -0.412640  -6.322505  3958
 10  50   7.188116  -3.027458  -5.925412  3958
 10  51   5.759206  -1.118115  -8.870396  3958
 10  52   5.183375  -2.637772  -8.248099  3958
 10  53   6.954913  -2.245387  -8.265131  3958
 10  54   6.968924   0.421725  -7.028311  3958
 10  55   7.910232  -0.709055  -6.161955  3958
 10  56   6.669033   0.085366  -5.370171  3958
 10  57  -5.182199  -1.276709  -1.545133  3958
 10  58  -4.874367  -2.521004  -0.741410  3958
 10  59  -3.563163  -2.995523  -0.750209  3958
 10  60  -5.470699  -0.111685  -0.602962  3958
 10  61  -6.468273  -1.559284  -2.308720  3958
 10  62  -5.606218  -2.917822  -0.049220  3958
 10  63  -5.886090   0.721590  -1.167325  3958
 10  64  -4.552658   0.166260  -0.085811  3958
 10  65  -6.142768  -0.375582   0.204802  3958
 10  66  -7.269575  -1.550942  -1.584535  3958
 10  67  -6.273385  -2.517816  -2.799673  3958
 10  68  -6.768994  -0.918850  -3.138908  3958
 10  69  -3.236071  -4.070312   0.249210  3958
 10  70  -3.759916  -5.769130  -0.097516  3958
 10  71  -3.567029  -6.918658   0.844439  3958
 10  72  -3.162409  -6.250985  -1.381299  3958
 10  73  -5.200701  -5.905478  -0.479417  3958
 10  74  -2.185959  -4.130734   0.530849  3958
 10  75  -3.800234  -3.859897   1.160824  3958
 10  76   5.759345  -4.358024  -4.235768  3958
 10  77   5.736973  -5.877733  -5.224394  3958
 10  78   4.379377  -6.287195  -5.711602  3958
 10  79   6.202621  -6.967854  -4.298916  3958
 10  80   6.595994  -5.787529  -6.458637  3958
 10  81   5.220653  -4.680339  -3.336362  3958
 10  82   6.765683  -4.236856  -3.835770  3958
 10  83   1.170301  -4.392574  -2.163950  3958
 10  84   1.933427  -4.047577  -1.038113  3958
 10  85   2.300423  -5.036638  -0.125056  3958
 10  86   2.033529  -6.382480  -0.389403  3958
 10  87   1.317486  -6.705798  -1.543766  3958
 10  88   2.094763  -2.997910  -0.815481  3958
 10  89   2.830482  -4.782954   0.788554  3958
 10  90   1.166503  -7.753442  -1.775812  3958
 10  91   0.893465  -5.735166  -2.459777  3958
 10  92   0.289607  -6.091441  -3.678391  3958
 10  93  -0.048807  -5.304256  -4.560953  3958
 10  94   0.114601  -7.292716  -3.842460  3958
 10  95   2.483230  -7.438837   0.430215  3958
 10  96   2.072464  -8.566563   0.160750  3958
 10  97   3.219706  -7.278465   1.529525  3958
 10  98   3.464025  -6.320627   1.738709  3958
 10  99   3.295510  -8.202210   2.646152  3958
 10 100   4.338575  -8.482911   2.745232  3958
 10 101   2.721612  -9.120248   2.592834  3958
 10 102   2.932793  -7.435966   3.920087  3958
 10 103   3.584218  -6.559389   3.954166  3958
 10 104   3.210734  -8.091590   4.743191  3958
 10 105   1.478337  -6.988255   3.882401  3958
 10 106   0.899814  -7.830150   3.511153  3958
 10 107   1.332398  -6.229918   3.120345  3958
 10 108   0.965608  -6.508864   5.237644  3958
 10 109   1.667429  -5.736715   5.559568  3958
 10 110   1.075376  -7.320688   5.948413  3958
 10 111  -0.401863  -5.831133   5.132687  3958
 10 112  -0.917492  -5.657119   6.079233  3958
 10 113  -1.170853  -6.490871   4.729207  3958
 10 114  -0.298860  -4.597398   4.385569  3958
 10 115   0.118395  -3.407087   4.951752  3958
 10 116   0.150913  -3.412626   6.186381  3958
 10 117  -0.313219  -2.255065   4.066395  3958
 10 118  -1.107550  -1.662288   4.530996  3958
 10 119   0.630852  -1.747104   3.865133  3958
 10 120  -0.849145  -3.007790   2.858471  3958
 10 121  -1.861976  -2.608951   2.860527  3958
 10 122  -1.030089  -4.489017   3.201147  3958
 10 123  -0.930054  -5.318574   2.315013  3958
 11   7   1.442705   0.000000   0.000000  3449
 11   8   1.876061  -0.559257   0.716058  3449
 11   9   0.000000   0.000000   0.000000  3449
 11  10  -0.268800  -0.371860  -0.991092  3449
 11  11  -0.603172  -0.778332   1.172811  3449
 11  12  -1.689325  -0.713408   1.072535  3449
 11  13  -0.303524  -0.306792   2.099776  3449
 11  14  -0.117209  -2.516289   1.200105  3449
 11  15  -0.692378   1.351893   0.000000  3449
 11  16  -1.787612   1.513579  -0.529642  3449
 11  17   1.407492  -3.074720  -2.979505  3449
 11  18   2.466473  -2.487236  -3.668360  3449
 11  19   0.184443  -2.409588  -2.945582  3449
 11  20   2.300119  -1.301773  -4.403820  3449
 11  21   0.013237  -1.224020  -3.672300  3449
 11  22   1.050524  -0.655487  -4.441589  3449
 11  23  -0.866707  -2.875891  -2.139453  3449
 11  24  -2.078041  -2.175023  -2.053706  3449
 11  25  -2.279676  -0.970643  -2.751783  3449
 11  26  -1.183750  -0.523792  -3.487085  3449
 11  27  -1.165519   0.463655  -3.934765  3449
 11  28  -0.796006  -3.782138  -1.563329  3449
 11  29  -3.409914  -0.261972  -2.689749  3449
 11  30  -3.510141   0.956471  -3.491841  3449
 11  31  -3.315923   0.686088  -4.536001  3449
 11  32  -4.423079   1.540987  -3.410678  3449
 11  33  -2.795927   1.660232  -3.069561  3449
 11  34   3.737833  -3.058167  -3.733779  3449
 11  35   4.782053  -2.540749  -4.521488  3449
 11  36   4.605580  -1.260164  -5.057827  3449
 11  37   3.357855  -0.617434  -5.014457  3449
 11  38   3.241753   0.402849  -5.354076  3449
 11  39   3.930112  -4.031374  -3.295261  3449
 11  40   5.644599  -0.569063  -5.553123  3449
 11  41   5.463758   0.743164  -6.195196  3449
 11  42   6.394371   1.201510  -6.530572  3449
 11  43   4.907096   0.485508  -7.095772  3449
 11  44   5.067699   1.430777  -5.450999  3449
 11  45   6.938418  -1.176129  -5.857267  3449
 11  46   7.057014  -2.558995  -5.248895  3449
 11  47   5.984444  -3.226447  -4.658128  3449
 11  48   7.206869  -1.401245  -7.341133  3449
 11  49   8.109691  -0.377793  -5.308287  3449
 11  50   8.013687  -3.065780  -5.306713  3449
 11  51   6.426946  -2.067277  -7.697390  3449
 11  52   8.142612  -1.912020  -7.547765  3449
 11  53   7.186008  -0.396391  -7.764965  3449
 11  54   8.284500   0.492568  -5.942174  3449
 11  55   9.002041  -0.999776  -5.320368  3449
 11  56   7.905767  -0.059416  -4.281519  3449
 11  57  -4.597196  -0.731053  -1.970568  3449
 11  58  -4.326941  -2.026112  -1.244767  3449
 11  59  -3.098901  -2.699636  -1.264384  3449
 11  60  -5.015991   0.318245  -0.957362  3449
 11  61  -5.806243  -1.004537  -2.855558  3449
 11  62  -5.092723  -2.482961  -0.623506  3449
 11  63  -5.547700   1.158959  -1.411107  3449
 11  64  -4.188310   0.490426  -0.271361  3449
 11  65  -5.752731  -0.100059  -0.274694  3449
 11  66  -5.568082  -1.818066  -3.548631  3449
 11  67  -5.964419  -0.040346  -3.332231  3449
 11  68  -6.679464  -1.274306  -2.261830  3449
 11  69  -3.072423  -3.954075  -0.422730  3449
 11  70  -3.536969  -5.435956  -1.360561  3449
 11  71  -2.481522  -5.554554  -2.420403  3449
 11  72  -4.876675  -5.405617  -2.035741  3449
 11  73  -3.498915  -6.646371  -0.490132  3449
 11  74  -2.078248  -4.255618  -0.107626  3449
 11  75  -3.786358  -3.824043   0.391880  3449
 11  76   6.259970  -4.616523  -4.122705  3449
 11  77   6.894125  -4.833344  -2.430066  3449
 11  78   7.986171  -3.829706  -2.236295  3449
 11  79   7.539025  -6.185809  -2.364907  3449
 11  80   5.971971  -4.580349  -1.274979  3449
 11  81   6.935922  -5.008852  -4.875213  3449
 11  82   5.325335  -5.169023  -4.211615  3449
 11  83   1.552150  -4.161301  -2.108577  3449
 11  84   2.418300  -4.103081  -0.999572  3449
 11  85   2.417815  -5.185885  -0.117735  3449
 11  86   1.733060  -6.376077  -0.346324  3449
 11  87   1.037216  -6.431918  -1.555281  3449
 11  88   2.812840  -3.135644  -0.723515  3449
 11  89   2.966993  -4.939533   0.778821  3449
 11  90   0.648707  -7.409359  -1.839310  3449
 11  91   1.051561  -5.403558  -2.508838  3449
 11  92   0.663470  -5.733621  -3.818245  3449
 11  93   0.868987  -4.920913  -4.720336  3449
 11  94   0.457053  -6.903256  -4.124748  3449
 11  95   1.695077  -7.428452   0.594402  3449
 11  96   1.063899  -8.453841   0.324963  3449
 11  97   2.401805  -7.287149   1.716884  3449
 11  98   2.900035  -6.404117   1.788432  3449
 11  99   2.512568  -8.294336   2.751054  3449
 11 100   3.536618  -8.368136   3.091464  3449
 11 101   2.141735  -9.229143   2.339082  3449
 11 102   1.652173  -7.811099   3.914799  3449
 11 103   1.618901  -8.616367   4.649332  3449
 11 104   0.627639  -7.625483   3.584228  3449
 11 105   2.134531  -6.556062   4.636469  3449
 11 106   2.264910  -5.769778   3.898865  3449
 11 107   3.139170  -6.677231   5.046733  3449
 11 108   1.278849  -6.160213   5.838180  3449
 11 109   1.842442  -5.332467   6.266898  3449
 11 110   1.260964  -6.919948   6.615022  3449
 11 111  -0.082831  -5.705441   5.328752  3449
 11 112  -0.704577  -5.459550   6.193141  3449
 11 113  -0.576902  -6.521620   4.812666  3449
 11 114  -0.120189  -4.488678   4.538694  3449
 11 115   0.148682  -3.225810   5.038866  3449
 11 116   0.293757  -3.053570   6.249603  3449
 11 117  -0.049696  -2.270227   3.865192  3449
 11 118  -0.638519  -1.450033   4.272098  3449
 11 119   0.838358  -1.803940   3.437480  3449
 11 120  -0.793092  -3.048776   2.787127  3449
 11 121  -1.866559  -2.862774   2.795384  3449
 11 122  -0.503982  -4.476719   3.204730  3449
 11 123  -1.099948  -5.408550   2.656352  3449
 12   7   1.442843  -0.000000   0.000000  2589
 12   8   1.943522  -0.175098   0.867503  2589
 12   9   0.000000   0.000000   0.000000  2589
 12  10  -0.378423  -0.544173  -0.867796  2589
 12  11  -0.492778  -0.817762   1.203840  2589
 12  12  -1.570509  -0.827953   1.094346  2589
 12  13  -0.309110  -0.232325   2.112482  2589
 12  14   0.123363  -2.505066   1.402539  2589
 12  15  -0.566171   1.411402   0.000000  2589
 12  16  -1.789656   1.518034   0.081318  2589
 12  17   2.265374  -3.190098  -2.359645  2589
 12  18   3.239493  -2.361265  -2.924822  2589
 12  19   0.894818  -3.007138  -2.562127  2589
 12  20   2.788162  -1.518579  -3.954763  2589
 12  21   0.499212  -2.060476  -3.499958  2589
 12  22   1.437843  -1.355201  -4.290688  2589
 12  23  -0.113330  -3.700552  -1.877354  2589
 12  24  -1.446598  -3.275905  -2.001742  2589
 12  25  -1.835483  -2.392439  -3.019955  2589
 12  26  -0.841473  -1.762017  -3.777063  2589
 12  27  -0.969207  -1.045435  -4.573805  2589
 12  28   0.212415  -4.462682  -1.175039  2589
 12  29  -3.120306  -2.123010  -3.263345  2589
 12  30  -3.523327  -1.210923  -4.331365  2589
 12  31  -3.221496  -1.561292  -5.317031  2589
 12  32  -4.601960  -1.051146  -4.310818  2589
 12  33  -3.029648  -0.245352  -4.169645  2589
 12  34   4.622594  -2.409039  -2.730535  2589
 12  35   5.537454  -1.612053  -3.423676  2589
 12  36   5.082450  -0.839070  -4.498648  2589
 12  37   3.707252  -0.817458  -4.746351  2589
 12  38   3.291615  -0.363879  -5.636581  2589
 12  39   4.928239  -3.009757  -1.885596  2589
 12  40   5.856341  -0.003479  -5.197849  2589
 12  41   5.389279   0.954977  -6.196958  2589
 12  42   4.826986   1.708375  -5.660658  2589
 12  43   6.205165   1.462439  -6.729225  2589
 12  44   4.667231   0.440168  -6.837909  2589
 12  45   7.309790  -0.036638  -5.045246  2589
 12  46   7.797158  -0.921338  -3.933234  2589
 12  47   6.915357  -1.655606  -3.131126  2589
 12  48   8.053940  -0.487170  -6.298347  2589
 12  49   7.949501   1.308896  -4.688582  2589
 12  50   8.852160  -1.107458  -3.753411  2589
 12  51   8.102180   0.345202  -7.002212  2589
 12  52   7.508002  -1.355737  -6.672571  2589
 12  53   9.077269  -0.738638  -6.012571  2589
 12  54   9.026263   1.135827  -4.601798  2589
 12  55   7.626461   1.663863  -3.708305  2589
 12  56   7.873263   2.027143  -5.500989  2589
 12  57  -4.190067  -2.525991  -2.348022  2589
 12  58  -3.728618  -3.554221  -1.349265  2589
 12  59  -2.372269  -3.863613  -1.143119  2589
 12  60  -4.845990  -1.374841  -1.604775  2589
 12  61  -5.209930  -3.279438  -3.208193  2589
 12  62  -4.425574  -3.938943  -0.623634  2589
 12  63  -4.069189  -0.862654  -1.033071  2589
 12  64  -5.639907  -1.725692  -0.932541  2589
 12  65  -5.277082  -0.690110  -2.329691  2589
 12  66  -5.925184  -3.842676  -2.600020  2589
 12  67  -4.649997  -4.015291  -3.775902  2589
 12  68  -5.795577  -2.571545  -3.787588  2589
 12  69  -2.089219  -4.763741   0.036095  2589
 12  70  -2.572920  -6.499790  -0.117445  2589
 12  71  -1.442586  -7.138758  -0.861667  2589
 12  72  -3.839447  -6.737969  -0.884568  2589
 12  73  -2.873644  -7.138704   1.206925  2589
 12  74  -1.041287  -4.790661   0.305385  2589
 12  75  -2.709242  -4.422761   0.855731  2589
 12  76   7.489086  -2.632632  -2.140842  2589
 12  77   7.473842  -2.046712  -0.430619  2589
 12  78   6.165248  -1.962317   0.300516  2589
 12  79   8.111683  -0.729418  -0.127797  2589
 12  80   8.164907  -3.026972   0.466273  2589
 12  81   8.514420  -2.865440  -2.459259  2589
 12  82   7.043158  -3.623119  -2.103569  2589
 12  83   2.730705  -4.126576  -1.427722  2589
 12  84   2.981393  -3.647383  -0.131368  2589
 12  85   3.127492  -4.550163   0.916555  2589
 12  86   2.936892  -5.935816   0.780769  2589
 12  87   2.694452  -6.353955  -0.533036  2589
 12  88   3.084179  -2.581711   0.058293  2589
 12  89   3.256268  -4.103933   1.885264  2589
 12  90   2.592290  -7.415200  -0.758475  2589
 12  91   2.602968  -5.504017  -1.636861  2589
 12  92   2.368565  -6.066373  -2.901302  2589
 12  93   2.523816  -5.470089  -3.967955  2589
 12  94   2.104293  -7.265909  -2.959422  2589
 12  95   2.938072  -6.878523   1.826814  2589
 12  96   2.590490  -8.041969   1.626364  2589
 12  97   3.265413  -6.506956   3.063660  2589
 12  98   3.386703  -5.515549   3.191340  2589
 12  99   3.443740  -7.388446   4.207021  2589
 12 100   4.469632  -7.177357   4.524963  2589
 12 101   3.393352  -8.439195   3.916699  2589
 12 102   2.283257  -7.133683   5.168671  2589
 12 103   2.348545  -7.891044   5.953685  2589
 12 104   1.299921  -7.227093   4.709516  2589
 12 105   2.362966  -5.771967   5.850193  2589
 12 106   2.459024  -5.007629   5.085631  2589
 12 107   3.231874  -5.660271   6.496890  2589
 12 108   1.062688  -5.639743   6.626530  2589
 12 109   1.233671  -4.734893   7.208345  2589
 12 110   0.761129  -6.471495   7.270156  2589
 12 111  -0.199888  -5.447898   5.784152  2589
 12 112  -1.057846  -5.400890   6.454227  2589
 12 113  -0.403447  -6.278029   5.115987  2589
 12 114  -0.016361  -4.267576   4.974798  2589
 12 115  -0.047961  -2.971977   5.481282  2589
 12 116  -0.448696  -2.664469   6.596877  2589
 12 117  -0.126001  -2.065208   4.261744  2589
 12 118  -0.939323  -1.345411   4.384216  2589
 12 119   0.799117  -1.526967   4.123710  2589
 12 120  -0.457641  -2.954015   3.064187  2589
 12 121  -1.542930  -3.034048   2.999021  2589
 12 122  -0.046304  -4.321177   3.581265  2589
 12 123  -0.151516  -5.385983   2.975197  2589
 13   7   1.445821  -0.000000   0.000000 10350
 13   8   1.889446  -0.411884   0.811512 10350
 13   9   0.000000   0.000000   0.000000 10350
 13  10  -0.231978  -0.439745  -0.969439 10350
 13  11  -0.612801  -0.773238   1.170246 10350
 13  12  -1.695645  -0.783855   1.251703 10350
 13  13  -0.401710  -0.326741   2.135432 10350
 13  14  -0.098769  -2.503124   1.189291 10350
 13  15  -0.683210   1.366684   0.000000 10350
 13  16  -1.837294   1.452964  -0.425730 10350
 13  17  -4.715519  -1.927286  -0.780026 10350
 13  18  -3.468616  -1.849582  -1.395975 10350
 13  19  -5.654916  -0.880522  -0.829216 10350
 13  20  -3.246043  -0.790842  -2.289077 10350
 13  21  -5.337450   0.205170  -1.651827 10350
 13  22  -4.126237   0.302863  -2.366403 10350
 13  23  -6.805129  -0.833571  -0.043527 10350
 13  24  -7.694865   0.235970  -0.088834 10350
 13  25  -7.377396   1.321659  -0.911445 10350
 13  26  -6.187071   1.324253  -1.650915 10350
 13  27  -5.871540   2.136491  -2.286925 10350
 13  28  -6.989800  -1.743708   0.523261 10350
 13  29  -8.123271   2.436997  -0.979252 10350
 13  30  -7.786161   3.533020  -1.881912 10350
 13  31  -7.822404   3.162662  -2.903047 10350
 13  32  -8.479883   4.382332  -1.828838 10350
 13  33  -6.745508   3.840763  -1.801696 10350
 13  34  -2.468078  -2.811635  -1.183427 10350
 13  35  -1.303757  -2.807849  -1.957858 10350
 13  36  -1.091422  -1.811149  -2.922692 10350
 13  37  -2.036488  -0.782881  -2.996900 10350
 13  38  -1.914621   0.020718  -3.706534 10350
 13  39  -2.700610  -3.629870  -0.517828 10350
 13  40  -0.089776  -1.768687  -3.800762 10350
 13  41   0.209432  -0.721392  -4.782722 10350
 13  42   0.110388   0.284497  -4.368625 10350
 13  43   1.189083  -0.780948  -5.244607 10350
 13  44  -0.510021  -0.826491  -5.601222 10350
 13  45   0.943824  -2.809409  -3.781394 10350
 13  46   0.780179  -3.869128  -2.709053 10350
 13  47  -0.364914  -3.850572  -1.899535 10350
 13  48   0.935524  -3.586523  -5.091783 10350
 13  49   2.348698  -2.291711  -3.487258 10350
 13  50   1.280378  -4.820964  -2.750390 10350
 13  51  -0.002905  -4.132548  -5.158930 10350
 13  52   1.693708  -4.375367  -5.036282 10350
 13  53   1.030140  -2.934401  -5.955082 10350
 13  54   2.811965  -1.665666  -4.250967 10350
 13  55   2.944484  -3.195691  -3.357791 10350
 13  56   2.378578  -1.740075  -2.546724 10350
 13  57  -9.258127   2.619449  -0.077360 10350
 13  58  -9.620136   1.414688   0.751435 10350
 13  59  -8.852961   0.246635   0.701483 10350
 13  60  -8.860014   3.817088   0.785812 10350
 13  61 -10.585260   3.013898  -0.715657 10350
 13  62 -10.580561   1.462635   1.241524 10350
 13  63  -8.781996   4.760177   0.230837 10350
 13  64  -7.932100   3.474260   1.256599 10350
 13  65  -9.655963   4.008939   1.495993 10350
 13  66 -11.457428   3.052402  -0.062709 10350
 13  67 -10.784180   2.276783  -1.496741 10350
 13  68 -10.561885   3.987551  -1.188899 10350
 13  69  -9.334070  -0.937108   1.513755 10350
 13  70 -10.408202  -2.125718   0.693240 10350
 13  71 -10.801059  -3.166123   1.699333 10350
 13  72  -9.750720  -3.022855  -0.315602 10350
 13  73 -11.688304  -1.459637   0.255204 10350
 13  74  -8.485834  -1.535837   1.852007 10350
 13  75 -10.016035  -0.534180   2.257915 10350
 13  76  -0.596616  -5.115241  -1.123953 10350
 13  77  -1.481098  -6.461627  -1.950776 10350
 13  78  -0.828180  -6.691323  -3.288103 10350
 13  79  -2.934113  -6.207371  -2.217054 10350
 13  80  -1.489260  -7.713180  -1.123643 10350
 13  81  -1.100552  -4.819191  -0.201240 10350
 13  82   0.407657  -5.485458  -0.954028 10350
 13  83  -4.974198  -2.971001   0.126143 10350
 13  84  -4.377167  -2.903541   1.391965 10350
 13  85  -4.445086  -3.960336   2.304528 10350
 13  86  -5.102153  -5.133185   1.929442 10350
 13  87  -5.721178  -5.185812   0.677629 10350
 13  88  -3.893428  -1.979703   1.658643 10350
 13  89  -3.919572  -3.962724   3.246455 10350
 13  90  -6.346013  -6.022871   0.418756 10350
 13  91  -5.666813  -4.132868  -0.245005 10350
 13  92  -6.279615  -4.289869  -1.505016 10350
 13  93  -6.282659  -3.389864  -2.341546 10350
 13  94  -6.912334  -5.299014  -1.786786 10350
 13  95  -5.168413  -6.236053   2.807734 10350
 13  96  -5.741374  -7.270201   2.474937 10350
 13  97  -4.703487  -6.104534   4.048157 10350
 13  98  -4.553814  -5.149554   4.335571 10350
 13  99  -4.451314  -7.099435   5.062249 10350
 13 100  -4.840987  -8.042176   4.656304 10350
 13 101  -5.062039  -6.761429   5.894213 10350
 13 102  -2.967864  -7.370233   5.293881 10350
 13 103  -2.497268  -7.637509   4.345459 10350
 13 104  -2.940890  -8.300200   5.871318 10350
 13 105  -2.155179  -6.277414   5.976663 10350
 13 106  -2.430870  -6.273211   7.031401 10350
 13 107  -2.357416  -5.275770   5.597833 10350
 13 108  -0.642820  -6.478736   5.894546 10350
 13 109  -0.302391  -7.453077   6.225861 10350
 13 110  -0.197952  -5.772326   6.594603 10350
 13 111  -0.058376  -6.324204   4.492567 10350
 13 112  -0.445146  -7.043495   3.768878 10350
 13 113   0.982831  -6.631617   4.439800 10350
 13 114  -0.148430  -4.937579   4.103509 10350
 13 115   0.629814  -3.977662   4.744444 10350
 13 116   1.742676  -4.360035   5.090608 10350
 13 117   0.458978  -2.772934   3.828614 10350
 13 118   0.289662  -1.885954   4.422498 10350
 13 119   1.378039  -2.649633   3.249287 10350
 13 120  -0.668687  -3.007391   2.834528 10350
 13 121  -1.528543  -2.389740   3.100517 10350
 13 122  -0.959178  -4.485765   3.065893 10350
 13 123  -1.590929  -5.207380   2.295528 10350
 14   7   1.450449   0.000000  -0.000000  5254
 14   8   1.944227  -0.450917   0.760826  5254
 14   9   0.000000   0.000000   0.000000  5254
 14  10  -0.430902  -0.426288  -0.900668  5254
 14  11  -0.443656  -0.830602   1.198610  5254
 14  12  -1.530976  -0.792204   1.146047  5254
 14  13  -0.039506  -0.334541   2.081492  5254
 14  14   0.068529  -2.563550   1.214747  5254
 14  15  -0.461511   1.455510   0.000000  5254
 14  16  -1.610329   1.743800  -0.334828  5254
 14  17   1.843290  -3.336980  -3.477377  5254
 14  18   2.701025  -2.683495  -4.379900  5254
 14  19   0.554723  -2.831238  -3.266141  5254
 14  20   2.266469  -1.485325  -4.935285  5254
 14  21   0.134094  -1.645829  -3.892541  5254
 14  22   1.029611  -0.861506  -4.653452  5254
 14  23  -0.373335  -3.431652  -2.426372  5254
 14  24  -1.673691  -2.966749  -2.155192  5254
 14  25  -2.014552  -1.744505  -2.745813  5254
 14  26  -1.120344  -1.105014  -3.600648  5254
 14  27  -1.247753  -0.108112  -4.007534  5254
 14  28  -0.075841  -4.389257  -2.014317  5254
 14  29  -3.173226  -1.146529  -2.441187  5254
 14  30  -3.619504   0.140675  -2.978261  5254
 14  31  -3.241687   0.884102  -2.277349  5254
 14  32  -3.256857   0.305609  -3.995698  5254
 14  33  -4.704615   0.195094  -2.954409  5254
 14  34   3.955878  -3.215248  -4.715582  5254
 14  35   4.825195  -2.477430  -5.518337  5254
 14  36   4.527910  -1.142434  -5.788348  5254
 14  37   3.254096  -0.643557  -5.468785  5254
 14  38   2.868286   0.323078  -5.751928  5254
 14  39   4.262679  -4.126135  -4.229832  5254
 14  40   5.381647  -0.367855  -6.474030  5254
 14  41   5.107248   1.061652  -6.610093  5254
 14  42   4.225728   1.105258  -7.244221  5254
 14  43   4.900417   1.454675  -5.617288  5254
 14  44   5.967463   1.624549  -6.983292  5254
 14  45   6.681933  -0.842123  -6.961803  5254
 14  46   6.819752  -2.337472  -6.822392  5254
 14  47   5.987457  -3.097284  -5.987303  5254
 14  48   6.914828  -0.497447  -8.422815  5254
 14  49   7.825512  -0.170280  -6.209104  5254
 14  50   7.722026  -2.833720  -7.163188  5254
 14  51   7.847917  -0.958639  -8.728667  5254
 14  52   6.942406   0.593943  -8.534658  5254
 14  53   6.140721  -0.940424  -9.047022  5254
 14  54   7.958574  -0.591018  -5.203383  5254
 14  55   7.656874   0.892698  -6.013552  5254
 14  56   8.741643  -0.147261  -6.793977  5254
 14  57  -4.250275  -1.854989  -1.739365  5254
 14  58  -3.860671  -3.188264  -1.134725  5254
 14  59  -2.586926  -3.708737  -1.403954  5254
 14  60  -4.742466  -0.993882  -0.583883  5254
 14  61  -5.431220  -2.215497  -2.642638  5254
 14  62  -4.517639  -3.738105  -0.487448  5254
 14  63  -5.427083  -1.561695   0.045712  5254
 14  64  -5.231418  -0.080977  -0.933923  5254
 14  65  -3.853913  -0.751577  -0.013827  5254
 14  66  -5.123729  -2.873748  -3.461023  5254
 14  67  -6.061991  -1.370575  -2.916749  5254
 14  68  -6.189607  -2.665169  -2.012129  5254
 14  69  -2.266682  -5.048131  -0.792104  5254
 14  70  -2.571691  -6.548202  -1.753953  5254
 14  71  -4.005043  -6.471397  -2.203742  5254
 14  72  -2.442973  -7.641287  -0.736701  5254
 14  73  -1.514502  -6.706082  -2.799671  5254
 14  74  -1.222797  -5.132525  -0.489144  5254
 14  75  -2.834231  -5.154093   0.135129  5254
 14  76   6.392849  -4.510815  -5.659447  5254
 14  77   7.195567  -4.747389  -4.061235  5254
 14  78   6.400158  -4.333298  -2.859547  5254
 14  79   8.430151  -3.905158  -3.980316  5254
 14  80   7.775524  -6.067986  -3.625725  5254
 14  81   7.206044  -4.753549  -6.350530  5254
 14  82   5.584271  -5.217351  -5.854408  5254
 14  83   2.258126  -4.360228  -2.616521  5254
 14  84   2.412423  -4.073035  -1.249440  5254
 14  85   2.914130  -5.028753  -0.355518  5254
 14  86   3.149023  -6.345675  -0.781121  5254
 14  87   3.017616  -6.586382  -2.152064  5254
 14  88   2.320385  -3.110814  -0.777148  5254
 14  89   3.111448  -4.752652   0.667141  5254
 14  90   3.182667  -7.615250  -2.450207  5254
 14  91   2.488605  -5.661169  -3.057126  5254
 14  92   2.269157  -6.083277  -4.388801  5254
 14  93   1.619702  -5.389176  -5.164713  5254
 14  94   2.485021  -7.238114  -4.762771  5254
 14  95   3.410872  -7.355873   0.158633  5254
 14  96   3.517184  -8.511919  -0.257725  5254
 14  97   3.533525  -7.061607   1.449241  5254
 14  98   3.189287  -6.174474   1.775729  5254
 14  99   3.761935  -8.083920   2.459242  5254
 14 100   4.563413  -7.865650   3.155946  5254
 14 101   3.948086  -9.073257   2.037036  5254
 14 102   2.388293  -8.252625   3.110120  5254
 14 103   2.523560  -9.126250   3.752676  5254
 14 104   1.620736  -8.488375   2.378150  5254
 14 105   2.018683  -6.985218   3.875867  5254
 14 106   1.977248  -6.104580   3.226513  5254
 14 107   2.708608  -6.791877   4.698802  5254
 14 108   0.580575  -7.193394   4.317013  5254
 14 109   0.493499  -8.108115   4.907862  5254
 14 110   0.003375  -7.416469   3.415917  5254
 14 111  -0.050332  -6.055490   5.108297  5254
 14 112   0.598572  -5.875361   5.969215  5254
 14 113  -1.081186  -6.264595   5.388684  5254
 14 114  -0.060260  -4.779773   4.403989  5254
 14 115   0.303561  -3.660091   5.123260  5254
 14 116   1.096694  -3.668238   6.074452  5254
 14 117   0.278396  -2.504219   4.129116  5254
 14 118  -0.317832  -1.699870   4.554836  5254
 14 119   1.234583  -2.204467   3.720636  5254
 14 120  -0.424491  -3.044367   2.887185  5254
 14 121  -1.494919  -2.849874   2.949293  5254
 14 122  -0.508672  -4.545319   3.119251  5254
 14 123  -1.348138  -5.236022   2.543639  5254
 15   7   1.442428   0.000000   0.000000  8247
 15   8   1.911498  -0.476972   0.759322  8247
 15   9   0.000000   0.000000   0.000000  8247
 15  10  -0.291938  -0.413574  -0.965366  8247
 15  11  -0.410972  -0.897120   1.172724  8247
 15  12  -1.488392  -0.907759   1.320897  8247
 15  13  -0.017261  -0.467403   2.097080  8247
 15  14   0.152454  -2.611756   1.030334  8247
 15  15  -0.694455   1.355114   0.000000  8247
 15  16  -1.817629   1.399174  -0.499834  8247
 15  17   2.108525  -1.934548  -3.709980  8247
 15  18   3.213259  -1.285092  -4.277759  8247
 15  19   0.796570  -1.477384  -3.918252  8247
 15  20   2.948634  -0.005547  -4.769729  8247
 15  21   0.582416  -0.208429  -4.467152  8247
 15  22   1.665313   0.572111  -4.908281  8247
 15  23  -0.301439  -2.149591  -3.384196  8247
 15  24  -1.619979  -1.671155  -3.468760  8247
 15  25  -1.793436  -0.450564  -4.142978  8247
 15  26  -0.709780   0.322176  -4.560900  8247
 15  27  -0.760598   1.254059  -5.107811  8247
 15  28  -0.129367  -3.034906  -2.791147  8247
 15  29  -3.006531   0.052466  -4.395102  8247
 15  30  -3.114197   1.243753  -5.232145  8247
 15  31  -2.875575   1.056250  -6.276846  8247
 15  32  -4.088111   1.736156  -5.206997  8247
 15  33  -2.489972   2.072979  -4.904996  8247
 15  34   4.538249  -1.737569  -4.245007  8247
 15  35   5.563253  -1.053996  -4.902113  8247
 15  36   5.267641   0.220812  -5.411896  8247
 15  37   3.982514   0.770832  -5.309753  8247
 15  38   3.691896   1.719444  -5.752672  8247
 15  39   4.688132  -2.763173  -3.935377  8247
 15  40   6.222417   0.979013  -5.955430  8247
 15  41   6.026915   2.378549  -6.318854  8247
 15  42   5.502452   2.869421  -5.503204  8247
 15  43   6.912988   3.012103  -6.406490  8247
 15  44   5.484564   2.456964  -7.265747  8247
 15  45   7.609522   0.534755  -6.111555  8247
 15  46   7.839277  -0.893352  -5.659753  8247
 15  47   6.812950  -1.655158  -5.080605  8247
 15  48   8.030828   0.546911  -7.577760  8247
 15  49   8.577822   1.337447  -5.253077  8247
 15  50   8.817488  -1.291900  -5.868948  8247
 15  51   8.004134   1.553515  -8.001240  8247
 15  52   7.480016  -0.205949  -8.131577  8247
 15  53   9.088555   0.299806  -7.656792  8247
 15  54   8.091907   1.343023  -4.274326  8247
 15  55   8.688607   2.362627  -5.623125  8247
 15  56   9.557283   0.880061  -5.128752  8247
 15  57  -4.237095  -0.551003  -3.850822  8247
 15  58  -3.902935  -1.714994  -2.960337  8247
 15  59  -2.661279  -2.371859  -2.868584  8247
 15  60  -4.868875   0.484821  -2.926037  8247
 15  61  -5.214337  -0.895292  -4.972899  8247
 15  62  -4.771608  -2.205324  -2.553664  8247
 15  63  -5.722090   0.111777  -2.364109  8247
 15  64  -5.256348   1.367121  -3.435462  8247
 15  65  -4.166102   0.924817  -2.210908  8247
 15  66  -6.045433  -1.448130  -4.519529  8247
 15  67  -4.751784  -1.442242  -5.783819  8247
 15  68  -5.634393  -0.001500  -5.434300  8247
 15  69  -2.579818  -3.662547  -2.094252  8247
 15  70  -2.870925  -5.139516  -3.098203  8247
 15  71  -4.138719  -5.086844  -3.887712  8247
 15  72  -2.867250  -6.370148  -2.249422  8247
 15  73  -1.877464  -5.280307  -4.216645  8247
 15  74  -1.550511  -3.803268  -1.770328  8247
 15  75  -3.238359  -3.683670  -1.217908  8247
 15  76   7.100729  -3.079282  -4.646606  8247
 15  77   7.861601  -3.232928  -3.021194  8247
 15  78   6.967763  -2.549464  -2.029564  8247
 15  79   9.238306  -2.699867  -2.762303  8247
 15  80   7.927460  -4.685177  -2.653992  8247
 15  81   7.748246  -3.587896  -5.351613  8247
 15  82   6.232887  -3.715300  -4.814630  8247
 15  83   2.284549  -3.181276  -3.100648  8247
 15  84   2.431108  -3.164613  -1.703744  8247
 15  85   2.524492  -4.393475  -1.033986  8247
 15  86   2.613160  -5.619147  -1.698789  8247
 15  87   2.490797  -5.561718  -3.084514  8247
 15  88   2.354016  -2.286410  -1.095781  8247
 15  89   2.588068  -4.355138   0.041140  8247
 15  90   2.396720  -6.481592  -3.636224  8247
 15  91   2.236224  -4.384613  -3.813772  8247
 15  92   1.904216  -4.526496  -5.169110  8247
 15  93   1.563054  -3.612198  -5.919222  8247
 15  94   1.922932  -5.634523  -5.692969  8247
 15  95   2.698919  -6.907704  -1.117789  8247
 15  96   2.374466  -7.906971  -1.736011  8247
 15  97   3.225256  -6.960455   0.114033  8247
 15  98   3.473381  -6.053364   0.479714  8247
 15  99   3.541598  -8.125976   0.901173  8247
 15 100   4.416443  -7.882794   1.492787  8247
 15 101   3.783274  -9.032961   0.351382  8247
 15 102   2.364556  -8.404551   1.832981  8247
 15 103   2.412809  -9.310298   2.444778  8247
 15 104   1.542956  -8.503115   1.115866  8247
 15 105   2.006134  -7.269373   2.777869  8247
 15 106   1.922176  -6.320305   2.233514  8247
 15 107   2.742461  -7.171930   3.570662  8247
 15 108   0.728497  -7.530132   3.576773  8247
 15 109   0.819387  -8.504059   4.065144  8247
 15 110  -0.078614  -7.547256   2.852082  8247
 15 111   0.475731  -6.464417   4.637038  8247
 15 112   1.318130  -6.486402   5.338804  8247
 15 113  -0.462965  -6.607046   5.162881  8247
 15 114   0.495143  -5.148529   4.022986  8247
 15 115   1.217743  -4.131113   4.634223  8247
 15 116   1.511277  -4.009169   5.820380  8247
 15 117   0.898560  -2.936497   3.731997  8247
 15 118   0.647177  -2.022162   4.263029  8247
 15 119   1.805223  -2.742096   3.147045  8247
 15 120  -0.150646  -3.280177   2.690045  8247
 15 121  -1.118180  -2.944860   3.071543  8247
 15 122  -0.237166  -4.782252   2.903311  8247
 15 123  -1.191946  -5.448065   2.512681  8247
 16   7   1.445302   0.000000  -0.000000  9530
 16   8   1.906521  -0.127683   0.898206  9530
 16   9   0.000000   0.000000   0.000000  9530
 16  10  -0.221477  -0.507239  -0.942898  9530
 16  11  -0.645954  -0.896707   1.053357  9530
 16  12  -1.729050  -0.917273   0.874242  9530
 16  13  -0.443158  -0.463912   2.029556  9530
 16  14  -0.053968  -2.600621   0.927555  9530
 16  15  -0.648446   1.367633   0.000000  9530
 16  16  -1.859610   1.570849   0.009084  9530
 16  17   0.678748  -2.667291  -3.675237  9530
 16  18   1.681305  -1.936537  -4.328976  9530
 16  19  -0.492980  -2.032544  -3.261891  9530
 16  20   1.370367  -0.654707  -4.778896  9530
 16  21  -0.850828  -0.785020  -3.793802  9530
 16  22   0.066833  -0.121207  -4.647820  9530
 16  23  -1.436588  -2.657769  -2.426248  9530
 16  24  -2.613296  -2.011345  -2.046650  9530
 16  25  -2.883136  -0.688092  -2.434966  9530
 16  26  -1.980417  -0.094832  -3.328971  9530
 16  27  -2.200234   0.894002  -3.701112  9530
 16  28  -1.209299  -3.644595  -2.060443  9530
 16  29  -3.966021  -0.000548  -2.057953  9530
 16  30  -4.249146   1.394351  -2.407664  9530
 16  31  -4.452979   1.364097  -3.478522  9530
 16  32  -5.096442   1.795903  -1.859170  9530
 16  33  -3.468063   2.131457  -2.294587  9530
 16  34   2.988575  -2.399606  -4.480683  9530
 16  35   3.989680  -1.601978  -5.051804  9530
 16  36   3.639718  -0.366801  -5.609893  9530
 16  37   2.293841   0.035260  -5.586202  9530
 16  38   1.995357   0.996447  -5.965186  9530
 16  39   3.359915  -3.359297  -4.141568  9530
 16  40   4.523131   0.356526  -6.296029  9530
 16  41   4.182510   1.678829  -6.831276  9530
 16  42   3.966017   2.395262  -6.038776  9530
 16  43   4.998672   2.239458  -7.285232  9530
 16  44   3.329402   1.656385  -7.513186  9530
 16  45   5.893086  -0.091153  -6.558340  9530
 16  46   6.241180  -1.383956  -5.862862  9530
 16  47   5.305043  -2.073712  -5.086209  9530
 16  48   6.019701  -0.501276  -8.022774  9530
 16  49   6.980125   0.891629  -6.132800  9530
 16  50   7.303102  -1.612089  -5.882241  9530
 16  51   6.979916  -0.991068  -8.197686  9530
 16  52   5.979019   0.393202  -8.655508  9530
 16  53   5.184652  -1.150197  -8.266277  9530
 16  54   7.944906   0.515875  -6.455613  9530
 16  55   6.933424   0.887109  -5.036991  9530
 16  56   6.922215   1.844404  -6.656886  9530
 16  57  -4.948030  -0.616559  -1.154189  9530
 16  58  -4.765162  -2.101330  -0.998571  9530
 16  59  -3.549224  -2.724912  -1.293085  9530
 16  60  -4.786956   0.001040   0.241779  9530
 16  61  -6.370502  -0.501978  -1.675004  9530
 16  62  -5.454499  -2.615573  -0.348748  9530
 16  63  -3.809720  -0.174603   0.691624  9530
 16  64  -5.663104  -0.379715   0.760903  9530
 16  65  -5.023376   1.064991   0.268488  9530
 16  66  -7.058799  -0.835856  -0.903661  9530
 16  67  -6.371954  -0.905262  -2.688494  9530
 16  68  -6.721707   0.520272  -1.796906  9530
 16  69  -3.277100  -4.088759  -0.693946  9530
 16  70  -3.962495  -5.308635  -1.841612  9530
 16  71  -3.831935  -6.685933  -1.255861  9530
 16  72  -3.352243  -5.361710  -3.206484  9530
 16  73  -5.465501  -5.224341  -1.898751  9530
 16  74  -2.215386  -4.199049  -0.471018  9530
 16  75  -3.848953  -4.133152   0.243345  9530
 16  76   5.912806  -3.287341  -4.422410  9530
 16  77   6.170608  -2.852011  -2.685970  9530
 16  78   7.232532  -1.820302  -2.432405  9530
 16  79   6.821129  -4.015095  -1.987288  9530
 16  80   5.015695  -2.595287  -1.756955  9530
 16  81   6.878001  -3.571865  -4.826321  9530
 16  82   5.142932  -4.057592  -4.501199  9530
 16  83   1.076864  -3.844685  -3.042032  9530
 16  84   1.620904  -3.733850  -1.765343  9530
 16  85   1.886592  -4.886071  -1.012019  9530
 16  86   1.522100  -6.145513  -1.509566  9530
 16  87   0.942981  -6.228889  -2.771576  9530
 16  88   1.949694  -2.780522  -1.359556  9530
 16  89   2.311071  -4.756758  -0.028355  9530
 16  90   0.623325  -7.210132  -3.096509  9530
 16  91   0.757000  -5.101539  -3.580831  9530
 16  92   0.197808  -5.259115  -4.874421  9530
 16  93  -0.041727  -4.274879  -5.571200  9530
 16  94  -0.177893  -6.352334  -5.300943  9530
 16  95   1.802110  -7.322091  -0.778637  9530
 16  96   1.292321  -8.399260  -1.058319  9530
 16  97   2.439970  -7.303214   0.390157  9530
 16  98   2.829786  -6.410156   0.659402  9530
 16  99   2.592742  -8.423569   1.304521  9530
 16 100   3.618755  -8.640357   1.593657  9530
 16 101   2.326015  -9.356610   0.804731  9530
 16 102   1.605129  -8.312802   2.463552  9530
 16 103   1.627339  -9.266492   2.992591  9530
 16 104   0.652387  -8.103098   1.974465  9530
 16 105   1.959658  -7.152919   3.375573  9530
 16 106   1.901124  -6.195247   2.868090  9530
 16 107   3.005806  -7.195789   3.680429  9530
 16 108   1.209712  -6.922592   4.694978  9530
 16 109   1.854630  -6.169982   5.141700  9530
 16 110   1.168199  -7.866646   5.230831  9530
 16 111  -0.188056  -6.365262   4.454096  9530
 16 112  -0.786478  -6.399439   5.363286  9530
 16 113  -0.829446  -7.017854   3.869594  9530
 16 114  -0.120805  -5.052695   3.828600  9530
 16 115   0.333358  -3.952839   4.539200  9530
 16 116   0.207779  -3.828119   5.756564  9530
 16 117   0.040478  -2.746460   3.660467  9530
 16 118  -0.552755  -2.010501   4.204195  9530
 16 119   0.929703  -2.280463   3.231137  9530
 16 120  -0.742681  -3.260002   2.463455  9530
 16 121  -1.792566  -2.993916   2.556420  9530
 16 122  -0.607347  -4.774183   2.553686  9530
 16 123  -1.296891  -5.517828   1.867740  9530
 17   7   1.457704   0.000000   0.000000  4109
 17   8   1.873701  -0.646341   0.654514  4109
 17   9   0.000000   0.000000   0.000000  4109
 17  10  -0.259723  -0.380963  -0.992779  4109
 17  11  -0.588253  -0.842780   1.123868  4109
 17  12  -1.675581  -0.831388   1.099556  4109
 17  13  -0.359675  -0.392326   2.090171  4109
 17  14   0.036359  -2.535844   0.957433  4109
 17  15  -0.568154   1.424710   0.000000  4109
 17  16  -1.653079   1.688691  -0.527494  4109
 17  17   1.893253  -3.022887  -3.052958  4109
 17  18   3.052610  -2.404379  -3.548779  4109
 17  19   0.650339  -2.380487  -3.062342  4109
 17  20   2.986273  -1.108039  -4.079440  4109
 17  21   0.575562  -1.096708  -3.612266  4109
 17  22   1.738831  -0.447933  -4.067238  4109
 17  23  -0.526856  -2.896261  -2.506291  4109
 17  24  -1.717976  -2.162666  -2.514763  4109
 17  25  -1.812234  -0.933542  -3.181448  4109
 17  26  -0.624475  -0.370880  -3.653297  4109
 17  27  -0.584413   0.621646  -4.079194  4109
 17  28  -0.496465  -3.866727  -2.037386  4109
 17  29  -2.940310  -0.277774  -3.483464  4109
 17  30  -3.020848   0.826972  -4.443647  4109
 17  31  -2.576244   1.739651  -4.070625  4109
 17  32  -2.394863   0.708461  -5.336227  4109
 17  33  -4.036280   1.060477  -4.774058  4109
 17  34   4.303962  -3.006145  -3.367123  4109
 17  35   5.483694  -2.320974  -3.681724  4109
 17  36   5.404871  -1.024277  -4.196764  4109
 17  37   4.163398  -0.452405  -4.472276  4109
 17  38   4.007536   0.541513  -4.875554  4109
 17  39   4.353218  -4.020325  -2.997380  4109
 17  40   6.488905  -0.302167  -4.524678  4109
 17  41   6.383602   1.003131  -5.163512  4109
 17  42   5.927611   0.883826  -6.152673  4109
 17  43   5.775454   1.650265  -4.524784  4109
 17  44   7.358285   1.476117  -5.291475  4109
 17  45   7.844256  -0.794935  -4.262373  4109
 17  46   7.928087  -2.204324  -3.727963  4109
 17  47   6.739437  -2.897262  -3.445922  4109
 17  48   8.746360  -0.845447  -5.486366  4109
 17  49   8.483480   0.137730  -3.234887  4109
 17  50   8.919098  -2.581771  -3.516229  4109
 17  51   8.158929  -1.089604  -6.372884  4109
 17  52   9.643730  -1.456769  -5.408179  4109
 17  53   9.195560   0.124092  -5.687143  4109
 17  54   8.489105   1.149580  -3.637535  4109
 17  55   9.455970  -0.275881  -2.960312  4109
 17  56   7.864494   0.192983  -2.335276  4109
 17  57  -4.190701  -0.683691  -2.847577  4109
 17  58  -4.068248  -2.022159  -2.168672  4109
 17  59  -2.884605  -2.749821  -1.999860  4109
 17  60  -4.607933   0.429550  -1.874792  4109
 17  61  -5.386692  -0.888861  -3.773273  4109
 17  62  -4.964178  -2.270999  -1.624348  4109
 17  63  -5.550580   0.135618  -1.405196  4109
 17  64  -4.594144   1.393981  -2.385071  4109
 17  65  -3.917669   0.530326  -1.043660  4109
 17  66  -6.259914  -1.219753  -3.221735  4109
 17  67  -5.066120  -1.538652  -4.590588  4109
 17  68  -5.694710   0.111692  -4.093458  4109
 17  69  -3.002942  -3.893024  -1.031313  4109
 17  70  -3.107902  -5.541873  -1.794714  4109
 17  71  -1.904502  -5.990654  -2.563951  4109
 17  72  -4.250795  -5.655117  -2.756884  4109
 17  73  -3.432590  -6.655484  -0.838132  4109
 17  74  -2.140421  -3.910471  -0.354295  4109
 17  75  -3.928233  -3.777779  -0.467526  4109
 17  76   6.896259  -4.233464  -2.752400  4109
 17  77   6.677147  -4.197168  -0.956551  4109
 17  78   7.707809  -3.492553  -0.123154  4109
 17  79   6.627960  -5.611734  -0.464325  4109
 17  80   5.375579  -3.541662  -0.590586  4109
 17  81   7.842679  -4.705902  -3.009483  4109
 17  82   6.179721  -4.937540  -3.168275  4109
 17  83   1.966107  -4.259424  -2.403213  4109
 17  84   2.214443  -4.235495  -1.027292  4109
 17  85   2.491111  -5.434482  -0.356334  4109
 17  86   2.593944  -6.648255  -1.053172  4109
 17  87   2.241884  -6.631005  -2.410506  4109
 17  88   2.169646  -3.257439  -0.560390  4109
 17  89   2.595865  -5.400498   0.712531  4109
 17  90   2.339571  -7.570633  -2.925633  4109
 17  91   2.013922  -5.455762  -3.144423  4109
 17  92   1.799269  -5.526130  -4.530776  4109
 17  93   1.499071  -4.549271  -5.228291  4109
 17  94   1.908139  -6.585113  -5.149485  4109
 17  95   2.794533  -7.917099  -0.479847  4109
 17  96   2.761194  -8.930737  -1.174847  4109
 17  97   3.145428  -7.888067   0.811482  4109
 17  98   3.366461  -6.981229   1.197994  4109
 17  99   2.971662  -9.030632   1.684493  4109
 17 100   3.833909  -9.288446   2.289937  4109
 17 101   2.714271  -9.927052   1.115035  4109
 17 102   1.834325  -8.827772   2.678582  4109
 17 103   1.676680  -9.757903   3.213937  4109
 17 104   0.900253  -8.661351   2.133042  4109
 17 105   2.124782  -7.755398   3.731410  4109
 17 106   2.435132  -6.830208   3.241403  4109
 17 107   2.969604  -8.220413   4.225209  4109
 17 108   1.035945  -7.421314   4.748477  4109
 17 109   1.480618  -6.744655   5.472632  4109
 17 110   0.714139  -8.405397   5.089823  4109
 17 111  -0.177470  -6.701173   4.171919  4109
 17 112  -0.956915  -6.813296   4.934279  4109
 17 113  -0.478423  -7.306829   3.317749  4109
 17 114   0.000481  -5.322012   3.745009  4109
 17 115   0.298278  -4.240464   4.560220  4109
 17 116   0.050903  -4.185539   5.769678  4109
 17 117   0.186938  -3.027837   3.662590  4109
 17 118  -0.367701  -2.209861   4.135337  4109
 17 119   1.189749  -2.670676   3.431704  4109
 17 120  -0.532892  -3.471488   2.393095  4109
 17 121  -1.605607  -3.307853   2.543450  4109
 17 122  -0.357068  -4.978815   2.452695  4109
 17 123  -0.813745  -5.778179   1.632108  4109
 18   7   1.459590  -0.000000  -0.000000  4056
 18   8   1.950824   0.239272   0.838116  4056
 18   9   0.000000   0.000000   0.000000  4056
 18  10  -0.351331  -0.583570  -0.847356  4056
 18  11  -0.539878  -0.770216   1.207227  4056
 18  12  -1.620593  -0.733656   1.090103  4056
 18  13  -0.224995  -0.274466   2.123569  4056
 18  14  -0.098521  -2.523416   1.279987  4056
 18  15  -0.608253   1.385435  -0.000000  4056
 18  16  -1.826816   1.496091  -0.127521  4056
 18  17   0.720752  -3.740777  -2.859268  4056
 18  18   1.652658  -3.407860  -3.849276  4056
 18  19  -0.473831  -3.030752  -2.717006  4056
 18  20   1.470827  -2.260853  -4.623302  4056
 18  21  -0.496989  -1.818847  -3.420248  4056
 18  22   0.335164  -1.428313  -4.485286  4056
 18  23  -1.435472  -3.319631  -1.740279  4056
 18  24  -2.493304  -2.428163  -1.483226  4056
 18  25  -2.578534  -1.272959  -2.258106  4056
 18  26  -1.579759  -0.954062  -3.195845  4056
 18  27  -1.484800  -0.047734  -3.776320  4056
 18  28  -1.362713  -4.256264  -1.214138  4056
 18  29  -3.646779  -0.466254  -2.236227  4056
 18  30  -3.769005   0.713632  -3.094904  4056
 18  31  -3.673223   0.368296  -4.123188  4056
 18  32  -4.648568   1.353723  -3.001342  4056
 18  33  -2.885880   1.289167  -2.824810  4056
 18  34   2.768589  -4.206838  -4.140537  4056
 18  35   3.696658  -3.915953  -5.148392  4056
 18  36   3.523596  -2.776069  -5.935547  4056
 18  37   2.373546  -2.028233  -5.662187  4056
 18  38   2.198430  -1.178762  -6.308434  4056
 18  39   2.904791  -5.134818  -3.614796  4056
 18  40   4.323411  -2.552536  -6.992538  4056
 18  41   4.262435  -1.345975  -7.809539  4056
 18  42   3.328749  -1.356453  -8.374180  4056
 18  43   4.198993  -0.502331  -7.121323  4056
 18  44   5.052112  -1.101703  -8.526579  4056
 18  45   5.188312  -3.613446  -7.515048  4056
 18  46   5.557868  -4.584996  -6.421374  4056
 18  47   4.762027  -4.811185  -5.291739  4056
 18  48   4.442075  -4.375735  -8.613022  4056
 18  49   6.511972  -3.201647  -8.164312  4056
 18  50   6.498955  -5.089011  -6.562879  4056
 18  51   4.184880  -3.658804  -9.394533  4056
 18  52   3.572241  -4.878666  -8.205286  4056
 18  53   5.043202  -5.163908  -9.071201  4056
 18  54   7.154757  -4.041835  -8.391279  4056
 18  55   6.986215  -2.432459  -7.556411  4056
 18  56   6.264097  -2.734265  -9.116526  4056
 18  57  -4.695294  -0.718855  -1.253419  4056
 18  58  -4.551830  -1.925651  -0.358344  4056
 18  59  -3.440558  -2.764859  -0.509035  4056
 18  60  -4.795459   0.453756  -0.273087  4056
 18  61  -5.956608  -1.087980  -2.040398  4056
 18  62  -5.388229  -2.189717   0.269673  4056
 18  63  -4.035519   0.338005   0.502925  4056
 18  64  -5.715034   0.345822   0.290859  4056
 18  65  -4.828619   1.412394  -0.792329  4056
 18  66  -6.407008  -0.159432  -2.387870  4056
 18  67  -6.717096  -1.658753  -1.507599  4056
 18  68  -5.641588  -1.647074  -2.920554  4056
 18  69  -3.505919  -4.001840   0.361944  4056
 18  70  -4.439059  -5.374685  -0.339305  4056
 18  71  -4.098690  -6.609582   0.428339  4056
 18  72  -3.971256  -5.736200  -1.712028  4056
 18  73  -5.940166  -5.335528  -0.327343  4056
 18  74  -2.490564  -4.315898   0.608770  4056
 18  75  -4.044427  -3.698865   1.254590  4056
 18  76   5.136241  -5.939989  -4.361005  4056
 18  77   6.717919  -6.806244  -4.487484  4056
 18  78   7.013482  -7.484823  -5.788052  4056
 18  79   6.882212  -7.809086  -3.376845  4056
 18  80   7.799046  -5.790680  -4.293336  4056
 18  81   4.320258  -6.652058  -4.436035  4056
 18  82   5.173648  -5.543324  -3.347764  4056
 18  83   0.944238  -4.905367  -2.108812  4056
 18  84   1.924376  -4.788311  -1.121580  4056
 18  85   2.276942  -5.855524  -0.292028  4056
 18  86   1.659782  -7.084951  -0.524888  4056
 18  87   0.760213  -7.172912  -1.603563  4056
 18  88   2.455212  -3.864427  -0.940607  4056
 18  89   2.981660  -5.612101   0.496018  4056
 18  90   0.235818  -8.107468  -1.743983  4056
 18  91   0.480957  -6.162223  -2.528672  4056
 18  92  -0.265143  -6.408585  -3.693121  4056
 18  93  -0.534260  -5.585588  -4.570589  4056
 18  94  -0.958352  -7.419132  -3.752752  4056
 18  95   1.855590  -8.180130   0.336994  4056
 18  96   1.223357  -9.205844   0.120672  4056
 18  97   2.766941  -7.987893   1.290819  4056
 18  98   3.023726  -7.020117   1.455353  4056
 18  99   2.937673  -8.935143   2.375609  4056
 18 100   3.911783  -9.429353   2.433637  4056
 18 101   2.160605  -9.699924   2.332313  4056
 18 102   2.854362  -8.215926   3.719740  4056
 18 103   3.698025  -7.541437   3.871722  4056
 18 104   2.944936  -8.862517   4.595536  4056
 18 105   1.562218  -7.434476   3.933275  4056
 18 106   0.723077  -8.057176   3.619128  4056
 18 107   1.598667  -6.650917   3.167046  4056
 18 108   1.348596  -6.776153   5.291942  4056
 18 109   2.205550  -6.190817   5.623019  4056
 18 110   1.218285  -7.565914   6.036923  4056
 18 111   0.121264  -5.868443   5.267026  4056
 18 112   0.040420  -5.550907   6.312749  4056
 18 113  -0.738704  -6.432655   4.914863  4056
 18 114   0.223897  -4.646136   4.489833  4056
 18 115   0.863666  -3.492965   4.908632  4056
 18 116   1.016312  -3.227960   6.100720  4056
 18 117   0.492192  -2.362164   3.955796  4056
 18 118   0.015893  -1.517093   4.443645  4056
 18 119   1.378195  -2.054742   3.383093  4056
 18 120  -0.465201  -3.026964   2.976184  4056
 18 121  -1.455343  -2.612551   3.148754  4056
 18 122  -0.528781  -4.508430   3.341175  4056
 18 123  -0.579754  -5.420999   2.514906  4056
