  1   0   1.452479   0.000000   0.000000   407
  1   1   1.858611   0.281023   0.874406   407
  1   2   0.000000   0.000000   0.000000   407
  1   3  -0.304582  -0.417889  -0.959585   407
  1   4  -0.518910  -0.771609   1.201145   407
  1   5  -1.578200  -0.515569   1.280809   407
  1   6  -0.024239  -0.343138   2.070980   407
  1   7  -0.276019  -2.563822   1.343883   407
  1   8  -0.558147   1.417595   0.000000   407
  1   9  -1.757474   1.702021  -0.010803   407
  1  10   0.967917   0.093842   6.159426   407
  1  11   0.456175   0.869153   5.110084   407
  1  12   2.212339   0.425438   6.700497   407
  1  13   1.040213   2.084932   4.753315   407
  1  14   2.892833   1.591933   6.316023   407
  1  15   2.278234   2.418096   5.352324   407
  1  16   2.918713  -0.463420   7.506886   407
  1  17   4.201622  -0.167603   7.989316   407
  1  18   2.467276  -1.303696   8.018299   407
  1  19   4.646100  -0.792336   8.742342   407
  1  20   4.850927   0.972012   7.489931   407
  1  21   6.044058   1.134850   8.069608   407
  1  22   6.241098   0.505809   8.835102   407
  1  23   6.544032   1.995998   7.903027   407
  1  24   4.208514   1.906368   6.677295   407
  1  25   4.835995   3.213179   6.291791   407
  1  26   3.835638   4.308384   6.491579   407
  1  27   5.938658   3.732402   7.164223   407
  1  28   5.228154   3.236659   4.843184   407
  1  29  -0.724355   0.482576   4.470551   407
  1  30  -1.349422   1.330086   3.555170   407
  1  31  -1.319822  -0.312897   4.906146   407
  1  32  -2.313152   1.101741   3.118267   407
  1  33  -0.804557   2.592233   3.279119   407
  1  34  -1.511208   3.327273   2.406098   407
  1  35  -2.438311   3.021432   2.147950   407
  1  36  -1.091922   4.141698   1.969506   407
  1  37   0.429330   2.948536   3.844243   407
  1  38   1.094058   4.193615   3.326444   407
  1  39   0.906728   4.486323   1.875540   407
  1  40   0.606962   5.408296   4.064744   407
  1  41   2.556798   4.367023   3.605954   407
  1  42   0.523915  -1.231161   6.273996   407
  1  43   0.737757  -2.116706   5.215231   407
  1  44   0.306700  -3.451570   5.262460   407
  1  45  -0.411317  -3.942866   6.354604   407
  1  46  -0.689669  -3.035528   7.391840   407
  1  47   1.289161  -1.693549   4.386142   407
  1  48   0.516203  -4.055807   4.399265   407
  1  49  -1.299112  -3.337985   8.233685   407
  1  50  -0.175857  -1.726138   7.382065   407
  1  51  -0.470388  -0.973732   8.533907   407
  1  52  -0.047799   0.163804   8.739645   407
  1  53  -1.073428  -1.404594   9.514571   407
  1  54  -0.806367  -5.284575   6.528548   407
  1  55  -1.324519  -5.672206   7.572655   407
  1  56  -0.460477  -6.165672   5.589544   407
  1  57   0.104696  -5.833102   4.817940   407
  1  58  -0.913084  -7.531451   5.447089   407
  1  59  -1.166033  -7.958362   6.423186   407
  1  60  -0.062676  -8.079034   5.043279   407
  1  61  -2.037227  -7.646601   4.416341   407
  1  62  -2.882608  -7.015987   4.707988   407
  1  63  -2.423190  -8.653959   4.525266   407
  1  64  -1.677977  -7.300508   2.979517   407
  1  65  -1.073219  -8.101414   2.553700   407
  1  66  -1.239414  -6.309477   2.793999   407
  1  67  -2.883636  -7.260395   2.052926   407
  1  68  -3.463954  -8.185063   2.070813   407
  1  69  -2.463112  -7.187302   1.047978   407
  1  70  -3.819551  -6.079785   2.317932   407
  1  71  -4.385756  -6.240712   3.224583   407
  1  72  -4.658803  -6.077757   1.615827   407
  1  73  -3.183670  -4.785541   2.215044   407
  1  74  -3.511523  -3.730791   3.066757   407
  1  75  -3.914010  -3.924322   4.211594   407
  1  76  -2.687826  -2.528369   2.633272   407
  1  77  -3.350484  -1.671325   2.522997   407
  1  78  -2.033429  -2.196930   3.423281   407
  1  79  -2.050844  -2.903279   1.301921   407
  1  80  -2.534980  -2.479756   0.422239   407
  1  81  -2.391575  -4.380131   1.143770   407
  1  82  -2.453949  -4.907089   0.044760   407
  2   0   1.454511  -0.000000   0.000000   301
  2   1   1.864957   0.520302   0.769103   301
  2   2   0.000000   0.000000   0.000000   301
  2   3  -0.315020  -0.541786  -0.897290   301
  2   4  -0.513162  -0.921403   1.101717   301
  2   5  -1.598614  -0.876413   1.019430   301
  2   6  -0.220142  -0.421704   2.014647   301
  2   7  -0.088552  -2.683303   1.126473   301
  2   8  -0.547539   1.421936   0.000000   301
  2   9  -1.743130   1.645693  -0.133394   301
  2  10   3.705579  -7.742441   3.795671   301
  2  11   3.909497  -6.512320   4.432477   301
  2  12   4.792955  -8.553674   3.455502   301
  2  13   5.201890  -6.023385   4.605856   301
  2  14   6.081499  -8.145759   3.801857   301
  2  15   6.308655  -6.829402   4.255842   301
  2  16   4.628776  -9.758153   2.758170   301
  2  17   5.753829 -10.548267   2.483074   301
  2  18   3.642053  -9.968550   2.389647   301
  2  19   5.660326 -11.449150   1.902928   301
  2  20   7.043198 -10.139615   2.851762   301
  2  21   8.095236 -10.923665   2.547818   301
  2  22   7.852817 -11.716761   1.965126   301
  2  23   9.056797 -10.703476   2.760229   301
  2  24   7.212739  -8.907470   3.503203   301
  2  25   8.555047  -8.274343   3.719216   301
  2  26   9.769613  -8.964302   3.155404   301
  2  27   8.643324  -6.966947   3.001010   301
  2  28   8.733526  -8.138456   5.199176   301
  2  29   2.795582  -5.770101   4.856510   301
  2  30   3.029199  -4.623765   5.629322   301
  2  31   1.822883  -6.184598   4.610646   301
  2  32   2.227143  -4.038827   6.055999   301
  2  33   4.314580  -4.083237   5.765429   301
  2  34   4.368894  -2.913255   6.400798   301
  2  35   3.557487  -2.405761   6.727400   301
  2  36   5.240391  -2.421898   6.589645   301
  2  37   5.386557  -4.763824   5.179709   301
  2  38   6.774103  -4.204212   5.293502   301
  2  39   6.996171  -2.932289   6.049148   301
  2  40   7.760965  -5.008718   6.089664   301
  2  41   7.384618  -3.954777   3.946262   301
  2  42   2.413598  -8.127417   3.403908   301
  2  43   1.821370  -7.541712   2.273545   301
  2  44   0.524026  -7.893799   1.898801   301
  2  45  -0.287931  -8.690233   2.711894   301
  2  46   0.290821  -9.160584   3.897143   301
  2  47   2.418272  -6.919513   1.635363   301
  2  48   0.121416  -7.380375   1.032486   301
  2  49  -0.231142  -9.859346   4.530615   301
  2  50   1.628866  -8.929119   4.247513   301
  2  51   2.152616  -9.623119   5.348170   301
  2  52   3.308470  -9.554923   5.750976   301
  2  53   1.416012 -10.412340   5.947792   301
  2  54  -1.677539  -8.911245   2.560099   301
  2  55  -2.287779  -9.666011   3.315106   301
  2  56  -2.261654  -8.150960   1.629626   301
  2  57  -1.680015  -7.510095   1.103330   301
  2  58  -3.682064  -8.196763   1.388091   301
  2  59  -3.914994  -9.211392   1.712390   301
  2  60  -3.928607  -8.226576   0.328031   301
  2  61  -4.437094  -7.094750   2.140684   301
  2  62  -4.195638  -7.225131   3.197282   301
  2  63  -5.510720  -7.166589   1.958843   301
  2  64  -4.081648  -5.717669   1.589406   301
  2  65  -4.681026  -5.538887   0.696667   301
  2  66  -3.019573  -5.555266   1.410463   301
  2  67  -4.582710  -4.643887   2.552956   301
  2  68  -5.655512  -4.700148   2.746690   301
  2  69  -4.549022  -3.703728   2.010124   301
  2  70  -3.828780  -4.622152   3.876631   301
  2  71  -3.871131  -5.592932   4.376020   301
  2  72  -4.332180  -3.894081   4.520371   301
  2  73  -2.452509  -4.245791   3.647652   301
  2  74  -1.494111  -5.254796   3.578500   301
  2  75  -1.559561  -6.100852   4.464168   301
  2  76  -0.229767  -4.493597   3.211060   301
  2  77   0.445237  -4.520468   4.069108   301
  2  78   0.306358  -5.003150   2.402155   301
  2  79  -0.601164  -3.058268   2.823510   301
  2  80  -0.147678  -2.408448   3.573300   301
  2  81  -2.112463  -3.061006   3.004804   301
  2  82  -2.821843  -2.064486   3.141290   301
  3   0   1.450275   0.000000  -0.000000   456
  3   1   1.889503  -0.454471  -0.786534   456
  3   2   0.000000   0.000000   0.000000   456
  3   3  -0.489011  -0.349761  -0.906165   456
  3   4  -0.562930  -0.885497   1.104312   456
  3   5  -1.638382  -0.787338   1.030346   456
  3   6  -0.187414  -0.633776   2.094779   456
  3   7  -0.055786  -2.586779   0.743279   456
  3   8  -0.640429   1.386020   0.000000   456
  3   9  -1.843167   1.438063   0.222971   456
  3  10  -5.433451  -1.697912  -0.065690   456
  3  11  -4.467841  -1.369486  -1.031367   456
  3  12  -6.301838  -0.737277   0.458891   456
  3  13  -4.476113  -0.059907  -1.533697   456
  3  14  -6.295080   0.594255   0.021306   456
  3  15  -5.308645   0.901423  -0.948175   456
  3  16  -7.285376  -1.058980   1.394017   456
  3  17  -8.135832  -0.090926   1.948985   456
  3  18  -7.389771  -2.051215   1.819539   456
  3  19  -8.909550  -0.401392   2.629262   456
  3  20  -8.019235   1.233639   1.520698   456
  3  21  -8.927131   2.046149   2.078417   456
  3  22  -9.496954   1.580261   2.771777   456
  3  23  -9.041109   3.011941   1.814492   456
  3  24  -7.120371   1.611166   0.519892   456
  3  25  -6.780502   3.013788   0.115240   456
  3  26  -7.713497   4.073284   0.627478   456
  3  27  -5.359808   3.447443   0.316407   456
  3  28  -7.088927   3.258862  -1.338793   456
  3  29  -3.543464  -2.287512  -1.540147   456
  3  30  -2.695555  -1.846663  -2.569128   456
  3  31  -3.538638  -3.323651  -1.244020   456
  3  32  -1.995205  -2.509767  -3.047462   456
  3  33  -2.815049  -0.587608  -3.161333   456
  3  34  -1.959969  -0.372880  -4.175547   456
  3  35  -1.355256  -1.125484  -4.440706   456
  3  36  -1.936662   0.512626  -4.658806   456
  3  37  -3.677713   0.359222  -2.607144   456
  3  38  -3.624204   1.753046  -3.163190   456
  3  39  -4.775363   2.641318  -2.783189   456
  3  40  -2.376717   2.465393  -2.707407   456
  3  41  -3.581522   1.905811  -4.650450   456
  3  42  -5.497715  -2.985887   0.470867   456
  3  43  -5.067867  -3.126370   1.794836   456
  3  44  -4.842809  -4.392922   2.349629   456
  3  45  -5.203429  -5.539624   1.631348   456
  3  46  -5.676372  -5.384710   0.332569   456
  3  47  -4.911069  -2.249602   2.406385   456
  3  48  -4.485981  -4.494420   3.371524   456
  3  49  -5.955975  -6.268005  -0.231267   456
  3  50  -5.798002  -4.132993  -0.282907   456
  3  51  -6.209166  -4.134234  -1.632662   456
  3  52  -6.488765  -3.094324  -2.218421   456
  3  53  -6.327212  -5.208677  -2.215532   456
  3  54  -4.990574  -6.813258   2.185197   456
  3  55  -5.253558  -7.776031   1.473013   456
  3  56  -4.432127  -6.962143   3.392579   456
  3  57  -4.123014  -6.115427   3.849220   456
  3  58  -4.045584  -8.206602   4.024405   456
  3  59  -4.395515  -9.047937   3.419424   456
  3  60  -4.481365  -8.294253   5.020204   456
  3  61  -2.517736  -8.291970   3.979741   456
  3  62  -2.214756  -8.070303   2.953890   456
  3  63  -2.369970  -9.350374   4.183819   456
  3  64  -1.786770  -7.298816   4.875697   456
  3  65  -2.000730  -7.562757   5.915290   456
  3  66  -2.223170  -6.325009   4.694718   456
  3  67  -0.278918  -7.357638   4.678402   456
  3  68   0.054808  -8.380906   4.862920   456
  3  69   0.258975  -6.867540   5.488571   456
  3  70   0.290627  -6.849452   3.352975   456
  3  71  -0.103641  -7.396704   2.491773   456
  3  72   1.343806  -7.095851   3.449940   456
  3  73   0.035093  -5.422093   3.257324   456
  3  74   0.695727  -4.556674   4.114069   456
  3  75   1.778760  -4.798224   4.636458   456
  3  76   0.462805  -3.184665   3.505269   456
  3  77   0.035782  -2.567558   4.290974   456
  3  78   1.458822  -2.869893   3.202834   456
  3  79  -0.495563  -3.339473   2.331530   456
  3  80  -1.470759  -2.940158   2.621780   456
  3  81  -0.728831  -4.846660   2.248018   456
  3  82  -0.945616  -5.389246   1.175683   456
  4   0   1.448033   0.000000   0.000000   302
  4   1   1.962247  -0.061068   0.871582   302
  4   2   0.000000   0.000000   0.000000   302
  4   3  -0.375129  -0.332445  -0.977425   302
  4   4  -0.470018  -0.971706   1.079015   302
  4   5   0.049445  -1.916673   0.882564   302
  4   6  -1.534497  -1.158368   0.932581   302
  4   7  -0.123480  -0.689923   2.830788   302
  4   8  -0.633412   1.381915  -0.000000   302
  4   9   0.001933   2.361160   0.371506   302
  4  10  -5.521699   1.087037   3.487707   302
  4  11  -4.402801   1.918726   3.479603   302
  4  12  -6.757720   1.561227   3.956208   302
  4  13  -4.551416   3.288828   3.752429   302
  4  14  -6.820289   2.825176   4.548765   302
  4  15  -5.737302   3.712115   4.389143   302
  4  16  -7.918191   0.784513   3.853634   302
  4  17  -9.067198   1.249379   4.507991   302
  4  18  -7.930345  -0.108884   3.258156   302
  4  19 -10.010683   0.755852   4.344398   302
  4  20  -9.086673   2.451743   5.223632   302
  4  21 -10.226288   2.687399   5.899758   302
  4  22 -10.944227   1.978490   5.851663   302
  4  23 -10.426561   3.540884   6.387153   302
  4  24  -7.929241   3.241682   5.301391   302
  4  25  -7.911425   4.291591   6.366415   302
  4  26  -6.524853   4.749484   6.730773   302
  4  27  -8.624253   5.529646   5.896523   302
  4  28  -8.431164   3.763405   7.671744   302
  4  29  -3.113189   1.401585   3.312071   302
  4  30  -2.003546   2.242055   3.285603   302
  4  31  -2.886677   0.349260   3.255461   302
  4  32  -1.026635   1.787530   3.278376   302
  4  33  -2.166665   3.629317   3.230870   302
  4  34  -1.001084   4.270234   3.058977   302
  4  35  -0.212565   3.751212   2.701967   302
  4  36  -1.143207   5.275415   3.055955   302
  4  37  -3.436525   4.108403   3.577180   302
  4  38  -3.531827   5.541077   4.021885   302
  4  39  -4.871576   6.132712   3.727532   302
  4  40  -3.279624   5.723613   5.490548   302
  4  41  -2.748281   6.480721   3.145286   302
  4  42  -5.353193  -0.278434   3.190735   302
  4  43  -5.466728  -1.147672   4.280706   302
  4  44  -5.083035  -2.488539   4.099444   302
  4  45  -4.696441  -2.941191   2.827692   302
  4  46  -4.674065  -2.033412   1.769421   302
  4  47  -5.772108  -0.736236   5.230424   302
  4  48  -5.265904  -3.168849   4.911748   302
  4  49  -4.458877  -2.261572   0.734995   302
  4  50  -5.038423  -0.692077   1.892152   302
  4  51  -4.948092   0.183676   0.784319   302
  4  52  -5.210241   1.377348   0.888376   302
  4  53  -4.628485  -0.259519  -0.313011   302
  4  54  -4.393133  -4.306818   2.691432   302
  4  55  -4.181259  -4.715450   1.545120   302
  4  56  -4.393410  -5.133624   3.733734   302
  4  57  -4.907073  -4.755206   4.522119   302
  4  58  -3.994938  -6.525680   3.732918   302
  4  59  -4.102393  -7.004915   2.757323   302
  4  60  -4.646719  -7.033631   4.444654   302
  4  61  -2.516104  -6.684656   4.071561   302
  4  62  -1.930897  -6.122481   3.348517   302
  4  63  -2.074264  -7.681485   4.074572   302
  4  64  -2.253818  -6.097836   5.456244   302
  4  65  -2.800629  -6.720852   6.174400   302
  4  66  -2.558369  -5.058847   5.475008   302
  4  67  -0.761588  -6.210800   5.777472   302
  4  68  -0.485489  -7.258486   5.725319   302
  4  69  -0.632171  -5.980702   6.835208   302
  4  70   0.121819  -5.418449   4.818212   302
  4  71   0.251374  -5.937901   3.872757   302
  4  72   1.108397  -5.345428   5.276283   302
  4  73  -0.340049  -4.050314   4.741511   302
  4  74  -0.719461  -3.245073   5.813439   302
  4  75  -0.113260  -3.254426   6.886675   302
  4  76  -1.093071  -1.931785   5.148689   302
  4  77  -2.109485  -1.592044   5.333298   302
  4  78  -0.296956  -1.250147   5.454745   302
  4  79  -1.027741  -2.050981   3.626545   302
  4  80  -2.060452  -2.120690   3.296775   302
  4  81  -0.494190  -3.465427   3.492493   302
  4  82  -0.536730  -4.059273   2.407580   302
  5   0   1.448516   0.000000  -0.000000   316
  5   1   1.877989   0.838070   0.374957   316
  5   2   0.000000   0.000000   0.000000   316
  5   3  -0.291678  -0.486994  -0.928634   316
  5   4  -0.412285  -0.829921   1.212663   316
  5   5   0.031894  -1.822350   1.121617   316
  5   6  -1.492631  -0.968786   1.145079   316
  5   7   0.082014  -0.272539   2.866688   316
  5   8  -0.734199   1.327837   0.000000   316
  5   9  -1.684344   1.608296   0.724133   316
  5  10   0.049705   4.211504   4.308292   316
  5  11   0.524192   5.520375   4.217072   316
  5  12  -1.327636   4.029748   4.203892   316
  5  13  -0.318879   6.625721   4.107780   316
  5  14  -2.209573   5.095453   4.076771   316
  5  15  -1.711131   6.414482   4.000482   316
  5  16  -1.805020   2.706396   4.215854   316
  5  17  -3.186297   2.503486   4.105372   316
  5  18  -1.089392   1.905254   4.336049   316
  5  19  -3.530648   1.489714   3.941088   316
  5  20  -4.079623   3.568992   3.969869   316
  5  21  -5.391033   3.260267   3.886259   316
  5  22  -5.623890   2.280504   3.975377   316
  5  23  -6.065102   4.003807   3.758665   316
  5  24  -3.580077   4.860541   3.856926   316
  5  25  -4.531673   5.983602   3.608320   316
  5  26  -6.027064   5.844566   3.711139   316
  5  27  -4.417557   6.898234   4.792095   316
  5  28  -4.304614   6.776024   2.349984   316
  5  29   1.907398   5.750938   4.312337   316
  5  30   2.420337   7.018790   4.026596   316
  5  31   2.521616   4.955325   4.725422   316
  5  32   3.464577   7.272195   4.080883   316
  5  33   1.552968   8.070559   3.724849   316
  5  34   2.093311   9.269217   3.415420   316
  5  35   3.072729   9.479322   3.415640   316
  5  36   1.488695  10.075255   3.502231   316
  5  37   0.185154   7.915985   3.881354   316
  5  38  -0.784323   9.064028   3.919027   316
  5  39  -0.231481  10.430382   4.185377   316
  5  40  -1.409789   9.275787   2.568342   316
  5  41  -1.820485   8.980243   4.995478   316
  5  42   0.932056   3.137668   4.446978   316
  5  43   0.908239   2.592430   5.733464   316
  5  44   1.856520   1.623204   6.090348   316
  5  45   2.716710   1.119342   5.099947   316
  5  46   2.680119   1.671546   3.811875   316
  5  47   0.186395   2.888569   6.469092   316
  5  48   1.843953   1.271862   7.106322   316
  5  49   3.378834   1.277595   3.086135   316
  5  50   1.822830   2.710663   3.448986   316
  5  51   1.844576   3.153765   2.108057   316
  5  52   1.069300   4.033762   1.768717   316
  5  53   2.614882   2.641321   1.287795   316
  5  54   3.482527  -0.018778   5.422449   316
  5  55   4.329325  -0.356154   4.601469   316
  5  56   3.339138  -0.734661   6.541356   316
  5  57   2.657614  -0.471734   7.234893   316
  5  58   3.873892  -2.042641   6.847832   316
  5  59   4.297845  -1.889111   7.831291   316
  5  60   4.683756  -2.374609   6.196279   316
  5  61   2.770351  -3.101898   6.773882   316
  5  62   1.905948  -2.928341   7.419783   316
  5  63   3.188087  -4.003512   7.205956   316
  5  64   2.358827  -3.354745   5.322361   316
  5  65   3.226059  -3.622457   4.722579   316
  5  66   2.072396  -2.416450   4.842195   316
  5  67   1.411512  -4.540521   5.110628   316
  5  68   1.953032  -5.421741   5.457480   316
  5  69   1.325907  -4.749094   4.050406   316
  5  70  -0.018367  -4.406631   5.619179   316
  5  71  -0.019404  -4.397715   6.706431   316
  5  72  -0.596199  -5.236058   5.195079   316
  5  73  -0.608763  -3.175583   5.139541   316
  5  74  -0.928609  -2.169608   6.039883   316
  5  75  -0.814837  -2.209124   7.270573   316
  5  76  -1.128882  -0.863982   5.278747   316
  5  77  -2.056728  -0.361453   5.561532   316
  5  78  -0.307903  -0.186819   5.483311   316
  5  79  -1.095260  -1.265699   3.810383   316
  5  80  -2.108364  -1.267899   3.421393   316
  5  81  -0.770929  -2.757129   3.822462   316
  5  82  -0.355882  -3.397699   2.855660   316
  6   0   1.443815   0.000000   0.000000   928
  6   1   1.888955   0.861773   0.286703   928
  6   2   0.000000   0.000000   0.000000   928
  6   3  -0.379481  -0.606013  -0.822218   928
  6   4  -0.454144  -0.601489   1.329271   928
  6   5  -0.115458  -1.633471   1.388464   928
  6   6  -1.544104  -0.699898   1.319122   928
  6   7   0.104585   0.310109   2.787561   928
  6   8  -0.633045   1.378897  -0.000000   928
  6   9   0.011360   2.378057   0.315314   928
  6  10   1.627150   5.033057   5.151470   928
  6  11   2.270516   6.211013   5.559146   928
  6  12   0.408018   5.023871   4.462606   928
  6  13   1.647791   7.443295   5.369943   928
  6  14  -0.271708   6.237886   4.335187   928
  6  15   0.364246   7.409976   4.787703   928
  6  16  -0.229737   3.844575   4.046762   928
  6  17  -1.459466   3.929734   3.384104   928
  6  18   0.251072   2.893504   4.227009   928
  6  19  -1.843933   2.983335   3.018298   928
  6  20  -2.121047   5.149617   3.231460   928
  6  21  -3.325911   5.055459   2.652031   928
  6  22  -3.721598   4.167874   2.379045   928
  6  23  -3.818079   5.914868   2.442302   928
  6  24  -1.488901   6.330256   3.655473   928
  6  25  -2.102414   7.687873   3.537719   928
  6  26  -3.471842   7.766845   2.951519   928
  6  27  -2.317885   8.271455   4.909873   928
  6  28  -1.278762   8.664315   2.755695   928
  6  29   3.558217   6.138762   6.088114   928
  6  30   4.119092   7.305825   6.612310   928
  6  31   4.153861   5.236787   6.180028   928
  6  32   5.140345   7.367177   6.960846   928
  6  33   3.436802   8.519174   6.470999   928
  6  34   4.247780   9.521996   6.863386   928
  6  35   5.181002   9.288091   7.163195   928
  6  36   4.027115  10.502860   6.734493   928
  6  37   2.178608   8.632818   5.869808   928
  6  38   1.512110   9.964811   5.719872   928
  6  39   0.039622   9.855702   5.975161   928
  6  40   1.871436  11.078070   6.665354   928
  6  41   1.576177  10.367274   4.277784   928
  6  42   2.347811   3.834788   5.292174   928
  6  43   2.126452   3.268297   6.555223   928
  6  44   2.759774   2.053936   6.871180   928
  6  45   3.357843   1.371581   5.814721   928
  6  46   3.606767   1.934045   4.546781   928
  6  47   1.552764   3.822314   7.282237   928
  6  48   2.588284   1.600414   7.831653   928
  6  49   3.992273   1.338163   3.734123   928
  6  50   3.109612   3.215417   4.288860   928
  6  51   3.336581   3.780568   3.017643   928
  6  52   2.883891   4.880452   2.709869   928
  6  53   3.900712   3.222380   2.076641   928
  6  54   3.670556   0.020692   6.030829   928
  6  55   4.226513  -0.536824   5.084104   928
  6  56   3.367816  -0.636103   7.154872   928
  6  57   2.822524  -0.129678   7.835748   928
  6  58   3.781996  -1.981820   7.488785   928
  6  59   4.123383  -2.052665   8.530579   928
  6  60   4.529876  -2.276448   6.753141   928
  6  61   2.680331  -3.013445   7.280980   928
  6  62   1.755488  -2.683084   7.766808   928
  6  63   2.822037  -3.977908   7.769174   928
  6  64   2.353834  -3.328833   5.823129   928
  6  65   3.166819  -4.002231   5.561610   928
  6  66   2.246202  -2.394199   5.265301   928
  6  67   1.088505  -4.155663   5.628457   928
  6  68   1.186232  -5.077728   6.201905   928
  6  69   1.032196  -4.327501   4.552957   928
  6  70  -0.189984  -3.477031   6.083572   928
  6  71  -0.265893  -3.478957   7.170233   928
  6  72  -1.039539  -4.111023   5.824512   928
  6  73  -0.500965  -2.170020   5.545327   928
  6  74  -0.737698  -1.095726   6.393886   928
  6  75  -0.069261  -0.938534   7.414760   928
  6  76  -0.940218   0.043732   5.418993   928
  6  77  -1.853839   0.588106   5.669296   928
  6  78  -0.129725   0.768573   5.464931   928
  6  79  -1.015642  -0.465404   3.981742   928
  6  80  -2.053034  -0.411968   3.652251   928
  6  81  -0.693719  -1.939634   4.187693   928
  6  82  -1.247391  -2.748905   3.450585   928
