  1   7   1.450998  -0.000000   0.000000  6311
  1   8   1.924328  -0.554259   0.689174  6311
  1   9   0.000000   0.000000   0.000000  6311
  1  10  -0.321432  -0.444140  -0.944363  6311
  1  11  -0.402622  -0.900007   1.158394  6311
  1  12  -1.491389  -0.932353   1.209785  6311
  1  13   0.064916  -0.529256   2.071659  6311
  1  14   0.087800  -2.638579   1.053706  6311
  1  15  -0.651414   1.373849   0.000000  6311
  1  16  -0.415648   2.187388   0.895304  6311
  1  17   1.100073  -2.597222  -3.233788  6311
  1  18   2.089046  -1.831613  -3.863765  6311
  1  19  -0.170569  -2.060054  -2.991670  6311
  1  20   1.774093  -0.563614  -4.367740  6311
  1  21  -0.425497  -0.814912  -3.580933  6311
  1  22   0.512480   0.030314  -4.223585  6311
  1  23  -1.206752  -2.726564  -2.338225  6311
  1  24  -2.477393  -2.189396  -2.096108  6311
  1  25  -2.750652  -0.937661  -2.664868  6311
  1  26  -1.686971  -0.282933  -3.289938  6311
  1  27  -1.863332   0.714133  -3.670672  6311
  1  28  -1.049480  -3.764780  -2.107636  6311
  1  29  -3.933147  -0.321649  -2.574122  6311
  1  30  -4.191796   0.996847  -3.161038  6311
  1  31  -3.551964   1.716864  -2.664462  6311
  1  32  -4.071395   0.959822  -4.241192  6311
  1  33  -5.222603   1.303737  -3.010849  6311
  1  34   3.407379  -2.309483  -3.838470  6311
  1  35   4.419579  -1.501052  -4.363917  6311
  1  36   4.157484  -0.225533  -4.891325  6311
  1  37   2.839496   0.228843  -4.820975  6311
  1  38   2.515720   1.227125  -5.090053  6311
  1  39   3.603520  -3.301026  -3.471091  6311
  1  40   5.090221   0.582414  -5.399875  6311
  1  41   4.763137   1.974805  -5.720601  6311
  1  42   4.205314   2.486231  -4.949969  6311
  1  43   5.623096   2.576465  -6.032813  6311
  1  44   4.174509   1.962185  -6.642695  6311
  1  45   6.354729   0.024069  -5.884508  6311
  1  46   6.668375  -1.317992  -5.240846  6311
  1  47   5.738807  -1.979879  -4.435050  6311
  1  48   6.297185  -0.196612  -7.386569  6311
  1  49   7.566929   0.926747  -5.715245  6311
  1  50   7.663345  -1.709274  -5.366679  6311
  1  51   7.199115  -0.708583  -7.722587  6311
  1  52   6.232610   0.753301  -7.905796  6311
  1  53   5.398633  -0.696613  -7.756030  6311
  1  54   8.380024   0.386703  -6.209442  6311
  1  55   7.668926   0.979184  -4.636290  6311
  1  56   7.437502   1.939151  -6.117475  6311
  1  57  -5.045417  -1.040395  -1.942645  6311
  1  58  -4.686078  -2.344558  -1.260565  6311
  1  59  -3.439213  -2.947082  -1.415143  6311
  1  60  -5.724330  -0.180296  -0.885192  6311
  1  61  -6.129977  -1.435631  -2.941252  6311
  1  62  -5.466714  -2.895141  -0.757308  6311
  1  63  -4.959892   0.313618  -0.282543  6311
  1  64  -6.279397  -0.811355  -0.193406  6311
  1  65  -6.321917   0.570896  -1.407396  6311
  1  66  -5.696551  -2.181535  -3.611156  6311
  1  67  -6.576084  -0.540554  -3.374293  6311
  1  68  -6.989317  -1.931382  -2.486974  6311
  1  69  -3.208408  -4.239765  -0.656591  6311
  1  70  -3.777393  -5.661204  -1.615324  6311
  1  71  -5.165472  -5.400848  -2.110963  6311
  1  72  -3.605031  -6.971408  -0.913144  6311
  1  73  -2.997792  -5.760309  -2.905478  6311
  1  74  -2.165335  -4.258565  -0.332488  6311
  1  75  -3.766577  -4.203882   0.276393  6311
  1  76   6.276574  -3.166904  -3.679883  6311
  1  77   6.784635  -2.967353  -1.953570  6311
  1  78   7.368922  -4.208384  -1.354026  6311
  1  79   5.722745  -2.412365  -1.042867  6311
  1  80   7.933773  -2.004100  -1.860163  6311
  1  81   7.205177  -3.339772  -4.218133  6311
  1  82   5.560448  -3.992755  -3.674184  6311
  1  83   1.388631  -3.825400  -2.610157  6311
  1  84   1.983945  -3.778530  -1.341968  6311
  1  85   2.215023  -4.939919  -0.596127  6311
  1  86   1.948727  -6.212451  -1.127300  6311
  1  87   1.469749  -6.235460  -2.445460  6311
  1  88   2.254309  -2.842897  -0.884152  6311
  1  89   2.594486  -4.797120   0.399473  6311
  1  90   1.166648  -7.194694  -2.856677  6311
  1  91   1.128811  -5.088892  -3.157952  6311
  1  92   0.642183  -5.247494  -4.468615  6311
  1  93   0.311171  -4.296533  -5.187367  6311
  1  94   0.420406  -6.364841  -4.922100  6311
  1  95   2.125293  -7.428149  -0.432241  6311
  1  96   1.694487  -8.469699  -0.901901  6311
  1  97   2.631978  -7.376572   0.803967  6311
  1  98   2.853963  -6.464607   1.157865  6311
  1  99   2.612748  -8.380342   1.850810  6311
  1 100   3.623635  -8.407781   2.265962  6311
  1 101   2.409439  -9.314825   1.335532  6311
  1 102   1.545619  -8.108365   2.906350  6311
  1 103   1.499720  -8.942737   3.601775  6311
  1 104   0.577530  -8.063473   2.397051  6311
  1 105   1.744859  -6.844554   3.731505  6311
  1 106   1.543758  -5.991476   3.082342  6311
  1 107   2.808126  -6.780919   3.939868  6311
  1 108   0.887244  -6.731924   4.986580  6311
  1 109   1.386553  -5.926628   5.534929  6311
  1 110   0.842515  -7.679800   5.524474  6311
  1 111  -0.544254  -6.354878   4.609674  6311
  1 112  -1.039704  -6.357968   5.582002  6311
  1 113  -0.959621  -7.179623   4.035336  6311
  1 114  -0.632466  -5.031343   4.007701  6311
  1 115  -0.694496  -3.829615   4.697268  6311
  1 116  -0.385811  -3.618400   5.870938  6311
  1 117  -0.831226  -2.707850   3.677880  6311
  1 118  -1.746457  -2.190468   3.951498  6311
  1 119   0.014605  -2.014554   3.674704  6311
  1 120  -1.004139  -3.355764   2.307583  6311
  1 121  -2.035565  -3.145322   2.020053  6311
  1 122  -0.953624  -4.841368   2.674370  6311
  1 123  -0.885117  -5.786429   1.898314  6311
  2   7   1.446305   0.000000   0.000000  6379
  2   8   1.942189  -0.481168   0.740120  6379
  2   9   0.000000   0.000000   0.000000  6379
  2  10  -0.273663  -0.392433  -0.976220  6379
  2  11  -0.355251  -0.993272   1.099867  6379
  2  12  -1.443056  -1.058861   1.108604  6379
  2  13   0.023575  -0.718594   2.084722  6379
  2  14   0.267300  -2.672234   0.813467  6379
  2  15  -0.710915   1.351443  -0.000000  6379
  2  16  -1.749285   1.531996  -0.618296  6379
  2  17   2.692031  -3.663266  -2.810045  6379
  2  18   3.911552  -3.010057  -3.033845  6379
  2  19   1.488136  -2.965544  -2.895014  6379
  2  20   3.879955  -1.735984  -3.607118  6379
  2  21   1.525335  -1.701528  -3.505247  6379
  2  22   2.693760  -1.033686  -3.914722  6379
  2  23   0.228168  -3.462809  -2.553544  6379
  2  24  -0.979530  -2.790396  -2.798341  6379
  2  25  -0.987965  -1.525228  -3.404541  6379
  2  26   0.306505  -1.009886  -3.583893  6379
  2  27   0.444513   0.030270  -3.807571  6379
  2  28   0.110211  -4.420643  -2.076843  6379
  2  29  -2.111103  -0.843629  -3.662191  6379
  2  30  -2.118224   0.537588  -4.137889  6379
  2  31  -3.094367   1.012817  -4.136109  6379
  2  32  -1.509224   1.130841  -3.441706  6379
  2  33  -1.642390   0.645974  -5.108010  6379
  2  34   5.143381  -3.550718  -2.652816  6379
  2  35   6.332895  -2.841816  -2.909748  6379
  2  36   6.308488  -1.541467  -3.409144  6379
  2  37   5.053981  -0.986690  -3.703649  6379
  2  38   4.868405   0.028279  -4.035769  6379
  2  39   5.170622  -4.611239  -2.437979  6379
  2  40   7.434183  -0.808642  -3.477516  6379
  2  41   7.364074   0.642220  -3.718732  6379
  2  42   8.284626   1.182261  -3.523951  6379
  2  43   6.920737   0.828408  -4.697449  6379
  2  44   6.715940   1.043148  -2.934654  6379
  2  45   8.767926  -1.376052  -3.324298  6379
  2  46   8.757624  -2.835398  -2.949060  6379
  2  47   7.553660  -3.447494  -2.585732  6379
  2  48   9.670986  -1.262027  -4.545110  6379
  2  49   9.531320  -0.626626  -2.239820  6379
  2  50   9.708668  -3.254496  -2.655679  6379
  2  51   9.940362  -0.225283  -4.793897  6379
  2  52   9.138734  -1.712055  -5.380923  6379
  2  53  10.555446  -1.886563  -4.400936  6379
  2  54   8.965257  -0.676291  -1.315642  6379
  2  55   9.727890   0.416737  -2.496058  6379
  2  56  10.476693  -1.140608  -2.082693  6379
  2  57  -3.435304  -1.406429  -3.408922  6379
  2  58  -3.366923  -2.864490  -3.036386  6379
  2  59  -2.184946  -3.483247  -2.626788  6379
  2  60  -4.060207  -0.672438  -2.233910  6379
  2  61  -4.278003  -1.348630  -4.679401  6379
  2  62  -4.243639  -3.491427  -2.958169  6379
  2  63  -5.053013  -1.086587  -2.067125  6379
  2  64  -4.165785   0.394748  -2.469212  6379
  2  65  -3.579120  -0.901960  -1.286770  6379
  2  66  -3.744506  -1.458979  -5.628772  6379
  2  67  -4.763792  -0.386662  -4.822675  6379
  2  68  -5.085440  -2.078085  -4.631023  6379
  2  69  -2.270959  -4.899176  -2.103959  6379
  2  70  -1.914327  -6.339610  -3.136947  6379
  2  71  -2.199675  -7.663790  -2.490636  6379
  2  72  -0.575951  -6.161155  -3.789560  6379
  2  73  -2.940320  -6.436760  -4.230245  6379
  2  74  -1.596897  -5.135884  -1.277273  6379
  2  75  -3.322120  -5.012820  -1.865117  6379
  2  76   7.691389  -4.763780  -1.865646  6379
  2  77   7.919695  -6.207787  -2.936309  6379
  2  78   6.778719  -6.377484  -3.896506  6379
  2  79   8.079067  -7.496928  -2.202266  6379
  2  80   9.187478  -6.140539  -3.736063  6379
  2  81   6.829468  -4.988246  -1.238981  6379
  2  82   8.554832  -4.599041  -1.217780  6379
  2  83   2.656976  -4.863183  -2.069863  6379
  2  84   2.803763  -4.781305  -0.679809  6379
  2  85   2.727430  -5.936118   0.101138  6379
  2  86   2.617218  -7.180531  -0.517567  6379
  2  87   2.561699  -7.264713  -1.915683  6379
  2  88   2.828239  -3.827657  -0.179452  6379
  2  89   2.737110  -5.831872   1.173071  6379
  2  90   2.409034  -8.224672  -2.376954  6379
  2  91   2.632500  -6.109852  -2.709646  6379
  2  92   2.684356  -6.169147  -4.114883  6379
  2  93   2.740500  -5.156073  -4.810965  6379
  2  94   2.696594  -7.287654  -4.623796  6379
  2  95   2.425972  -8.361902   0.235284  6379
  2  96   2.005591  -9.361468  -0.342860  6379
  2  97   2.709177  -8.321252   1.544153  6379
  2  98   3.224904  -7.535030   1.873510  6379
  2  99   2.570062  -9.460848   2.428674  6379
  2 100   3.320181  -9.472562   3.208536  6379
  2 101   2.397278 -10.418887   1.937545  6379
  2 102   1.264114  -9.183527   3.169141  6379
  2 103   1.110206 -10.041878   3.830534  6379
  2 104   0.380416  -9.083141   2.538588  6379
  2 105   1.311753  -8.040477   4.175157  6379
  2 106   1.785306  -7.111430   3.862234  6379
  2 107   1.998400  -8.378451   4.950006  6379
  2 108  -0.043286  -7.681688   4.783137  6379
  2 109   0.035949  -7.200033   5.765497  6379
  2 110  -0.606030  -8.593277   4.949637  6379
  2 111  -0.905757  -6.897744   3.800450  6379
  2 112  -1.894900  -6.860594   4.251692  6379
  2 113  -0.893452  -7.517417   2.901586  6379
  2 114  -0.397913  -5.573581   3.489839  6379
  2 115  -0.469199  -4.525647   4.392366  6379
  2 116  -1.082969  -4.621867   5.459572  6379
  2 117  -0.337967  -3.265443   3.557761  6379
  2 118  -1.054482  -2.510457   3.888222  6379
  2 119   0.683602  -2.908975   3.609025  6379
  2 120  -0.518840  -3.666635   2.096449  6379
  2 121  -1.605264  -3.700417   2.012524  6379
  2 122  -0.141673  -5.143845   2.199386  6379
  2 123  -0.280025  -5.907811   1.248748  6379
  3   7   1.450895   0.000000   0.000000  7585
  3   8   1.884421  -0.119272   0.897792  7585
  3   9   0.000000   0.000000   0.000000  7585
  3  10  -0.408022  -0.459229  -0.907099  7585
  3  11  -0.441037  -0.700124   1.276014  7585
  3  12  -1.530087  -0.721276   1.401000  7585
  3  13   0.045767  -0.217504   2.127014  7585
  3  14   0.158458  -2.404477   1.346658  7585
  3  15  -0.524022   1.427200   0.000000  7585
  3  16   0.021502   2.334126   0.618375  7585
  3  17  -1.517337  -2.852868  -2.687553  7585
  3  18  -2.109935  -2.371038  -3.864358  7585
  3  19  -0.131504  -3.043516  -2.587455  7585
  3  20  -1.257912  -1.888499  -4.866058  7585
  3  21   0.615276  -2.390047  -3.574775  7585
  3  22   0.141015  -1.757494  -4.738242  7585
  3  23   0.537326  -3.713584  -1.556786  7585
  3  24   1.918473  -3.909036  -1.600753  7585
  3  25   2.689513  -3.312802  -2.606391  7585
  3  26   1.998905  -2.647087  -3.619547  7585
  3  27   2.419263  -2.119075  -4.461568  7585
  3  28  -0.074363  -4.176757  -0.799551  7585
  3  29   4.021104  -3.458974  -2.722580  7585
  3  30   4.709506  -2.849712  -3.862010  7585
  3  31   4.151503  -3.147919  -4.755715  7585
  3  32   4.772776  -1.764401  -3.844727  7585
  3  33   5.763817  -3.082905  -4.013478  7585
  3  34  -3.475229  -2.518281  -4.137106  7585
  3  35  -4.018001  -2.213713  -5.387361  7585
  3  36  -3.176174  -1.695961  -6.381577  7585
  3  37  -1.844790  -1.422717  -6.039738  7585
  3  38  -1.180858  -0.929011  -6.735830  7585
  3  39  -4.172384  -2.848598  -3.373188  7585
  3  40  -3.639133  -1.302812  -7.579075  7585
  3  41  -2.733278  -0.844860  -8.645572  7585
  3  42  -3.193409  -0.738578  -9.625360  7585
  3  43  -2.324841   0.113821  -8.310441  7585
  3  44  -1.945007  -1.591656  -8.707397  7585
  3  45  -5.024551  -1.507611  -7.982524  7585
  3  46  -5.945222  -2.050671  -6.909932  7585
  3  47  -5.390943  -2.317589  -5.647426  7585
  3  48  -5.622183  -0.275879  -8.659407  7585
  3  49  -5.195066  -2.555503  -9.083181  7585
  3  50  -7.002432  -2.192556  -7.015189  7585
  3  51  -5.081827   0.028745  -9.556190  7585
  3  52  -5.573525   0.531644  -7.929929  7585
  3  53  -6.643622  -0.455569  -8.992239  7585
  3  54  -4.913723  -2.133676 -10.055965  7585
  3  55  -6.262475  -2.730003  -9.209227  7585
  3  56  -4.633618  -3.426851  -8.761427  7585
  3  57   4.802555  -4.301396  -1.823101  7585
  3  58   3.921443  -4.988421  -0.794198  7585
  3  59   2.546567  -4.775463  -0.703815  7585
  3  60   5.573180  -5.407249  -2.544294  7585
  3  61   5.856384  -3.444594  -1.144624  7585
  3  62   4.387708  -5.777496  -0.227755  7585
  3  63   4.941158  -6.160467  -3.015051  7585
  3  64   6.164469  -5.930548  -1.801978  7585
  3  65   6.207271  -5.039901  -3.354596  7585
  3  66   6.596547  -4.078588  -0.667230  7585
  3  67   5.402181  -2.746312  -0.439570  7585
  3  68   6.423411  -2.853760  -1.868570  7585
  3  69   1.740377  -5.723587   0.159212  7585
  3  70   1.215119  -7.247373  -0.655822  7585
  3  71   0.310504  -6.835612  -1.781266  7585
  3  72   0.389904  -8.185944   0.163082  7585
  3  73   2.243517  -8.202246  -1.201635  7585
  3  74   2.401419  -5.915783   1.002056  7585
  3  75   0.931981  -5.183172   0.670041  7585
  3  76  -6.421065  -2.459411  -4.554111  7585
  3  77  -6.873129  -4.151531  -4.063730  7585
  3  78  -5.656499  -4.868781  -3.574071  7585
  3  79  -7.548848  -4.971941  -5.119444  7585
  3  80  -7.917654  -4.095657  -2.984869  7585
  3  81  -7.347044  -2.035459  -4.937939  7585
  3  82  -6.014833  -1.969032  -3.675756  7585
  3  83  -2.310017  -3.449621  -1.708959  7585
  3  84  -2.311739  -4.835832  -1.496094  7585
  3  85  -2.764492  -5.394097  -0.302170  7585
  3  86  -3.597289  -4.646414   0.549607  7585
  3  87  -3.839761  -3.329190   0.141520  7585
  3  88  -1.713763  -5.439425  -2.170112  7585
  3  89  -2.529879  -6.438839  -0.144470  7585
  3  90  -4.541604  -2.751194   0.714265  7585
  3  91  -3.148466  -2.683973  -0.882588  7585
  3  92  -3.389007  -1.308027  -1.056691  7585
  3  93  -2.804956  -0.583910  -1.863377  7585
  3  94  -4.219598  -0.715641  -0.366403  7585
  3  95  -4.192988  -5.258145   1.666669  7585
  3  96  -4.945696  -4.617685   2.397245  7585
  3  97  -4.058518  -6.572209   1.872697  7585
  3  98  -3.512993  -7.144261   1.232651  7585
  3  99  -4.577163  -7.177091   3.075876  7585
  3 100  -4.924050  -8.183588   2.862502  7585
  3 101  -5.483017  -6.708753   3.459005  7585
  3 102  -3.541802  -7.289513   4.187086  7585
  3 103  -2.497620  -7.553402   3.992547  7585
  3 104  -3.922943  -8.057120   4.847018  7585
  3 105  -3.501482  -6.069061   5.100197  7585
  3 106  -4.369705  -6.020063   5.757076  7585
  3 107  -3.543940  -5.152197   4.510156  7585
  3 108  -2.205110  -6.089223   5.919414  7585
  3 109  -2.222479  -7.059165   6.410443  7585
  3 110  -2.205594  -5.270524   6.636233  7585
  3 111  -0.906257  -5.909761   5.135399  7585
  3 112  -0.821415  -6.724951   4.410165  7585
  3 113  -0.075944  -5.943953   5.839751  7585
  3 114  -0.889926  -4.616277   4.483685  7585
  3 115  -1.046864  -3.406734   5.125927  7585
  3 116  -0.680744  -3.176459   6.278028  7585
  3 117  -0.744639  -2.381880   4.043513  7585
  3 118  -1.392169  -1.512358   4.093888  7585
  3 119   0.285895  -2.168858   4.338840  7585
  3 120  -0.881313  -3.051524   2.679255  7585
  3 121  -1.910126  -2.841056   2.411397  7585
  3 122  -0.816042  -4.509271   3.106120  7585
  3 123  -0.732161  -5.387733   2.249749  7585
  4   7   1.449517   0.000000  -0.000000 12591
  4   8   1.849443  -0.488714   0.784933 12591
  4   9   0.000000   0.000000   0.000000 12591
  4  10  -0.274436  -0.484672  -0.942644 12591
  4  11  -0.421589  -0.855666   1.190712 12591
  4  12  -1.482701  -0.685191   1.367007 12591
  4  13   0.109347  -0.525621   2.092143 12591
  4  14  -0.182545  -2.649377   1.151206 12591
  4  15  -0.711408   1.349851   0.000000 12591
  4  16  -1.815776   1.493085   0.523695 12591
  4  17  -3.955387  -1.610841  -1.372701 12591
  4  18  -2.672477  -1.627455  -1.922670 12591
  4  19  -4.741648  -0.445343  -1.418642 12591
  4  20  -2.155269  -0.545004  -2.653354 12591
  4  21  -4.270801   0.566224  -2.261693 12591
  4  22  -3.003413   0.556468  -2.887897 12591
  4  23  -6.069608  -0.395428  -0.987675 12591
  4  24  -6.922926   0.624864  -1.427848 12591
  4  25  -6.418826   1.700850  -2.172185 12591
  4  26  -5.100594   1.627510  -2.641317 12591
  4  27  -4.605325   2.340877  -3.278747 12591
  4  28  -6.461393  -1.079297  -0.258479 12591
  4  29  -7.198050   2.717520  -2.579236 12591
  4  30  -6.532586   3.815136  -3.283650 12591
  4  31  -6.223587   3.412518  -4.239327 12591
  4  32  -7.244271   4.616188  -3.536276 12591
  4  33  -5.722523   4.270582  -2.724216 12591
  4  34  -1.827644  -2.739636  -1.811715 12591
  4  35  -0.659393  -2.903873  -2.577232 12591
  4  36  -0.197997  -1.830316  -3.338015 12591
  4  37  -0.933621  -0.636947  -3.343225 12591
  4  38  -0.630278   0.166846  -4.000339 12591
  4  39  -2.166930  -3.579782  -1.220072 12591
  4  40   0.863943  -1.936421  -4.146176 12591
  4  41   1.419232  -0.761894  -4.825174 12591
  4  42   1.498017   0.139872  -4.214427 12591
  4  43   2.452128  -0.851822  -5.159000 12591
  4  44   0.991987  -0.477526  -5.794760 12591
  4  45   1.672004  -3.136656  -4.309802 12591
  4  46   1.169078  -4.257660  -3.428089 12591
  4  47   0.076230  -4.097242  -2.572021 12591
  4  48   1.580456  -3.561167  -5.778785 12591
  4  49   3.144081  -2.991865  -3.945898 12591
  4  50   1.776935  -5.141731  -3.519888 12591
  4  51   1.463037  -4.634125  -5.905177 12591
  4  52   2.478549  -3.288907  -6.345092 12591
  4  53   0.793091  -2.996170  -6.286459 12591
  4  54   3.802783  -2.582554  -4.713476 12591
  4  55   3.629345  -3.953066  -3.780943 12591
  4  56   3.281437  -2.454312  -3.013873 12591
  4  57  -8.613142   2.787003  -2.235017 12591
  4  58  -9.147251   1.634898  -1.425833 12591
  4  59  -8.286207   0.577044  -1.121782 12591
  4  60  -8.951876   4.084052  -1.498453 12591
  4  61  -9.438520   2.827393  -3.527194 12591
  4  62 -10.203811   1.588933  -1.180739 12591
  4  63  -9.973595   3.983181  -1.128975 12591
  4  64  -8.929316   4.967964  -2.143660 12591
  4  65  -8.192174   4.129433  -0.711183 12591
  4  66 -10.502806   2.873292  -3.318172 12591
  4  67  -9.331520   1.857820  -4.020529 12591
  4  68  -9.181883   3.707101  -4.116812 12591
  4  69  -8.909795  -0.624146  -0.437835 12591
  4  70  -9.251288  -2.139158  -1.370315 12591
  4  71 -10.158765  -3.053472  -0.593578 12591
  4  72  -8.075104  -2.954324  -1.835283 12591
  4  73 -10.102675  -1.789847  -2.549393 12591
  4  74  -8.397417  -0.989068   0.444209 12591
  4  75  -9.914820  -0.359364  -0.111007 12591
  4  76  -0.189721  -5.237591  -1.615687 12591
  4  77   1.329406  -6.046185  -1.050681 12591
  4  78   2.432049  -5.146509  -0.586936 12591
  4  79   2.136364  -6.911705  -1.972307 12591
  4  80   1.030547  -6.888509   0.147724 12591
  4  81  -0.868154  -5.971037  -2.038044 12591
  4  82  -0.713619  -4.973715  -0.695633 12591
  4  83  -4.444585  -2.732461  -0.708959 12591
  4  84  -4.404088  -2.724898   0.698805 12591
  4  85  -4.529372  -3.917940   1.413198 12591
  4  86  -4.734269  -5.125010   0.731142 12591
  4  87  -4.890666  -5.107349  -0.665185 12591
  4  88  -4.105783  -1.824119   1.201808 12591
  4  89  -4.396639  -3.912808   2.484531 12591
  4  90  -5.135230  -6.032551  -1.164273 12591
  4  91  -4.731715  -3.924197  -1.392568 12591
  4  92  -4.836164  -3.928942  -2.798863 12591
  4  93  -4.635752  -2.929516  -3.479072 12591
  4  94  -5.099010  -4.996090  -3.345039 12591
  4  95  -4.868383  -6.317446   1.468375 12591
  4  96  -4.883631  -7.352261   0.815668 12591
  4  97  -4.919572  -6.437101   2.804660 12591
  4  98  -4.985250  -5.591692   3.361052 12591
  4  99  -5.165104  -7.584320   3.642102 12591
  4 100  -5.555165  -8.480265   3.151659 12591
  4 101  -5.728602  -7.479550   4.572957 12591
  4 102  -3.747253  -7.930971   4.085644 12591
  4 103  -3.102831  -8.000796   3.207040 12591
  4 104  -3.747254  -8.920489   4.554105 12591
  4 105  -3.180788  -6.972580   5.124250 12591
  4 106  -3.572643  -7.319854   6.089677 12591
  4 107  -3.400584  -5.917251   4.967489 12591
  4 108  -1.669940  -7.133686   5.244180 12591
  4 109  -1.388812  -8.191434   5.284608 12591
  4 110  -1.342796  -6.637903   6.145611 12591
  4 111  -0.882367  -6.625047   4.042176 12591
  4 112  -1.111478  -7.262147   3.186775 12591
  4 113   0.189922  -6.731699   4.161856 12591
  4 114  -1.167289  -5.212961   3.837639 12591
  4 115  -0.522660  -4.259824   4.613256 12591
  4 116   0.358324  -4.504563   5.450735 12591
  4 117  -0.549702  -2.971709   3.824313 12591
  4 118  -1.149419  -2.262256   4.401128 12591
  4 119   0.493611  -2.668103   3.733640 12591
  4 120  -1.216545  -3.285445   2.488988 12591
  4 121  -2.140439  -2.709727   2.620019 12591
  4 122  -1.542517  -4.769905   2.581850 12591
  4 123  -1.613644  -5.468575   1.574625 12591
  5   7   1.454544   0.000000   0.000000  7945
  5   8   1.830537  -0.509343   0.788097  7945
  5   9   0.000000   0.000000   0.000000  7945
  5  10  -0.382321  -0.511705  -0.888195  7945
  5  11  -0.518583  -0.738764   1.235758  7945
  5  12  -1.607653  -0.781350   1.163549  7945
  5  13  -0.157577  -0.296746   2.163818  7945
  5  14  -0.140185  -2.504874   1.177729  7945
  5  15  -0.641231   1.377071   0.000000  7945
  5  16  -1.822908   1.588951  -0.271385  7945
  5  17   4.983826  -3.272611  -0.841482  7945
  5  18   6.304446  -2.937173  -0.512324  7945
  5  19   4.260164  -2.508696  -1.766763  7945
  5  20   6.916665  -1.904419  -1.234271  7945
  5  21   4.920439  -1.472372  -2.444237  7945
  5  22   6.287121  -1.179461  -2.262625  7945
  5  23   2.935006  -2.764334  -2.124405  7945
  5  24   2.208316  -2.068561  -3.092667  7945
  5  25   2.864194  -0.995147  -3.707651  7945
  5  26   4.227025  -0.796107  -3.451386  7945
  5  27   4.811195  -0.078216  -4.018816  7945
  5  28   2.454855  -3.655056  -1.720711  7945
  5  29   2.268405  -0.176551  -4.584373  7945
  5  30   2.854090   1.081014  -5.030356  7945
  5  31   3.768672   1.039010  -5.630753  7945
  5  32   2.287796   1.785391  -5.641966  7945
  5  33   3.134383   1.689723  -4.170118  7945
  5  34   6.911714  -3.472149   0.630533  7945
  5  35   8.158772  -2.974315   1.026147  7945
  5  36   8.792441  -1.914581   0.355308  7945
  5  37   8.190121  -1.466764  -0.821881  7945
  5  38   8.576498  -0.664949  -1.438651  7945
  5  39   6.434312  -4.208730   1.254982  7945
  5  40   9.931906  -1.383338   0.819532  7945
  5  41  10.508993  -0.258089   0.067412  7945
  5  42   9.886189   0.632886  -0.012419  7945
  5  43  11.482769   0.075093   0.445501  7945
  5  44  10.699913  -0.586669  -0.946730  7945
  5  45  10.740269  -1.979643   1.884929  7945
  5  46   9.958509  -3.021192   2.651368  7945
  5  47   8.706917  -3.479675   2.219275  7945
  5  48  11.962234  -2.699607   1.337335  7945
  5  49  11.103958  -0.897267   2.900357  7945
  5  50  10.542405  -3.468875   3.452710  7945
  5  51  12.572730  -3.089801   2.148034  7945
  5  52  12.565445  -2.074367   0.675814  7945
  5  53  11.731711  -3.617581   0.803402  7945
  5  54  10.227049  -0.305720   3.159602  7945
  5  55  11.904277  -0.262594   2.528768  7945
  5  56  11.530068  -1.358364   3.794569  7945
  5  57   0.967518  -0.455310  -5.200232  7945
  5  58   0.300024  -1.647710  -4.558644  7945
  5  59   0.926541  -2.400363  -3.565273  7945
  5  60  -0.063526   0.664723  -5.163122  7945
  5  61   1.117805  -0.878331  -6.662069  7945
  5  62  -0.692384  -1.895600  -4.905457  7945
  5  63  -0.962159   0.343366  -5.688564  7945
  5  64   0.220413   1.530451  -5.753029  7945
  5  65  -0.202401   0.926691  -4.112176  7945
  5  66   0.196830  -1.331873  -7.006603  7945
  5  67   1.937787  -1.600083  -6.750416  7945
  5  68   1.400644  -0.074259  -7.340279  7945
  5  69  -0.019529  -3.381176  -2.918469  7945
  5  70   0.325183  -5.121001  -3.234517  7945
  5  71   1.749959  -5.567376  -3.090074  7945
  5  72   0.082633  -5.586069  -4.646246  7945
  5  73  -0.582593  -5.966633  -2.383606  7945
  5  74   0.096592  -3.279688  -1.831124  7945
  5  75  -1.058891  -3.166498  -3.141488  7945
  5  76   8.149214  -4.663066   2.952862  7945
  5  77   6.888478  -4.230138   4.177000  7945
  5  78   5.779746  -3.320781   3.741584  7945
  5  79   7.437651  -3.621345   5.436991  7945
  5  80   6.174300  -5.450446   4.684639  7945
  5  81   8.863390  -5.260603   3.524268  7945
  5  82   7.664527  -5.354388   2.272897  7945
  5  83   4.353594  -4.352458  -0.206470  7945
  5  84   3.245067  -4.172524   0.621657  7945
  5  85   2.840473  -5.178966   1.510635  7945
  5  86   3.483215  -6.420842   1.552115  7945
  5  87   4.451767  -6.644896   0.559487  7945
  5  88   2.665163  -3.268037   0.636043  7945
  5  89   1.956900  -4.954778   2.089889  7945
  5  90   4.859730  -7.637366   0.452395  7945
  5  91   4.848387  -5.659888  -0.346136  7945
  5  92   5.770186  -5.991324  -1.358329  7945
  5  93   6.065126  -5.238842  -2.288317  7945
  5  94   6.274676  -7.105363  -1.463278  7945
  5  95   3.028846  -7.441020   2.410536  7945
  5  96   3.483764  -8.572474   2.243621  7945
  5  97   2.276721  -7.143495   3.469208  7945
  5  98   2.204879  -6.161969   3.681678  7945
  5  99   1.645044  -8.116684   4.340062  7945
  5 100   1.633907  -7.716880   5.356592  7945
  5 101   2.210516  -9.050192   4.309880  7945
  5 102   0.209888  -8.418097   3.913831  7945
  5 103  -0.118326  -9.272999   4.498996  7945
  5 104   0.170357  -8.532942   2.819003  7945
  5 105  -0.761823  -7.290337   4.236984  7945
  5 106  -0.254586  -6.350327   4.009179  7945
  5 107  -0.918986  -7.313050   5.314798  7945
  5 108  -2.027787  -7.334905   3.386953  7945
  5 109  -2.552145  -8.256670   3.647532  7945
  5 110  -1.910157  -7.344395   2.309469  7945
  5 111  -2.916243  -6.135697   3.686362  7945
  5 112  -3.166699  -6.134172   4.741619  7945
  5 113  -3.853789  -6.136263   3.138994  7945
  5 114  -2.172161  -4.915622   3.405009  7945
  5 115  -2.184675  -3.844886   4.279234  7945
  5 116  -3.004587  -3.729535   5.196424  7945
  5 117  -1.563516  -2.645888   3.579259  7945
  5 118  -2.162741  -1.764990   3.825527  7945
  5 119  -0.547183  -2.495495   3.944021  7945
  5 120  -1.598509  -3.043355   2.113212  7945
  5 121  -2.563280  -2.726332   1.722674  7945
  5 122  -1.846288  -4.546385   2.112579  7945
  5 123  -1.344067  -5.338548   1.329919  7945
  6   7   1.443226   0.000000   0.000000  8360
  6   8   1.928527  -0.337003   0.808587  8360
  6   9   0.000000   0.000000   0.000000  8360
  6  10  -0.391969  -0.436411  -0.926987  8360
  6  11  -0.446223  -0.787124   1.235848  8360
  6  12  -1.535864  -0.783786   1.186170  8360
  6  13  -0.240918  -0.248463   2.163638  8360
  6  14   0.185003  -2.469553   1.434568  8360
  6  15  -0.540596   1.420899   0.000000  8360
  6  16  -1.628091   1.718109  -0.483654  8360
  6  17   1.681444  -3.168428  -2.937942  8360
  6  18   2.770255  -2.400743  -3.379812  8360
  6  19   0.401532  -2.607598  -3.014068  8360
  6  20   2.532524  -1.178922  -4.015454  8360
  6  21   0.173986  -1.375992  -3.649024  8360
  6  22   1.232448  -0.743999  -4.328099  8360
  6  23  -0.609397  -3.164501  -2.217086  8360
  6  24  -1.858474  -2.545629  -2.267123  8360
  6  25  -2.148866  -1.386072  -2.981825  8360
  6  26  -1.079041  -0.747220  -3.635923  8360
  6  27  -1.013079   0.209257  -4.120690  8360
  6  28  -0.444696  -4.098249  -1.691362  8360
  6  29  -3.337455  -0.771492  -2.994144  8360
  6  30  -3.532020   0.277714  -3.994399  8360
  6  31  -3.076097  -0.080743  -4.920164  8360
  6  32  -4.588888   0.451591  -4.193886  8360
  6  33  -3.032306   1.196246  -3.673176  8360
  6  34   4.080514  -2.914135  -3.410589  8360
  6  35   5.147845  -2.198536  -3.956504  8360
  6  36   4.945312  -0.882533  -4.417819  8360
  6  37   3.622580  -0.449610  -4.511415  8360
  6  38   3.328378   0.490607  -4.955978  8360
  6  39   4.262191  -3.931509  -3.109850  8360
  6  40   5.867690  -0.133686  -5.035031  8360
  6  41   5.598293   1.237815  -5.441125  8360
  6  42   6.486303   1.779057  -5.793532  8360
  6  43   4.821145   1.323306  -6.200026  8360
  6  44   5.312267   1.800116  -4.552527  8360
  6  45   7.231441  -0.628134  -5.255493  8360
  6  46   7.470767  -2.018398  -4.718464  8360
  6  47   6.438704  -2.716356  -4.073328  8360
  6  48   7.752773  -0.498479  -6.681326  8360
  6  49   8.206548   0.253938  -4.475934  8360
  6  50   8.389058  -2.503986  -5.010945  8360
  6  51   7.454345   0.464061  -7.090057  8360
  6  52   7.262968  -1.154252  -7.399487  8360
  6  53   8.823293  -0.683066  -6.677285  8360
  6  54   9.244779  -0.055540  -4.543026  8360
  6  55   7.836267   0.128405  -3.456261  8360
  6  56   8.236342   1.312640  -4.716074  8360
  6  57  -4.538236  -1.265222  -2.320307  8360
  6  58  -4.200312  -2.472989  -1.477871  8360
  6  59  -2.917629  -3.040789  -1.489173  8360
  6  60  -5.006217  -0.160279  -1.369783  8360
  6  61  -5.701465  -1.741987  -3.173594  8360
  6  62  -4.970739  -2.996665  -0.935554  8360
  6  63  -5.925547  -0.435305  -0.852006  8360
  6  64  -5.238544   0.707484  -1.990760  8360
  6  65  -4.259626   0.135876  -0.645701  8360
  6  66  -5.329173  -2.314259  -4.034642  8360
  6  67  -6.257581  -0.881428  -3.549194  8360
  6  68  -6.380567  -2.335218  -2.557640  8360
  6  69  -2.744821  -4.252966  -0.610441  8360
  6  70  -3.089743  -5.816808  -1.457512  8360
  6  71  -3.004238  -6.916518  -0.449827  8360
  6  72  -2.144983  -6.087108  -2.589841  8360
  6  73  -4.460838  -5.838773  -2.068834  8360
  6  74  -1.772694  -4.215011  -0.134285  8360
  6  75  -3.492729  -4.204487   0.180938  8360
  6  76   6.768522  -4.097803  -3.547861  8360
  6  77   6.393668  -5.346341  -4.804181  8360
  6  78   5.136831  -5.037269  -5.566371  8360
  6  79   6.327083  -6.735738  -4.256332  8360
  6  80   7.431552  -5.420606  -5.888563  8360
  6  81   6.159886  -4.332604  -2.678014  8360
  6  82   7.826499  -4.115866  -3.255528  8360
  6  83   1.919869  -4.233323  -2.073446  8360
  6  84   2.397827  -3.952811  -0.782450  8360
  6  85   2.674568  -4.978355   0.117870  8360
  6  86   2.347800  -6.287839  -0.254781  8360
  6  87   2.016389  -6.564538  -1.589474  8360
  6  88   2.496423  -2.907204  -0.545836  8360
  6  89   2.952626  -4.715339   1.128269  8360
  6  90   1.787182  -7.595089  -1.850873  8360
  6  91   1.821479  -5.549664  -2.532101  8360
  6  92   1.533513  -5.923143  -3.859991  8360
  6  93   1.443160  -5.110732  -4.778590  8360
  6  94   1.300148  -7.090118  -4.154111  8360
  6  95   2.417506  -7.354007   0.654795  8360
  6  96   2.003504  -8.463169   0.322889  8360
  6  97   2.812801  -7.148857   1.916007  8360
  6  98   3.222716  -6.252666   2.140085  8360
  6  99   2.804487  -8.143366   2.961515  8360
  6 100   3.698595  -8.033751   3.573606  8360
  6 101   2.751690  -9.092160   2.413245  8360
  6 102   1.582502  -7.914636   3.847029  8360
  6 103   1.382187  -8.782037   4.472561  8360
  6 104   0.744171  -7.811321   3.159114  8360
  6 105   1.649712  -6.643515   4.684608  8360
  6 106   1.797644  -5.809700   4.004046  8360
  6 107   2.540840  -6.796561   5.298096  8360
  6 108   0.481287  -6.548538   5.662545  8360
  6 109   0.739458  -5.807342   6.414594  8360
  6 110   0.259216  -7.496704   6.160003  8360
  6 111  -0.831675  -6.116827   5.004324  8360
  6 112  -1.660998  -6.058784   5.702003  8360
  6 113  -1.033514  -6.875439   4.247445  8360
  6 114  -0.679933  -4.811013   4.384628  8360
  6 115  -0.599142  -3.638463   5.114971  8360
  6 116  -1.181312  -3.516510   6.187122  8360
  6 117  -0.684923  -2.526332   4.079979  8360
  6 118  -1.402206  -1.750176   4.385408  8360
  6 119   0.263022  -1.999584   4.064615  8360
  6 120  -0.901521  -3.154449   2.701446  8360
  6 121  -1.960121  -3.076103   2.432885  8360
  6 122  -0.785738  -4.635489   3.015323  8360
  6 123  -0.165736  -5.380250   2.249078  8360
  7   7   1.446720   0.000000  -0.000000  7879
  7   8   1.957048  -0.302002   0.820280  7879
  7   9   0.000000   0.000000   0.000000  7879
  7  10  -0.391989  -0.601609  -0.810995  7879
  7  11  -0.527192  -0.840195   1.171428  7879
  7  12  -1.605355  -0.821968   1.026745  7879
  7  13  -0.325356  -0.322083   2.106800  7879
  7  14   0.035598  -2.546416   1.391366  7879
  7  15  -0.600255   1.400570   0.000000  7879
  7  16  -1.803805   1.605530  -0.147507  7879
  7  17   1.973431  -4.218741  -1.639269  7879
  7  18   3.220942  -3.829810  -2.132978  7879
  7  19   0.813219  -3.555382  -2.047151  7879
  7  20   3.294418  -2.774165  -3.048628  7879
  7  21   0.891811  -2.410153  -2.861074  7879
  7  22   2.136834  -2.060273  -3.418570  7879
  7  23  -0.427448  -3.951734  -1.533488  7879
  7  24  -1.558143  -3.150993  -1.709953  7879
  7  25  -1.461305  -1.973309  -2.462935  7879
  7  26  -0.250843  -1.615035  -3.055576  7879
  7  27  -0.059998  -0.683233  -3.561363  7879
  7  28  -0.530025  -4.720331  -0.776760  7879
  7  29  -2.532693  -1.180993  -2.642825  7879
  7  30  -2.496750   0.037066  -3.440096  7879
  7  31  -1.665285   0.632675  -3.062719  7879
  7  32  -2.181901  -0.181923  -4.456469  7879
  7  33  -3.359253   0.668436  -3.636208  7879
  7  34   4.420621  -4.502098  -1.837178  7879
  7  35   5.632464  -4.112817  -2.423773  7879
  7  36   5.683131  -3.136919  -3.421399  7879
  7  37   4.513174  -2.386563  -3.628194  7879
  7  38   4.415020  -1.595896  -4.352979  7879
  7  39   4.472117  -5.224939  -1.036086  7879
  7  40   6.793918  -2.828647  -4.098686  7879
  7  41   6.839884  -1.831345  -5.171941  7879
  7  42   7.805585  -1.802807  -5.687989  7879
  7  43   6.007449  -2.026245  -5.851033  7879
  7  44   6.700671  -0.864924  -4.704657  7879
  7  45   8.096243  -3.295151  -3.641278  7879
  7  46   8.046268  -4.297458  -2.508368  7879
  7  47   6.812375  -4.783511  -2.065470  7879
  7  48   8.936489  -3.938490  -4.735036  7879
  7  49   8.885753  -2.102776  -3.122808  7879
  7  50   8.988884  -4.779827  -2.284320  7879
  7  51   9.866247  -4.344402  -4.337815  7879
  7  52   9.231362  -3.232778  -5.510935  7879
  7  53   8.332434  -4.716164  -5.223031  7879
  7  54   9.764015  -2.511122  -2.618619  7879
  7  55   8.335196  -1.567045  -2.353858  7879
  7  56   9.181939  -1.371794  -3.879737  7879
  7  57  -3.841308  -1.470233  -2.050991  7879
  7  58  -3.868680  -2.716177  -1.211900  7879
  7  59  -2.744274  -3.543748  -1.078338  7879
  7  60  -4.362211  -0.392010  -1.110514  7879
  7  61  -4.949401  -1.609275  -3.085881  7879
  7  62  -4.785719  -3.046942  -0.744744  7879
  7  63  -3.744952  -0.303540  -0.216779  7879
  7  64  -5.309318  -0.672830  -0.644545  7879
  7  65  -4.370714   0.592871  -1.578311  7879
  7  66  -5.811006  -2.175245  -2.715184  7879
  7  67  -4.435064  -2.190586  -3.844324  7879
  7  68  -5.212064  -0.601517  -3.397861  7879
  7  69  -3.036451  -4.896612  -0.473865  7879
  7  70  -3.599725  -6.197375  -1.596379  7879
  7  71  -2.587435  -6.468385  -2.670821  7879
  7  72  -4.868526  -5.737921  -2.273392  7879
  7  73  -3.912846  -7.409348  -0.766937  7879
  7  74  -2.151692  -5.260906   0.034457  7879
  7  75  -3.863633  -4.859214   0.234707  7879
  7  76   6.886682  -5.823872  -0.964277  7879
  7  77   6.755558  -5.341004   0.773838  7879
  7  78   7.911413  -4.463570   1.169826  7879
  7  79   6.577362  -6.534134   1.674274  7879
  7  80   5.542469  -4.568933   1.226412  7879
  7  81   7.866830  -6.308290  -1.019490  7879
  7  82   6.048304  -6.501625  -1.084157  7879
  7  83   1.800903  -5.276355  -0.740498  7879
  7  84   2.266577  -5.045147   0.564028  7879
  7  85   2.029767  -6.019356   1.545933  7879
  7  86   1.517781  -7.272934   1.195198  7879
  7  87   1.239013  -7.522854  -0.155332  7879
  7  88   2.706952  -4.130920   0.918374  7879
  7  89   2.401089  -5.804238   2.541043  7879
  7  90   0.974553  -8.545040  -0.409684  7879
  7  91   1.374906  -6.541629  -1.150136  7879
  7  92   1.115975  -6.867587  -2.495650  7879
  7  93   1.301843  -6.086783  -3.416735  7879
  7  94   0.699793  -7.984499  -2.808372  7879
  7  95   1.202172  -8.214155   2.191335  7879
  7  96   0.700347  -9.290661   1.872893  7879
  7  97   1.189938  -7.874610   3.479535  7879
  7  98   1.645657  -6.997789   3.724495  7879
  7  99   0.590720  -8.691338   4.513989  7879
  7 100   1.177219  -8.686876   5.432140  7879
  7 101   0.348863  -9.727541   4.276743  7879
  7 102  -0.749276  -8.088469   4.937142  7879
  7 103  -1.191034  -8.895189   5.520370  7879
  7 104  -1.295754  -7.902847   4.010802  7879
  7 105  -0.424543  -6.852169   5.766667  7879
  7 106   0.370565  -6.218878   5.363623  7879
  7 107  -0.045063  -7.246091   6.707902  7879
  7 108  -1.743871  -6.179894   6.143388  7879
  7 109  -1.552888  -5.579183   7.038023  7879
  7 110  -2.382970  -7.003932   6.447050  7879
  7 111  -2.461564  -5.510451   4.974558  7879
  7 112  -3.321786  -4.944719   5.329615  7879
  7 113  -2.893645  -6.231342   4.288321  7879
  7 114  -1.607979  -4.477037   4.424607  7879
  7 115  -1.296793  -3.290954   5.084738  7879
  7 116  -1.798271  -2.873563   6.118616  7879
  7 117  -0.935769  -2.280360   4.003597  7879
  7 118  -1.545218  -1.373747   4.008494  7879
  7 119   0.105896  -1.969869   3.992356  7879
  7 120  -1.131730  -3.032073   2.693663  7879
  7 121  -2.093493  -2.729697   2.288962  7879
  7 122  -1.277853  -4.498629   3.070446  7879
  7 123  -1.763918  -5.337546   2.323749  7879
  8   7   1.442428   0.000000   0.000000 11424
  8   8   1.911498  -0.476972   0.759322 11424
  8   9   0.000000   0.000000   0.000000 11424
  8  10  -0.291938  -0.413574  -0.965366 11424
  8  11  -0.410972  -0.897120   1.172724 11424
  8  12  -1.488392  -0.907759   1.320897 11424
  8  13  -0.017261  -0.467403   2.097080 11424
  8  14   0.152454  -2.611756   1.030334 11424
  8  15  -0.694455   1.355114   0.000000 11424
  8  16  -1.817629   1.399174  -0.499834 11424
  8  17   2.108525  -1.934548  -3.709980 11424
  8  18   3.213259  -1.285092  -4.277759 11424
  8  19   0.796570  -1.477384  -3.918252 11424
  8  20   2.948634  -0.005547  -4.769729 11424
  8  21   0.582416  -0.208429  -4.467152 11424
  8  22   1.665313   0.572111  -4.908281 11424
  8  23  -0.301439  -2.149591  -3.384196 11424
  8  24  -1.619979  -1.671155  -3.468760 11424
  8  25  -1.793436  -0.450564  -4.142978 11424
  8  26  -0.709780   0.322176  -4.560900 11424
  8  27  -0.760598   1.254059  -5.107811 11424
  8  28  -0.129367  -3.034906  -2.791147 11424
  8  29  -3.006531   0.052466  -4.395102 11424
  8  30  -3.114197   1.243753  -5.232145 11424
  8  31  -2.875575   1.056250  -6.276846 11424
  8  32  -4.088111   1.736156  -5.206997 11424
  8  33  -2.489972   2.072979  -4.904996 11424
  8  34   4.538249  -1.737569  -4.245007 11424
  8  35   5.563253  -1.053996  -4.902113 11424
  8  36   5.267641   0.220812  -5.411896 11424
  8  37   3.982514   0.770832  -5.309753 11424
  8  38   3.691896   1.719444  -5.752672 11424
  8  39   4.688132  -2.763173  -3.935377 11424
  8  40   6.222417   0.979013  -5.955430 11424
  8  41   6.026915   2.378549  -6.318854 11424
  8  42   5.502452   2.869421  -5.503204 11424
  8  43   6.912988   3.012103  -6.406490 11424
  8  44   5.484564   2.456964  -7.265747 11424
  8  45   7.609522   0.534755  -6.111555 11424
  8  46   7.839277  -0.893352  -5.659753 11424
  8  47   6.812950  -1.655158  -5.080605 11424
  8  48   8.030828   0.546911  -7.577760 11424
  8  49   8.577822   1.337447  -5.253077 11424
  8  50   8.817488  -1.291900  -5.868948 11424
  8  51   8.004134   1.553515  -8.001240 11424
  8  52   7.480016  -0.205949  -8.131577 11424
  8  53   9.088555   0.299806  -7.656792 11424
  8  54   8.091907   1.343023  -4.274326 11424
  8  55   8.688607   2.362627  -5.623125 11424
  8  56   9.557283   0.880061  -5.128752 11424
  8  57  -4.237095  -0.551003  -3.850822 11424
  8  58  -3.902935  -1.714994  -2.960337 11424
  8  59  -2.661279  -2.371859  -2.868584 11424
  8  60  -4.868875   0.484821  -2.926037 11424
  8  61  -5.214337  -0.895292  -4.972899 11424
  8  62  -4.771608  -2.205324  -2.553664 11424
  8  63  -5.722090   0.111777  -2.364109 11424
  8  64  -5.256348   1.367121  -3.435462 11424
  8  65  -4.166102   0.924817  -2.210908 11424
  8  66  -6.045433  -1.448130  -4.519529 11424
  8  67  -4.751784  -1.442242  -5.783819 11424
  8  68  -5.634393  -0.001500  -5.434300 11424
  8  69  -2.579818  -3.662547  -2.094252 11424
  8  70  -2.870925  -5.139516  -3.098203 11424
  8  71  -4.138719  -5.086844  -3.887712 11424
  8  72  -2.867250  -6.370148  -2.249422 11424
  8  73  -1.877464  -5.280307  -4.216645 11424
  8  74  -1.550511  -3.803268  -1.770328 11424
  8  75  -3.238359  -3.683670  -1.217908 11424
  8  76   7.100729  -3.079282  -4.646606 11424
  8  77   7.861601  -3.232928  -3.021194 11424
  8  78   6.967763  -2.549464  -2.029564 11424
  8  79   9.238306  -2.699867  -2.762303 11424
  8  80   7.927460  -4.685177  -2.653992 11424
  8  81   7.748246  -3.587896  -5.351613 11424
  8  82   6.232887  -3.715300  -4.814630 11424
  8  83   2.284549  -3.181276  -3.100648 11424
  8  84   2.431108  -3.164613  -1.703744 11424
  8  85   2.524492  -4.393475  -1.033986 11424
  8  86   2.613160  -5.619147  -1.698789 11424
  8  87   2.490797  -5.561718  -3.084514 11424
  8  88   2.354016  -2.286410  -1.095781 11424
  8  89   2.588068  -4.355138   0.041140 11424
  8  90   2.396720  -6.481592  -3.636224 11424
  8  91   2.236224  -4.384613  -3.813772 11424
  8  92   1.904216  -4.526496  -5.169110 11424
  8  93   1.563054  -3.612198  -5.919222 11424
  8  94   1.922932  -5.634523  -5.692969 11424
  8  95   2.698919  -6.907704  -1.117789 11424
  8  96   2.374466  -7.906971  -1.736011 11424
  8  97   3.225256  -6.960455   0.114033 11424
  8  98   3.473381  -6.053364   0.479714 11424
  8  99   3.541598  -8.125976   0.901173 11424
  8 100   4.416443  -7.882794   1.492787 11424
  8 101   3.783274  -9.032961   0.351382 11424
  8 102   2.364556  -8.404551   1.832981 11424
  8 103   2.412809  -9.310298   2.444778 11424
  8 104   1.542956  -8.503115   1.115866 11424
  8 105   2.006134  -7.269373   2.777869 11424
  8 106   1.922176  -6.320305   2.233514 11424
  8 107   2.742461  -7.171930   3.570662 11424
  8 108   0.728497  -7.530132   3.576773 11424
  8 109   0.819387  -8.504059   4.065144 11424
  8 110  -0.078614  -7.547256   2.852082 11424
  8 111   0.475731  -6.464417   4.637038 11424
  8 112   1.318130  -6.486402   5.338804 11424
  8 113  -0.462965  -6.607046   5.162881 11424
  8 114   0.495143  -5.148529   4.022986 11424
  8 115   1.217743  -4.131113   4.634223 11424
  8 116   1.511277  -4.009169   5.820380 11424
  8 117   0.898560  -2.936497   3.731997 11424
  8 118   0.647177  -2.022162   4.263029 11424
  8 119   1.805223  -2.742096   3.147045 11424
  8 120  -0.150646  -3.280177   2.690045 11424
  8 121  -1.118180  -2.944860   3.071543 11424
  8 122  -0.237166  -4.782252   2.903311 11424
  8 123  -1.191946  -5.448065   2.512681 11424
  9   7   1.445302   0.000000  -0.000000 17021
  9   8   1.906521  -0.127683   0.898206 17021
  9   9   0.000000   0.000000   0.000000 17021
  9  10  -0.221477  -0.507239  -0.942898 17021
  9  11  -0.645954  -0.896707   1.053357 17021
  9  12  -1.729050  -0.917273   0.874242 17021
  9  13  -0.443158  -0.463912   2.029556 17021
  9  14  -0.053968  -2.600621   0.927555 17021
  9  15  -0.648446   1.367633   0.000000 17021
  9  16  -1.859610   1.570849   0.009084 17021
  9  17   0.678748  -2.667291  -3.675237 17021
  9  18   1.681305  -1.936537  -4.328976 17021
  9  19  -0.492980  -2.032544  -3.261891 17021
  9  20   1.370367  -0.654707  -4.778896 17021
  9  21  -0.850828  -0.785020  -3.793802 17021
  9  22   0.066833  -0.121207  -4.647820 17021
  9  23  -1.436588  -2.657769  -2.426248 17021
  9  24  -2.613296  -2.011345  -2.046650 17021
  9  25  -2.883136  -0.688092  -2.434966 17021
  9  26  -1.980417  -0.094832  -3.328971 17021
  9  27  -2.200234   0.894002  -3.701112 17021
  9  28  -1.209299  -3.644595  -2.060443 17021
  9  29  -3.966021  -0.000548  -2.057953 17021
  9  30  -4.249146   1.394351  -2.407664 17021
  9  31  -4.452979   1.364097  -3.478522 17021
  9  32  -5.096442   1.795903  -1.859170 17021
  9  33  -3.468063   2.131457  -2.294587 17021
  9  34   2.988575  -2.399606  -4.480683 17021
  9  35   3.989680  -1.601978  -5.051804 17021
  9  36   3.639718  -0.366801  -5.609893 17021
  9  37   2.293841   0.035260  -5.586202 17021
  9  38   1.995357   0.996447  -5.965186 17021
  9  39   3.359915  -3.359297  -4.141568 17021
  9  40   4.523131   0.356526  -6.296029 17021
  9  41   4.182510   1.678829  -6.831276 17021
  9  42   3.966017   2.395262  -6.038776 17021
  9  43   4.998672   2.239458  -7.285232 17021
  9  44   3.329402   1.656385  -7.513186 17021
  9  45   5.893086  -0.091153  -6.558340 17021
  9  46   6.241180  -1.383956  -5.862862 17021
  9  47   5.305043  -2.073712  -5.086209 17021
  9  48   6.019701  -0.501276  -8.022774 17021
  9  49   6.980125   0.891629  -6.132800 17021
  9  50   7.303102  -1.612089  -5.882241 17021
  9  51   6.979916  -0.991068  -8.197686 17021
  9  52   5.979019   0.393202  -8.655508 17021
  9  53   5.184652  -1.150197  -8.266277 17021
  9  54   7.944906   0.515875  -6.455613 17021
  9  55   6.933424   0.887109  -5.036991 17021
  9  56   6.922215   1.844404  -6.656886 17021
  9  57  -4.948030  -0.616559  -1.154189 17021
  9  58  -4.765162  -2.101330  -0.998571 17021
  9  59  -3.549224  -2.724912  -1.293085 17021
  9  60  -4.786956   0.001040   0.241779 17021
  9  61  -6.370502  -0.501978  -1.675004 17021
  9  62  -5.454499  -2.615573  -0.348748 17021
  9  63  -3.809720  -0.174603   0.691624 17021
  9  64  -5.663104  -0.379715   0.760903 17021
  9  65  -5.023376   1.064991   0.268488 17021
  9  66  -7.058799  -0.835856  -0.903661 17021
  9  67  -6.371954  -0.905262  -2.688494 17021
  9  68  -6.721707   0.520272  -1.796906 17021
  9  69  -3.277100  -4.088759  -0.693946 17021
  9  70  -3.962495  -5.308635  -1.841612 17021
  9  71  -3.831935  -6.685933  -1.255861 17021
  9  72  -3.352243  -5.361710  -3.206484 17021
  9  73  -5.465501  -5.224341  -1.898751 17021
  9  74  -2.215386  -4.199049  -0.471018 17021
  9  75  -3.848953  -4.133152   0.243345 17021
  9  76   5.912806  -3.287341  -4.422410 17021
  9  77   6.170608  -2.852011  -2.685970 17021
  9  78   7.232532  -1.820302  -2.432405 17021
  9  79   6.821129  -4.015095  -1.987288 17021
  9  80   5.015695  -2.595287  -1.756955 17021
  9  81   6.878001  -3.571865  -4.826321 17021
  9  82   5.142932  -4.057592  -4.501199 17021
  9  83   1.076864  -3.844685  -3.042032 17021
  9  84   1.620904  -3.733850  -1.765343 17021
  9  85   1.886592  -4.886071  -1.012019 17021
  9  86   1.522100  -6.145513  -1.509566 17021
  9  87   0.942981  -6.228889  -2.771576 17021
  9  88   1.949694  -2.780522  -1.359556 17021
  9  89   2.311071  -4.756758  -0.028355 17021
  9  90   0.623325  -7.210132  -3.096509 17021
  9  91   0.757000  -5.101539  -3.580831 17021
  9  92   0.197808  -5.259115  -4.874421 17021
  9  93  -0.041727  -4.274879  -5.571200 17021
  9  94  -0.177893  -6.352334  -5.300943 17021
  9  95   1.802110  -7.322091  -0.778637 17021
  9  96   1.292321  -8.399260  -1.058319 17021
  9  97   2.439970  -7.303214   0.390157 17021
  9  98   2.829786  -6.410156   0.659402 17021
  9  99   2.592742  -8.423569   1.304521 17021
  9 100   3.618755  -8.640357   1.593657 17021
  9 101   2.326015  -9.356610   0.804731 17021
  9 102   1.605129  -8.312802   2.463552 17021
  9 103   1.627339  -9.266492   2.992591 17021
  9 104   0.652387  -8.103098   1.974465 17021
  9 105   1.959658  -7.152919   3.375573 17021
  9 106   1.901124  -6.195247   2.868090 17021
  9 107   3.005806  -7.195789   3.680429 17021
  9 108   1.209712  -6.922592   4.694978 17021
  9 109   1.854630  -6.169982   5.141700 17021
  9 110   1.168199  -7.866646   5.230831 17021
  9 111  -0.188056  -6.365262   4.454096 17021
  9 112  -0.786478  -6.399439   5.363286 17021
  9 113  -0.829446  -7.017854   3.869594 17021
  9 114  -0.120805  -5.052695   3.828600 17021
  9 115   0.333358  -3.952839   4.539200 17021
  9 116   0.207779  -3.828119   5.756564 17021
  9 117   0.040478  -2.746460   3.660467 17021
  9 118  -0.552755  -2.010501   4.204195 17021
  9 119   0.929703  -2.280463   3.231137 17021
  9 120  -0.742681  -3.260002   2.463455 17021
  9 121  -1.792566  -2.993916   2.556420 17021
  9 122  -0.607347  -4.774183   2.553686 17021
  9 123  -1.296891  -5.517828   1.867740 17021
 10   7   1.457704   0.000000   0.000000  9083
 10   8   1.873701  -0.646341   0.654514  9083
 10   9   0.000000   0.000000   0.000000  9083
 10  10  -0.259723  -0.380963  -0.992779  9083
 10  11  -0.588253  -0.842780   1.123868  9083
 10  12  -1.675581  -0.831388   1.099556  9083
 10  13  -0.359675  -0.392326   2.090171  9083
 10  14   0.036359  -2.535844   0.957433  9083
 10  15  -0.568154   1.424710   0.000000  9083
 10  16  -1.653079   1.688691  -0.527494  9083
 10  17   1.893253  -3.022887  -3.052958  9083
 10  18   3.052610  -2.404379  -3.548779  9083
 10  19   0.650339  -2.380487  -3.062342  9083
 10  20   2.986273  -1.108039  -4.079440  9083
 10  21   0.575562  -1.096708  -3.612266  9083
 10  22   1.738831  -0.447933  -4.067238  9083
 10  23  -0.526856  -2.896261  -2.506291  9083
 10  24  -1.717976  -2.162666  -2.514763  9083
 10  25  -1.812234  -0.933542  -3.181448  9083
 10  26  -0.624475  -0.370880  -3.653297  9083
 10  27  -0.584413   0.621646  -4.079194  9083
 10  28  -0.496465  -3.866727  -2.037386  9083
 10  29  -2.940310  -0.277774  -3.483464  9083
 10  30  -3.020848   0.826972  -4.443647  9083
 10  31  -2.576244   1.739651  -4.070625  9083
 10  32  -2.394863   0.708461  -5.336227  9083
 10  33  -4.036280   1.060477  -4.774058  9083
 10  34   4.303962  -3.006145  -3.367123  9083
 10  35   5.483694  -2.320974  -3.681724  9083
 10  36   5.404871  -1.024277  -4.196764  9083
 10  37   4.163398  -0.452405  -4.472276  9083
 10  38   4.007536   0.541513  -4.875554  9083
 10  39   4.353218  -4.020325  -2.997380  9083
 10  40   6.488905  -0.302167  -4.524678  9083
 10  41   6.383602   1.003131  -5.163512  9083
 10  42   5.927611   0.883826  -6.152673  9083
 10  43   5.775454   1.650265  -4.524784  9083
 10  44   7.358285   1.476117  -5.291475  9083
 10  45   7.844256  -0.794935  -4.262373  9083
 10  46   7.928087  -2.204324  -3.727963  9083
 10  47   6.739437  -2.897262  -3.445922  9083
 10  48   8.746360  -0.845447  -5.486366  9083
 10  49   8.483480   0.137730  -3.234887  9083
 10  50   8.919098  -2.581771  -3.516229  9083
 10  51   8.158929  -1.089604  -6.372884  9083
 10  52   9.643730  -1.456769  -5.408179  9083
 10  53   9.195560   0.124092  -5.687143  9083
 10  54   8.489105   1.149580  -3.637535  9083
 10  55   9.455970  -0.275881  -2.960312  9083
 10  56   7.864494   0.192983  -2.335276  9083
 10  57  -4.190701  -0.683691  -2.847577  9083
 10  58  -4.068248  -2.022159  -2.168672  9083
 10  59  -2.884605  -2.749821  -1.999860  9083
 10  60  -4.607933   0.429550  -1.874792  9083
 10  61  -5.386692  -0.888861  -3.773273  9083
 10  62  -4.964178  -2.270999  -1.624348  9083
 10  63  -5.550580   0.135618  -1.405196  9083
 10  64  -4.594144   1.393981  -2.385071  9083
 10  65  -3.917669   0.530326  -1.043660  9083
 10  66  -6.259914  -1.219753  -3.221735  9083
 10  67  -5.066120  -1.538652  -4.590588  9083
 10  68  -5.694710   0.111692  -4.093458  9083
 10  69  -3.002942  -3.893024  -1.031313  9083
 10  70  -3.107902  -5.541873  -1.794714  9083
 10  71  -1.904502  -5.990654  -2.563951  9083
 10  72  -4.250795  -5.655117  -2.756884  9083
 10  73  -3.432590  -6.655484  -0.838132  9083
 10  74  -2.140421  -3.910471  -0.354295  9083
 10  75  -3.928233  -3.777779  -0.467526  9083
 10  76   6.896259  -4.233464  -2.752400  9083
 10  77   6.677147  -4.197168  -0.956551  9083
 10  78   7.707809  -3.492553  -0.123154  9083
 10  79   6.627960  -5.611734  -0.464325  9083
 10  80   5.375579  -3.541662  -0.590586  9083
 10  81   7.842679  -4.705902  -3.009483  9083
 10  82   6.179721  -4.937540  -3.168275  9083
 10  83   1.966107  -4.259424  -2.403213  9083
 10  84   2.214443  -4.235495  -1.027292  9083
 10  85   2.491111  -5.434482  -0.356334  9083
 10  86   2.593944  -6.648255  -1.053172  9083
 10  87   2.241884  -6.631005  -2.410506  9083
 10  88   2.169646  -3.257439  -0.560390  9083
 10  89   2.595865  -5.400498   0.712531  9083
 10  90   2.339571  -7.570633  -2.925633  9083
 10  91   2.013922  -5.455762  -3.144423  9083
 10  92   1.799269  -5.526130  -4.530776  9083
 10  93   1.499071  -4.549271  -5.228291  9083
 10  94   1.908139  -6.585113  -5.149485  9083
 10  95   2.794533  -7.917099  -0.479847  9083
 10  96   2.761194  -8.930737  -1.174847  9083
 10  97   3.145428  -7.888067   0.811482  9083
 10  98   3.366461  -6.981229   1.197994  9083
 10  99   2.971662  -9.030632   1.684493  9083
 10 100   3.833909  -9.288446   2.289937  9083
 10 101   2.714271  -9.927052   1.115035  9083
 10 102   1.834325  -8.827772   2.678582  9083
 10 103   1.676680  -9.757903   3.213937  9083
 10 104   0.900253  -8.661351   2.133042  9083
 10 105   2.124782  -7.755398   3.731410  9083
 10 106   2.435132  -6.830208   3.241403  9083
 10 107   2.969604  -8.220413   4.225209  9083
 10 108   1.035945  -7.421314   4.748477  9083
 10 109   1.480618  -6.744655   5.472632  9083
 10 110   0.714139  -8.405397   5.089823  9083
 10 111  -0.177470  -6.701173   4.171919  9083
 10 112  -0.956915  -6.813296   4.934279  9083
 10 113  -0.478423  -7.306829   3.317749  9083
 10 114   0.000481  -5.322012   3.745009  9083
 10 115   0.298278  -4.240464   4.560220  9083
 10 116   0.050903  -4.185539   5.769678  9083
 10 117   0.186938  -3.027837   3.662590  9083
 10 118  -0.367701  -2.209861   4.135337  9083
 10 119   1.189749  -2.670676   3.431704  9083
 10 120  -0.532892  -3.471488   2.393095  9083
 10 121  -1.605607  -3.307853   2.543450  9083
 10 122  -0.357068  -4.978815   2.452695  9083
 10 123  -0.813745  -5.778179   1.632108  9083
 11   7   1.459590  -0.000000  -0.000000  5423
 11   8   1.950824   0.239272   0.838116  5423
 11   9   0.000000   0.000000   0.000000  5423
 11  10  -0.351331  -0.583570  -0.847356  5423
 11  11  -0.539878  -0.770216   1.207227  5423
 11  12  -1.620593  -0.733656   1.090103  5423
 11  13  -0.224995  -0.274466   2.123569  5423
 11  14  -0.098521  -2.523416   1.279987  5423
 11  15  -0.608253   1.385435  -0.000000  5423
 11  16  -1.826816   1.496091  -0.127521  5423
 11  17   0.720752  -3.740777  -2.859268  5423
 11  18   1.652658  -3.407860  -3.849276  5423
 11  19  -0.473831  -3.030752  -2.717006  5423
 11  20   1.470827  -2.260853  -4.623302  5423
 11  21  -0.496989  -1.818847  -3.420248  5423
 11  22   0.335164  -1.428313  -4.485286  5423
 11  23  -1.435472  -3.319631  -1.740279  5423
 11  24  -2.493304  -2.428163  -1.483226  5423
 11  25  -2.578534  -1.272959  -2.258106  5423
 11  26  -1.579759  -0.954062  -3.195845  5423
 11  27  -1.484800  -0.047734  -3.776320  5423
 11  28  -1.362713  -4.256264  -1.214138  5423
 11  29  -3.646779  -0.466254  -2.236227  5423
 11  30  -3.769005   0.713632  -3.094904  5423
 11  31  -3.673223   0.368296  -4.123188  5423
 11  32  -4.648568   1.353723  -3.001342  5423
 11  33  -2.885880   1.289167  -2.824810  5423
 11  34   2.768589  -4.206838  -4.140537  5423
 11  35   3.696658  -3.915953  -5.148392  5423
 11  36   3.523596  -2.776069  -5.935547  5423
 11  37   2.373546  -2.028233  -5.662187  5423
 11  38   2.198430  -1.178762  -6.308434  5423
 11  39   2.904791  -5.134818  -3.614796  5423
 11  40   4.323411  -2.552536  -6.992538  5423
 11  41   4.262435  -1.345975  -7.809539  5423
 11  42   3.328749  -1.356453  -8.374180  5423
 11  43   4.198993  -0.502331  -7.121323  5423
 11  44   5.052112  -1.101703  -8.526579  5423
 11  45   5.188312  -3.613446  -7.515048  5423
 11  46   5.557868  -4.584996  -6.421374  5423
 11  47   4.762027  -4.811185  -5.291739  5423
 11  48   4.442075  -4.375735  -8.613022  5423
 11  49   6.511972  -3.201647  -8.164312  5423
 11  50   6.498955  -5.089011  -6.562879  5423
 11  51   4.184880  -3.658804  -9.394533  5423
 11  52   3.572241  -4.878666  -8.205286  5423
 11  53   5.043202  -5.163908  -9.071201  5423
 11  54   7.154757  -4.041835  -8.391279  5423
 11  55   6.986215  -2.432459  -7.556411  5423
 11  56   6.264097  -2.734265  -9.116526  5423
 11  57  -4.695294  -0.718855  -1.253419  5423
 11  58  -4.551830  -1.925651  -0.358344  5423
 11  59  -3.440558  -2.764859  -0.509035  5423
 11  60  -4.795459   0.453756  -0.273087  5423
 11  61  -5.956608  -1.087980  -2.040398  5423
 11  62  -5.388229  -2.189717   0.269673  5423
 11  63  -4.035519   0.338005   0.502925  5423
 11  64  -5.715034   0.345822   0.290859  5423
 11  65  -4.828619   1.412394  -0.792329  5423
 11  66  -6.407008  -0.159432  -2.387870  5423
 11  67  -6.717096  -1.658753  -1.507599  5423
 11  68  -5.641588  -1.647074  -2.920554  5423
 11  69  -3.505919  -4.001840   0.361944  5423
 11  70  -4.439059  -5.374685  -0.339305  5423
 11  71  -4.098690  -6.609582   0.428339  5423
 11  72  -3.971256  -5.736200  -1.712028  5423
 11  73  -5.940166  -5.335528  -0.327343  5423
 11  74  -2.490564  -4.315898   0.608770  5423
 11  75  -4.044427  -3.698865   1.254590  5423
 11  76   5.136241  -5.939989  -4.361005  5423
 11  77   6.717919  -6.806244  -4.487484  5423
 11  78   7.013482  -7.484823  -5.788052  5423
 11  79   6.882212  -7.809086  -3.376845  5423
 11  80   7.799046  -5.790680  -4.293336  5423
 11  81   4.320258  -6.652058  -4.436035  5423
 11  82   5.173648  -5.543324  -3.347764  5423
 11  83   0.944238  -4.905367  -2.108812  5423
 11  84   1.924376  -4.788311  -1.121580  5423
 11  85   2.276942  -5.855524  -0.292028  5423
 11  86   1.659782  -7.084951  -0.524888  5423
 11  87   0.760213  -7.172912  -1.603563  5423
 11  88   2.455212  -3.864427  -0.940607  5423
 11  89   2.981660  -5.612101   0.496018  5423
 11  90   0.235818  -8.107468  -1.743983  5423
 11  91   0.480957  -6.162223  -2.528672  5423
 11  92  -0.265143  -6.408585  -3.693121  5423
 11  93  -0.534260  -5.585588  -4.570589  5423
 11  94  -0.958352  -7.419132  -3.752752  5423
 11  95   1.855590  -8.180130   0.336994  5423
 11  96   1.223357  -9.205844   0.120672  5423
 11  97   2.766941  -7.987893   1.290819  5423
 11  98   3.023726  -7.020117   1.455353  5423
 11  99   2.937673  -8.935143   2.375609  5423
 11 100   3.911783  -9.429353   2.433637  5423
 11 101   2.160605  -9.699924   2.332313  5423
 11 102   2.854362  -8.215926   3.719740  5423
 11 103   3.698025  -7.541437   3.871722  5423
 11 104   2.944936  -8.862517   4.595536  5423
 11 105   1.562218  -7.434476   3.933275  5423
 11 106   0.723077  -8.057176   3.619128  5423
 11 107   1.598667  -6.650917   3.167046  5423
 11 108   1.348596  -6.776153   5.291942  5423
 11 109   2.205550  -6.190817   5.623019  5423
 11 110   1.218285  -7.565914   6.036923  5423
 11 111   0.121264  -5.868443   5.267026  5423
 11 112   0.040420  -5.550907   6.312749  5423
 11 113  -0.738704  -6.432655   4.914863  5423
 11 114   0.223897  -4.646136   4.489833  5423
 11 115   0.863666  -3.492965   4.908632  5423
 11 116   1.016312  -3.227960   6.100720  5423
 11 117   0.492192  -2.362164   3.955796  5423
 11 118   0.015893  -1.517093   4.443645  5423
 11 119   1.378195  -2.054742   3.383093  5423
 11 120  -0.465201  -3.026964   2.976184  5423
 11 121  -1.455343  -2.612551   3.148754  5423
 11 122  -0.528781  -4.508430   3.341175  5423
 11 123  -0.579754  -5.420999   2.514906  5423
