  1   0   1.446305   0.000000   0.000000   339
  1   1   1.942189  -0.481168   0.740120   339
  1   2   0.000000   0.000000   0.000000   339
  1   3  -0.273663  -0.392433  -0.976220   339
  1   4  -0.355251  -0.993272   1.099867   339
  1   5  -1.443056  -1.058861   1.108604   339
  1   6   0.023575  -0.718594   2.084722   339
  1   7   0.267300  -2.672234   0.813467   339
  1   8  -0.710915   1.351443  -0.000000   339
  1   9  -1.749285   1.531996  -0.618296   339
  1  10   2.692031  -3.663266  -2.810045   339
  1  11   3.911552  -3.010057  -3.033845   339
  1  12   1.488136  -2.965544  -2.895014   339
  1  13   3.879955  -1.735984  -3.607118   339
  1  14   1.525335  -1.701528  -3.505247   339
  1  15   2.693760  -1.033686  -3.914722   339
  1  16   0.228168  -3.462809  -2.553544   339
  1  17  -0.979530  -2.790396  -2.798341   339
  1  18  -0.987965  -1.525228  -3.404541   339
  1  19   0.306505  -1.009886  -3.583893   339
  1  20   0.444513   0.030270  -3.807571   339
  1  21   0.110211  -4.420643  -2.076843   339
  1  22  -2.111103  -0.843629  -3.662191   339
  1  23  -2.118224   0.537588  -4.137889   339
  1  24  -3.094367   1.012817  -4.136109   339
  1  25  -1.509224   1.130841  -3.441706   339
  1  26  -1.642390   0.645974  -5.108010   339
  1  27   5.143381  -3.550718  -2.652816   339
  1  28   6.332895  -2.841816  -2.909748   339
  1  29   6.308488  -1.541467  -3.409144   339
  1  30   5.053981  -0.986690  -3.703649   339
  1  31   4.868405   0.028279  -4.035769   339
  1  32   5.170622  -4.611239  -2.437979   339
  1  33   7.434183  -0.808642  -3.477516   339
  1  34   7.364074   0.642220  -3.718732   339
  1  35   8.284626   1.182261  -3.523951   339
  1  36   6.920737   0.828408  -4.697449   339
  1  37   6.715940   1.043148  -2.934654   339
  1  38   8.767926  -1.376052  -3.324298   339
  1  39   8.757624  -2.835398  -2.949060   339
  1  40   7.553660  -3.447494  -2.585732   339
  1  41   9.670986  -1.262027  -4.545110   339
  1  42   9.531320  -0.626626  -2.239820   339
  1  43   9.708668  -3.254496  -2.655679   339
  1  44   9.940362  -0.225283  -4.793897   339
  1  45   9.138734  -1.712055  -5.380923   339
  1  46  10.555446  -1.886563  -4.400936   339
  1  47   8.965257  -0.676291  -1.315642   339
  1  48   9.727890   0.416737  -2.496058   339
  1  49  10.476693  -1.140608  -2.082693   339
  1  50  -3.435304  -1.406429  -3.408922   339
  1  51  -3.366923  -2.864490  -3.036386   339
  1  52  -2.184946  -3.483247  -2.626788   339
  1  53  -4.060207  -0.672438  -2.233910   339
  1  54  -4.278003  -1.348630  -4.679401   339
  1  55  -4.243639  -3.491427  -2.958169   339
  1  56  -5.053013  -1.086587  -2.067125   339
  1  57  -4.165785   0.394748  -2.469212   339
  1  58  -3.579120  -0.901960  -1.286770   339
  1  59  -3.744506  -1.458979  -5.628772   339
  1  60  -4.763792  -0.386662  -4.822675   339
  1  61  -5.085440  -2.078085  -4.631023   339
  1  62  -2.270959  -4.899176  -2.103959   339
  1  63  -1.914327  -6.339610  -3.136947   339
  1  64  -2.199675  -7.663790  -2.490636   339
  1  65  -0.575951  -6.161155  -3.789560   339
  1  66  -2.940320  -6.436760  -4.230245   339
  1  67  -1.596897  -5.135884  -1.277273   339
  1  68  -3.322120  -5.012820  -1.865117   339
  1  69   7.691389  -4.763780  -1.865646   339
  1  70   7.919695  -6.207787  -2.936309   339
  1  71   6.778719  -6.377484  -3.896506   339
  1  72   8.079067  -7.496928  -2.202266   339
  1  73   9.187478  -6.140539  -3.736063   339
  1  74   6.829468  -4.988246  -1.238981   339
  1  75   8.554832  -4.599041  -1.217780   339
  1  76   2.656976  -4.863183  -2.069863   339
  1  77   2.803763  -4.781305  -0.679809   339
  1  78   2.727430  -5.936118   0.101138   339
  1  79   2.617218  -7.180531  -0.517567   339
  1  80   2.561699  -7.264713  -1.915683   339
  1  81   2.828239  -3.827657  -0.179452   339
  1  82   2.737110  -5.831872   1.173071   339
  1  83   2.409034  -8.224672  -2.376954   339
  1  84   2.632500  -6.109852  -2.709646   339
  1  85   2.684356  -6.169147  -4.114883   339
  1  86   2.740500  -5.156073  -4.810965   339
  1  87   2.696594  -7.287654  -4.623796   339
  1  88   2.425972  -8.361902   0.235284   339
  1  89   2.005591  -9.361468  -0.342860   339
  1  90   2.709177  -8.321252   1.544153   339
  1  91   3.224904  -7.535030   1.873510   339
  1  92   2.570062  -9.460848   2.428674   339
  1  93   3.320181  -9.472562   3.208536   339
  1  94   2.397278 -10.418887   1.937545   339
  1  95   1.264114  -9.183527   3.169141   339
  1  96   1.110206 -10.041878   3.830534   339
  1  97   0.380416  -9.083141   2.538588   339
  1  98   1.311753  -8.040477   4.175157   339
  1  99   1.785306  -7.111430   3.862234   339
  1 100   1.998400  -8.378451   4.950006   339
  1 101  -0.043286  -7.681688   4.783137   339
  1 102   0.035949  -7.200033   5.765497   339
  1 103  -0.606030  -8.593277   4.949637   339
  1 104  -0.905757  -6.897744   3.800450   339
  1 105  -1.894900  -6.860594   4.251692   339
  1 106  -0.893452  -7.517417   2.901586   339
  1 107  -0.397913  -5.573581   3.489839   339
  1 108  -0.469199  -4.525647   4.392366   339
  1 109  -1.082969  -4.621867   5.459572   339
  1 110  -0.337967  -3.265443   3.557761   339
  1 111  -1.054482  -2.510457   3.888222   339
  1 112   0.683602  -2.908975   3.609025   339
  1 113  -0.518840  -3.666635   2.096449   339
  1 114  -1.605264  -3.700417   2.012524   339
  1 115  -0.141673  -5.143845   2.199386   339
  1 116  -0.280025  -5.907811   1.248748   339
  2   0   1.443226   0.000000   0.000000   429
  2   1   1.928527  -0.337003   0.808587   429
  2   2   0.000000   0.000000   0.000000   429
  2   3  -0.391969  -0.436411  -0.926987   429
  2   4  -0.446223  -0.787124   1.235848   429
  2   5  -1.535864  -0.783786   1.186170   429
  2   6  -0.240918  -0.248463   2.163638   429
  2   7   0.185003  -2.469553   1.434568   429
  2   8  -0.540596   1.420899   0.000000   429
  2   9  -1.628091   1.718109  -0.483654   429
  2  10   1.681444  -3.168428  -2.937942   429
  2  11   2.770255  -2.400743  -3.379812   429
  2  12   0.401532  -2.607598  -3.014068   429
  2  13   2.532524  -1.178922  -4.015454   429
  2  14   0.173986  -1.375992  -3.649024   429
  2  15   1.232448  -0.743999  -4.328099   429
  2  16  -0.609397  -3.164501  -2.217086   429
  2  17  -1.858474  -2.545629  -2.267123   429
  2  18  -2.148866  -1.386072  -2.981825   429
  2  19  -1.079041  -0.747220  -3.635923   429
  2  20  -1.013079   0.209257  -4.120690   429
  2  21  -0.444696  -4.098249  -1.691362   429
  2  22  -3.337455  -0.771492  -2.994144   429
  2  23  -3.532020   0.277714  -3.994399   429
  2  24  -3.076097  -0.080743  -4.920164   429
  2  25  -4.588888   0.451591  -4.193886   429
  2  26  -3.032306   1.196246  -3.673176   429
  2  27   4.080514  -2.914135  -3.410589   429
  2  28   5.147845  -2.198536  -3.956504   429
  2  29   4.945312  -0.882533  -4.417819   429
  2  30   3.622580  -0.449610  -4.511415   429
  2  31   3.328378   0.490607  -4.955978   429
  2  32   4.262191  -3.931509  -3.109850   429
  2  33   5.867690  -0.133686  -5.035031   429
  2  34   5.598293   1.237815  -5.441125   429
  2  35   6.486303   1.779057  -5.793532   429
  2  36   4.821145   1.323306  -6.200026   429
  2  37   5.312267   1.800116  -4.552527   429
  2  38   7.231441  -0.628134  -5.255493   429
  2  39   7.470767  -2.018398  -4.718464   429
  2  40   6.438704  -2.716356  -4.073328   429
  2  41   7.752773  -0.498479  -6.681326   429
  2  42   8.206548   0.253938  -4.475934   429
  2  43   8.389058  -2.503986  -5.010945   429
  2  44   7.454345   0.464061  -7.090057   429
  2  45   7.262968  -1.154252  -7.399487   429
  2  46   8.823293  -0.683066  -6.677285   429
  2  47   9.244779  -0.055540  -4.543026   429
  2  48   7.836267   0.128405  -3.456261   429
  2  49   8.236342   1.312640  -4.716074   429
  2  50  -4.538236  -1.265222  -2.320307   429
  2  51  -4.200312  -2.472989  -1.477871   429
  2  52  -2.917629  -3.040789  -1.489173   429
  2  53  -5.006217  -0.160279  -1.369783   429
  2  54  -5.701465  -1.741987  -3.173594   429
  2  55  -4.970739  -2.996665  -0.935554   429
  2  56  -5.925547  -0.435305  -0.852006   429
  2  57  -5.238544   0.707484  -1.990760   429
  2  58  -4.259626   0.135876  -0.645701   429
  2  59  -5.329173  -2.314259  -4.034642   429
  2  60  -6.257581  -0.881428  -3.549194   429
  2  61  -6.380567  -2.335218  -2.557640   429
  2  62  -2.744821  -4.252966  -0.610441   429
  2  63  -3.089743  -5.816808  -1.457512   429
  2  64  -3.004238  -6.916518  -0.449827   429
  2  65  -2.144983  -6.087108  -2.589841   429
  2  66  -4.460838  -5.838773  -2.068834   429
  2  67  -1.772694  -4.215011  -0.134285   429
  2  68  -3.492729  -4.204487   0.180938   429
  2  69   6.768522  -4.097803  -3.547861   429
  2  70   6.393668  -5.346341  -4.804181   429
  2  71   5.136831  -5.037269  -5.566371   429
  2  72   6.327083  -6.735738  -4.256332   429
  2  73   7.431552  -5.420606  -5.888563   429
  2  74   6.159886  -4.332604  -2.678014   429
  2  75   7.826499  -4.115866  -3.255528   429
  2  76   1.919869  -4.233323  -2.073446   429
  2  77   2.397827  -3.952811  -0.782450   429
  2  78   2.674568  -4.978355   0.117870   429
  2  79   2.347800  -6.287839  -0.254781   429
  2  80   2.016389  -6.564538  -1.589474   429
  2  81   2.496423  -2.907204  -0.545836   429
  2  82   2.952626  -4.715339   1.128269   429
  2  83   1.787182  -7.595089  -1.850873   429
  2  84   1.821479  -5.549664  -2.532101   429
  2  85   1.533513  -5.923143  -3.859991   429
  2  86   1.443160  -5.110732  -4.778590   429
  2  87   1.300148  -7.090118  -4.154111   429
  2  88   2.417506  -7.354007   0.654795   429
  2  89   2.003504  -8.463169   0.322889   429
  2  90   2.812801  -7.148857   1.916007   429
  2  91   3.222716  -6.252666   2.140085   429
  2  92   2.804487  -8.143366   2.961515   429
  2  93   3.698595  -8.033751   3.573606   429
  2  94   2.751690  -9.092160   2.413245   429
  2  95   1.582502  -7.914636   3.847029   429
  2  96   1.382187  -8.782037   4.472561   429
  2  97   0.744171  -7.811321   3.159114   429
  2  98   1.649712  -6.643515   4.684608   429
  2  99   1.797644  -5.809700   4.004046   429
  2 100   2.540840  -6.796561   5.298096   429
  2 101   0.481287  -6.548538   5.662545   429
  2 102   0.739458  -5.807342   6.414594   429
  2 103   0.259216  -7.496704   6.160003   429
  2 104  -0.831675  -6.116827   5.004324   429
  2 105  -1.660998  -6.058784   5.702003   429
  2 106  -1.033514  -6.875439   4.247445   429
  2 107  -0.679933  -4.811013   4.384628   429
  2 108  -0.599142  -3.638463   5.114971   429
  2 109  -1.181312  -3.516510   6.187122   429
  2 110  -0.684923  -2.526332   4.079979   429
  2 111  -1.402206  -1.750176   4.385408   429
  2 112   0.263022  -1.999584   4.064615   429
  2 113  -0.901521  -3.154449   2.701446   429
  2 114  -1.960121  -3.076103   2.432885   429
  2 115  -0.785738  -4.635489   3.015323   429
  2 116  -0.165736  -5.380250   2.249078   429
  3   0   1.446720   0.000000  -0.000000   574
  3   1   1.957048  -0.302002   0.820280   574
  3   2   0.000000   0.000000   0.000000   574
  3   3  -0.391989  -0.601609  -0.810995   574
  3   4  -0.527192  -0.840195   1.171428   574
  3   5  -1.605355  -0.821968   1.026745   574
  3   6  -0.325356  -0.322083   2.106800   574
  3   7   0.035598  -2.546416   1.391366   574
  3   8  -0.600255   1.400570   0.000000   574
  3   9  -1.803805   1.605530  -0.147507   574
  3  10   1.973431  -4.218741  -1.639269   574
  3  11   3.220942  -3.829810  -2.132978   574
  3  12   0.813219  -3.555382  -2.047151   574
  3  13   3.294418  -2.774165  -3.048628   574
  3  14   0.891811  -2.410153  -2.861074   574
  3  15   2.136834  -2.060273  -3.418570   574
  3  16  -0.427448  -3.951734  -1.533488   574
  3  17  -1.558143  -3.150993  -1.709953   574
  3  18  -1.461305  -1.973309  -2.462935   574
  3  19  -0.250843  -1.615035  -3.055576   574
  3  20  -0.059998  -0.683233  -3.561363   574
  3  21  -0.530025  -4.720331  -0.776760   574
  3  22  -2.532693  -1.180993  -2.642825   574
  3  23  -2.496750   0.037066  -3.440096   574
  3  24  -1.665285   0.632675  -3.062719   574
  3  25  -2.181901  -0.181923  -4.456469   574
  3  26  -3.359253   0.668436  -3.636208   574
  3  27   4.420621  -4.502098  -1.837178   574
  3  28   5.632464  -4.112817  -2.423773   574
  3  29   5.683131  -3.136919  -3.421399   574
  3  30   4.513174  -2.386563  -3.628194   574
  3  31   4.415020  -1.595896  -4.352979   574
  3  32   4.472117  -5.224939  -1.036086   574
  3  33   6.793918  -2.828647  -4.098686   574
  3  34   6.839884  -1.831345  -5.171941   574
  3  35   7.805585  -1.802807  -5.687989   574
  3  36   6.007449  -2.026245  -5.851033   574
  3  37   6.700671  -0.864924  -4.704657   574
  3  38   8.096243  -3.295151  -3.641278   574
  3  39   8.046268  -4.297458  -2.508368   574
  3  40   6.812375  -4.783511  -2.065470   574
  3  41   8.936489  -3.938490  -4.735036   574
  3  42   8.885753  -2.102776  -3.122808   574
  3  43   8.988884  -4.779827  -2.284320   574
  3  44   9.866247  -4.344402  -4.337815   574
  3  45   9.231362  -3.232778  -5.510935   574
  3  46   8.332434  -4.716164  -5.223031   574
  3  47   9.764015  -2.511122  -2.618619   574
  3  48   8.335196  -1.567045  -2.353858   574
  3  49   9.181939  -1.371794  -3.879737   574
  3  50  -3.841308  -1.470233  -2.050991   574
  3  51  -3.868680  -2.716177  -1.211900   574
  3  52  -2.744274  -3.543748  -1.078338   574
  3  53  -4.362211  -0.392010  -1.110514   574
  3  54  -4.949401  -1.609275  -3.085881   574
  3  55  -4.785719  -3.046942  -0.744744   574
  3  56  -3.744952  -0.303540  -0.216779   574
  3  57  -5.309318  -0.672830  -0.644545   574
  3  58  -4.370714   0.592871  -1.578311   574
  3  59  -5.811006  -2.175245  -2.715184   574
  3  60  -4.435064  -2.190586  -3.844324   574
  3  61  -5.212064  -0.601517  -3.397861   574
  3  62  -3.036451  -4.896612  -0.473865   574
  3  63  -3.599725  -6.197375  -1.596379   574
  3  64  -2.587435  -6.468385  -2.670821   574
  3  65  -4.868526  -5.737921  -2.273392   574
  3  66  -3.912846  -7.409348  -0.766937   574
  3  67  -2.151692  -5.260906   0.034457   574
  3  68  -3.863633  -4.859214   0.234707   574
  3  69   6.886682  -5.823872  -0.964277   574
  3  70   6.755558  -5.341004   0.773838   574
  3  71   7.911413  -4.463570   1.169826   574
  3  72   6.577362  -6.534134   1.674274   574
  3  73   5.542469  -4.568933   1.226412   574
  3  74   7.866830  -6.308290  -1.019490   574
  3  75   6.048304  -6.501625  -1.084157   574
  3  76   1.800903  -5.276355  -0.740498   574
  3  77   2.266577  -5.045147   0.564028   574
  3  78   2.029767  -6.019356   1.545933   574
  3  79   1.517781  -7.272934   1.195198   574
  3  80   1.239013  -7.522854  -0.155332   574
  3  81   2.706952  -4.130920   0.918374   574
  3  82   2.401089  -5.804238   2.541043   574
  3  83   0.974553  -8.545040  -0.409684   574
  3  84   1.374906  -6.541629  -1.150136   574
  3  85   1.115975  -6.867587  -2.495650   574
  3  86   1.301843  -6.086783  -3.416735   574
  3  87   0.699793  -7.984499  -2.808372   574
  3  88   1.202172  -8.214155   2.191335   574
  3  89   0.700347  -9.290661   1.872893   574
  3  90   1.189938  -7.874610   3.479535   574
  3  91   1.645657  -6.997789   3.724495   574
  3  92   0.590720  -8.691338   4.513989   574
  3  93   1.177219  -8.686876   5.432140   574
  3  94   0.348863  -9.727541   4.276743   574
  3  95  -0.749276  -8.088469   4.937142   574
  3  96  -1.191034  -8.895189   5.520370   574
  3  97  -1.295754  -7.902847   4.010802   574
  3  98  -0.424543  -6.852169   5.766667   574
  3  99   0.370565  -6.218878   5.363623   574
  3 100  -0.045063  -7.246091   6.707902   574
  3 101  -1.743871  -6.179894   6.143388   574
  3 102  -1.552888  -5.579183   7.038023   574
  3 103  -2.382970  -7.003932   6.447050   574
  3 104  -2.461564  -5.510451   4.974558   574
  3 105  -3.321786  -4.944719   5.329615   574
  3 106  -2.893645  -6.231342   4.288321   574
  3 107  -1.607979  -4.477037   4.424607   574
  3 108  -1.296793  -3.290954   5.084738   574
  3 109  -1.798271  -2.873563   6.118616   574
  3 110  -0.935769  -2.280360   4.003597   574
  3 111  -1.545218  -1.373747   4.008494   574
  3 112   0.105896  -1.969869   3.992356   574
  3 113  -1.131730  -3.032073   2.693663   574
  3 114  -2.093493  -2.729697   2.288962   574
  3 115  -1.277853  -4.498629   3.070446   574
  3 116  -1.763918  -5.337546   2.323749   574
  4   0   1.445302   0.000000  -0.000000   487
  4   1   1.906521  -0.127683   0.898206   487
  4   2   0.000000   0.000000   0.000000   487
  4   3  -0.221477  -0.507239  -0.942898   487
  4   4  -0.645954  -0.896707   1.053357   487
  4   5  -1.729050  -0.917273   0.874242   487
  4   6  -0.443158  -0.463912   2.029556   487
  4   7  -0.053968  -2.600621   0.927555   487
  4   8  -0.648446   1.367633   0.000000   487
  4   9  -1.859610   1.570849   0.009084   487
  4  10   0.678748  -2.667291  -3.675237   487
  4  11   1.681305  -1.936537  -4.328976   487
  4  12  -0.492980  -2.032544  -3.261891   487
  4  13   1.370367  -0.654707  -4.778896   487
  4  14  -0.850828  -0.785020  -3.793802   487
  4  15   0.066833  -0.121207  -4.647820   487
  4  16  -1.436588  -2.657769  -2.426248   487
  4  17  -2.613296  -2.011345  -2.046650   487
  4  18  -2.883136  -0.688092  -2.434966   487
  4  19  -1.980417  -0.094832  -3.328971   487
  4  20  -2.200234   0.894002  -3.701112   487
  4  21  -1.209299  -3.644595  -2.060443   487
  4  22  -3.966021  -0.000548  -2.057953   487
  4  23  -4.249146   1.394351  -2.407664   487
  4  24  -4.452979   1.364097  -3.478522   487
  4  25  -5.096442   1.795903  -1.859170   487
  4  26  -3.468063   2.131457  -2.294587   487
  4  27   2.988575  -2.399606  -4.480683   487
  4  28   3.989680  -1.601978  -5.051804   487
  4  29   3.639718  -0.366801  -5.609893   487
  4  30   2.293841   0.035260  -5.586202   487
  4  31   1.995357   0.996447  -5.965186   487
  4  32   3.359915  -3.359297  -4.141568   487
  4  33   4.523131   0.356526  -6.296029   487
  4  34   4.182510   1.678829  -6.831276   487
  4  35   3.966017   2.395262  -6.038776   487
  4  36   4.998672   2.239458  -7.285232   487
  4  37   3.329402   1.656385  -7.513186   487
  4  38   5.893086  -0.091153  -6.558340   487
  4  39   6.241180  -1.383956  -5.862862   487
  4  40   5.305043  -2.073712  -5.086209   487
  4  41   6.019701  -0.501276  -8.022774   487
  4  42   6.980125   0.891629  -6.132800   487
  4  43   7.303102  -1.612089  -5.882241   487
  4  44   6.979916  -0.991068  -8.197686   487
  4  45   5.979019   0.393202  -8.655508   487
  4  46   5.184652  -1.150197  -8.266277   487
  4  47   7.944906   0.515875  -6.455613   487
  4  48   6.933424   0.887109  -5.036991   487
  4  49   6.922215   1.844404  -6.656886   487
  4  50  -4.948030  -0.616559  -1.154189   487
  4  51  -4.765162  -2.101330  -0.998571   487
  4  52  -3.549224  -2.724912  -1.293085   487
  4  53  -4.786956   0.001040   0.241779   487
  4  54  -6.370502  -0.501978  -1.675004   487
  4  55  -5.454499  -2.615573  -0.348748   487
  4  56  -3.809720  -0.174603   0.691624   487
  4  57  -5.663104  -0.379715   0.760903   487
  4  58  -5.023376   1.064991   0.268488   487
  4  59  -7.058799  -0.835856  -0.903661   487
  4  60  -6.371954  -0.905262  -2.688494   487
  4  61  -6.721707   0.520272  -1.796906   487
  4  62  -3.277100  -4.088759  -0.693946   487
  4  63  -3.962495  -5.308635  -1.841612   487
  4  64  -3.831935  -6.685933  -1.255861   487
  4  65  -3.352243  -5.361710  -3.206484   487
  4  66  -5.465501  -5.224341  -1.898751   487
  4  67  -2.215386  -4.199049  -0.471018   487
  4  68  -3.848953  -4.133152   0.243345   487
  4  69   5.912806  -3.287341  -4.422410   487
  4  70   6.170608  -2.852011  -2.685970   487
  4  71   7.232532  -1.820302  -2.432405   487
  4  72   6.821129  -4.015095  -1.987288   487
  4  73   5.015695  -2.595287  -1.756955   487
  4  74   6.878001  -3.571865  -4.826321   487
  4  75   5.142932  -4.057592  -4.501199   487
  4  76   1.076864  -3.844685  -3.042032   487
  4  77   1.620904  -3.733850  -1.765343   487
  4  78   1.886592  -4.886071  -1.012019   487
  4  79   1.522100  -6.145513  -1.509566   487
  4  80   0.942981  -6.228889  -2.771576   487
  4  81   1.949694  -2.780522  -1.359556   487
  4  82   2.311071  -4.756758  -0.028355   487
  4  83   0.623325  -7.210132  -3.096509   487
  4  84   0.757000  -5.101539  -3.580831   487
  4  85   0.197808  -5.259115  -4.874421   487
  4  86  -0.041727  -4.274879  -5.571200   487
  4  87  -0.177893  -6.352334  -5.300943   487
  4  88   1.802110  -7.322091  -0.778637   487
  4  89   1.292321  -8.399260  -1.058319   487
  4  90   2.439970  -7.303214   0.390157   487
  4  91   2.829786  -6.410156   0.659402   487
  4  92   2.592742  -8.423569   1.304521   487
  4  93   3.618755  -8.640357   1.593657   487
  4  94   2.326015  -9.356610   0.804731   487
  4  95   1.605129  -8.312802   2.463552   487
  4  96   1.627339  -9.266492   2.992591   487
  4  97   0.652387  -8.103098   1.974465   487
  4  98   1.959658  -7.152919   3.375573   487
  4  99   1.901124  -6.195247   2.868090   487
  4 100   3.005806  -7.195789   3.680429   487
  4 101   1.209712  -6.922592   4.694978   487
  4 102   1.854630  -6.169982   5.141700   487
  4 103   1.168199  -7.866646   5.230831   487
  4 104  -0.188056  -6.365262   4.454096   487
  4 105  -0.786478  -6.399439   5.363286   487
  4 106  -0.829446  -7.017854   3.869594   487
  4 107  -0.120805  -5.052695   3.828600   487
  4 108   0.333358  -3.952839   4.539200   487
  4 109   0.207779  -3.828119   5.756564   487
  4 110   0.040478  -2.746460   3.660467   487
  4 111  -0.552755  -2.010501   4.204195   487
  4 112   0.929703  -2.280463   3.231137   487
  4 113  -0.742681  -3.260002   2.463455   487
  4 114  -1.792566  -2.993916   2.556420   487
  4 115  -0.607347  -4.774183   2.553686   487
  4 116  -1.296891  -5.517828   1.867740   487
  5   0   1.457704   0.000000   0.000000   541
  5   1   1.873701  -0.646341   0.654514   541
  5   2   0.000000   0.000000   0.000000   541
  5   3  -0.259723  -0.380963  -0.992779   541
  5   4  -0.588253  -0.842780   1.123868   541
  5   5  -1.675581  -0.831388   1.099556   541
  5   6  -0.359675  -0.392326   2.090171   541
  5   7   0.036359  -2.535844   0.957433   541
  5   8  -0.568154   1.424710   0.000000   541
  5   9  -1.653079   1.688691  -0.527494   541
  5  10   1.893253  -3.022887  -3.052958   541
  5  11   3.052610  -2.404379  -3.548779   541
  5  12   0.650339  -2.380487  -3.062342   541
  5  13   2.986273  -1.108039  -4.079440   541
  5  14   0.575562  -1.096708  -3.612266   541
  5  15   1.738831  -0.447933  -4.067238   541
  5  16  -0.526856  -2.896261  -2.506291   541
  5  17  -1.717976  -2.162666  -2.514763   541
  5  18  -1.812234  -0.933542  -3.181448   541
  5  19  -0.624475  -0.370880  -3.653297   541
  5  20  -0.584413   0.621646  -4.079194   541
  5  21  -0.496465  -3.866727  -2.037386   541
  5  22  -2.940310  -0.277774  -3.483464   541
  5  23  -3.020848   0.826972  -4.443647   541
  5  24  -2.576244   1.739651  -4.070625   541
  5  25  -2.394863   0.708461  -5.336227   541
  5  26  -4.036280   1.060477  -4.774058   541
  5  27   4.303962  -3.006145  -3.367123   541
  5  28   5.483694  -2.320974  -3.681724   541
  5  29   5.404871  -1.024277  -4.196764   541
  5  30   4.163398  -0.452405  -4.472276   541
  5  31   4.007536   0.541513  -4.875554   541
  5  32   4.353218  -4.020325  -2.997380   541
  5  33   6.488905  -0.302167  -4.524678   541
  5  34   6.383602   1.003131  -5.163512   541
  5  35   5.927611   0.883826  -6.152673   541
  5  36   5.775454   1.650265  -4.524784   541
  5  37   7.358285   1.476117  -5.291475   541
  5  38   7.844256  -0.794935  -4.262373   541
  5  39   7.928087  -2.204324  -3.727963   541
  5  40   6.739437  -2.897262  -3.445922   541
  5  41   8.746360  -0.845447  -5.486366   541
  5  42   8.483480   0.137730  -3.234887   541
  5  43   8.919098  -2.581771  -3.516229   541
  5  44   8.158929  -1.089604  -6.372884   541
  5  45   9.643730  -1.456769  -5.408179   541
  5  46   9.195560   0.124092  -5.687143   541
  5  47   8.489105   1.149580  -3.637535   541
  5  48   9.455970  -0.275881  -2.960312   541
  5  49   7.864494   0.192983  -2.335276   541
  5  50  -4.190701  -0.683691  -2.847577   541
  5  51  -4.068248  -2.022159  -2.168672   541
  5  52  -2.884605  -2.749821  -1.999860   541
  5  53  -4.607933   0.429550  -1.874792   541
  5  54  -5.386692  -0.888861  -3.773273   541
  5  55  -4.964178  -2.270999  -1.624348   541
  5  56  -5.550580   0.135618  -1.405196   541
  5  57  -4.594144   1.393981  -2.385071   541
  5  58  -3.917669   0.530326  -1.043660   541
  5  59  -6.259914  -1.219753  -3.221735   541
  5  60  -5.066120  -1.538652  -4.590588   541
  5  61  -5.694710   0.111692  -4.093458   541
  5  62  -3.002942  -3.893024  -1.031313   541
  5  63  -3.107902  -5.541873  -1.794714   541
  5  64  -1.904502  -5.990654  -2.563951   541
  5  65  -4.250795  -5.655117  -2.756884   541
  5  66  -3.432590  -6.655484  -0.838132   541
  5  67  -2.140421  -3.910471  -0.354295   541
  5  68  -3.928233  -3.777779  -0.467526   541
  5  69   6.896259  -4.233464  -2.752400   541
  5  70   6.677147  -4.197168  -0.956551   541
  5  71   7.707809  -3.492553  -0.123154   541
  5  72   6.627960  -5.611734  -0.464325   541
  5  73   5.375579  -3.541662  -0.590586   541
  5  74   7.842679  -4.705902  -3.009483   541
  5  75   6.179721  -4.937540  -3.168275   541
  5  76   1.966107  -4.259424  -2.403213   541
  5  77   2.214443  -4.235495  -1.027292   541
  5  78   2.491111  -5.434482  -0.356334   541
  5  79   2.593944  -6.648255  -1.053172   541
  5  80   2.241884  -6.631005  -2.410506   541
  5  81   2.169646  -3.257439  -0.560390   541
  5  82   2.595865  -5.400498   0.712531   541
  5  83   2.339571  -7.570633  -2.925633   541
  5  84   2.013922  -5.455762  -3.144423   541
  5  85   1.799269  -5.526130  -4.530776   541
  5  86   1.499071  -4.549271  -5.228291   541
  5  87   1.908139  -6.585113  -5.149485   541
  5  88   2.794533  -7.917099  -0.479847   541
  5  89   2.761194  -8.930737  -1.174847   541
  5  90   3.145428  -7.888067   0.811482   541
  5  91   3.366461  -6.981229   1.197994   541
  5  92   2.971662  -9.030632   1.684493   541
  5  93   3.833909  -9.288446   2.289937   541
  5  94   2.714271  -9.927052   1.115035   541
  5  95   1.834325  -8.827772   2.678582   541
  5  96   1.676680  -9.757903   3.213937   541
  5  97   0.900253  -8.661351   2.133042   541
  5  98   2.124782  -7.755398   3.731410   541
  5  99   2.435132  -6.830208   3.241403   541
  5 100   2.969604  -8.220413   4.225209   541
  5 101   1.035945  -7.421314   4.748477   541
  5 102   1.480618  -6.744655   5.472632   541
  5 103   0.714139  -8.405397   5.089823   541
  5 104  -0.177470  -6.701173   4.171919   541
  5 105  -0.956915  -6.813296   4.934279   541
  5 106  -0.478423  -7.306829   3.317749   541
  5 107   0.000481  -5.322012   3.745009   541
  5 108   0.298278  -4.240464   4.560220   541
  5 109   0.050903  -4.185539   5.769678   541
  5 110   0.186938  -3.027837   3.662590   541
  5 111  -0.367701  -2.209861   4.135337   541
  5 112   1.189749  -2.670676   3.431704   541
  5 113  -0.532892  -3.471488   2.393095   541
  5 114  -1.605607  -3.307853   2.543450   541
  5 115  -0.357068  -4.978815   2.452695   541
  5 116  -0.813745  -5.778179   1.632108   541
