  1   7   1.451792   0.000000  -0.000000 11983
  1   8   1.940773  -0.694145  -0.534100 11983
  1   9   0.000000   0.000000   0.000000 11983
  1  10  -0.427953  -0.472768  -0.889521 11983
  1  11  -0.560964  -0.901061   1.102908 11983
  1  12  -1.648723  -0.967069   1.087974 11983
  1  13  -0.182949  -0.544371   2.058249 11983
  1  14  -0.106425  -2.625415   0.820955 11983
  1  15  -0.570948   1.405211   0.000000 11983
  1  16  -1.535550   1.724141   0.696583 11983
  1  17  -0.088654   0.719806   5.559444 11983
  1  18  -0.149681   2.079213   5.911131 11983
  1  19   1.152502   0.223891   5.147982 11983
  1  20   0.996834   2.871694   5.961932 11983
  1  21   2.313206   0.997584   5.232628 11983
  1  22   2.269124   2.345091   5.641511 11983
  1  23   1.179088  -1.071231   4.610067 11983
  1  24   2.404264  -1.588798   4.172605 11983
  1  25   0.292046  -1.651822   4.423334 11983
  1  26   2.444904  -2.480048   3.578198 11983
  1  27   3.577918  -0.854674   4.413031 11983
  1  28   4.694537  -1.437128   3.973245 11983
  1  29   4.696810  -2.397270   3.652119 11983
  1  30   5.592323  -0.989158   4.090728 11983
  1  31   3.556636   0.457974   4.902318 11983
  1  32   4.792694   1.307045   4.870177 11983
  1  33   6.118159   0.699004   4.511811 11983
  1  34   4.583095   2.485821   3.951943 11983
  1  35   5.190064   1.996108   6.140724 11983
  1  36  -1.374167   2.583467   6.343869 11983
  1  37  -1.503934   3.949458   6.624626 11983
  1  38  -2.263895   1.965062   6.305674 11983
  1  39  -2.459031   4.398850   6.848992 11983
  1  40  -0.374230   4.781010   6.541667 11983
  1  41  -0.634112   6.063180   6.806811 11983
  1  42  -1.606017   6.296664   6.959754 11983
  1  43   0.074117   6.779770   6.901727 11983
  1  44   0.882700   4.235927   6.249928 11983
  1  45   2.138322   5.052809   6.374889 11983
  1  46   2.999673   5.030527   5.144695 11983
  1  47   2.084390   6.455736   6.901379 11983
  1  48   2.868383   4.509990   7.566761 11983
  1  49  -1.245088  -0.046459   5.412136 11983
  1  50  -2.027362   0.169000   4.267266 11983
  1  51  -3.141502  -0.618937   3.954298 11983
  1  52  -3.536741  -1.629148   4.838528 11983
  1  53  -2.735661  -1.832554   5.973340 11983
  1  54  -1.697698   0.930180   3.588423 11983
  1  55  -3.638265  -0.438413   3.013058 11983
  1  56  -2.969718  -2.684124   6.603296 11983
  1  57  -1.568345  -1.126060   6.248358 11983
  1  58  -0.801846  -1.487193   7.378078 11983
  1  59   0.146984  -0.898291   7.889174 11983
  1  60  -1.008833  -2.606724   7.856828 11983
  1  61  -4.678639  -2.376343   4.512542 11983
  1  62  -5.055830  -3.270128   5.261792 11983
  1  63  -5.372676  -2.228863   3.381586 11983
  1  64  -4.871777  -1.757910   2.635326 11983
  1  65  -6.659706  -2.799970   3.025090 11983
  1  66  -7.222458  -1.898826   2.774392 11983
  1  67  -7.089177  -3.314274   3.882790 11983
  1  68  -6.614246  -3.815648   1.892823 11983
  1  69  -6.185464  -3.348164   0.997609 11983
  1  70  -7.612460  -4.125729   1.583763 11983
  1  71  -5.808346  -5.014240   2.361016 11983
  1  72  -6.424003  -5.670800   2.978510 11983
  1  73  -4.927162  -4.814831   2.964961 11983
  1  74  -5.465392  -5.921710   1.178867 11983
  1  75  -6.377091  -6.027129   0.580794 11983
  1  76  -4.992462  -6.859207   1.476584 11983
  1  77  -4.423711  -5.283269   0.272284 11983
  1  78  -4.954502  -4.504776  -0.284413 11983
  1  79  -4.157765  -6.053300  -0.461559 11983
  1  80  -3.210384  -4.908987   0.961085 11983
  1  81  -2.426457  -5.772643   1.710057 11983
  1  82  -2.351449  -6.966679   1.423611 11983
  1  83  -1.148312  -5.044955   2.068547 11983
  1  84  -1.064762  -5.124943   3.153131 11983
  1  85  -0.259068  -5.379131   1.530989 11983
  1  86  -1.371622  -3.585173   1.690173 11983
  1  87  -1.626272  -3.062827   2.615650 11983
  1  88  -2.683930  -3.624142   0.909900 11983
  1  89  -3.402281  -2.629375   0.838430 11983
  2   7   1.452479   0.000000   0.000000 10841
  2   8   1.858611   0.281023   0.874406 10841
  2   9   0.000000   0.000000   0.000000 10841
  2  10  -0.304582  -0.417889  -0.959585 10841
  2  11  -0.518910  -0.771609   1.201145 10841
  2  12  -1.578200  -0.515569   1.280809 10841
  2  13  -0.024239  -0.343138   2.070980 10841
  2  14  -0.276019  -2.563822   1.343883 10841
  2  15  -0.558147   1.417595   0.000000 10841
  2  16  -1.757474   1.702021  -0.010803 10841
  2  17   0.967917   0.093842   6.159426 10841
  2  18   0.456175   0.869153   5.110084 10841
  2  19   2.212339   0.425438   6.700497 10841
  2  20   1.040213   2.084932   4.753315 10841
  2  21   2.892833   1.591933   6.316023 10841
  2  22   2.278234   2.418096   5.352324 10841
  2  23   2.918713  -0.463420   7.506886 10841
  2  24   4.201622  -0.167603   7.989316 10841
  2  25   2.467276  -1.303696   8.018299 10841
  2  26   4.646100  -0.792336   8.742342 10841
  2  27   4.850927   0.972012   7.489931 10841
  2  28   6.044058   1.134850   8.069608 10841
  2  29   6.241098   0.505809   8.835102 10841
  2  30   6.544032   1.995998   7.903027 10841
  2  31   4.208514   1.906368   6.677295 10841
  2  32   4.835995   3.213179   6.291791 10841
  2  33   3.835638   4.308384   6.491579 10841
  2  34   5.938658   3.732402   7.164223 10841
  2  35   5.228154   3.236659   4.843184 10841
  2  36  -0.724355   0.482576   4.470551 10841
  2  37  -1.349422   1.330086   3.555170 10841
  2  38  -1.319822  -0.312897   4.906146 10841
  2  39  -2.313152   1.101741   3.118267 10841
  2  40  -0.804557   2.592233   3.279119 10841
  2  41  -1.511208   3.327273   2.406098 10841
  2  42  -2.438311   3.021432   2.147950 10841
  2  43  -1.091922   4.141698   1.969506 10841
  2  44   0.429330   2.948536   3.844243 10841
  2  45   1.094058   4.193615   3.326444 10841
  2  46   0.906728   4.486323   1.875540 10841
  2  47   0.606962   5.408296   4.064744 10841
  2  48   2.556798   4.367023   3.605954 10841
  2  49   0.523915  -1.231161   6.273996 10841
  2  50   0.737757  -2.116706   5.215231 10841
  2  51   0.306700  -3.451570   5.262460 10841
  2  52  -0.411317  -3.942866   6.354604 10841
  2  53  -0.689669  -3.035528   7.391840 10841
  2  54   1.289161  -1.693549   4.386142 10841
  2  55   0.516203  -4.055807   4.399265 10841
  2  56  -1.299112  -3.337985   8.233685 10841
  2  57  -0.175857  -1.726138   7.382065 10841
  2  58  -0.470388  -0.973732   8.533907 10841
  2  59  -0.047799   0.163804   8.739645 10841
  2  60  -1.073428  -1.404594   9.514571 10841
  2  61  -0.806367  -5.284575   6.528548 10841
  2  62  -1.324519  -5.672206   7.572655 10841
  2  63  -0.460477  -6.165672   5.589544 10841
  2  64   0.104696  -5.833102   4.817940 10841
  2  65  -0.913084  -7.531451   5.447089 10841
  2  66  -1.166033  -7.958362   6.423186 10841
  2  67  -0.062676  -8.079034   5.043279 10841
  2  68  -2.037227  -7.646601   4.416341 10841
  2  69  -2.882608  -7.015987   4.707988 10841
  2  70  -2.423190  -8.653959   4.525266 10841
  2  71  -1.677977  -7.300508   2.979517 10841
  2  72  -1.073219  -8.101414   2.553700 10841
  2  73  -1.239414  -6.309477   2.793999 10841
  2  74  -2.883636  -7.260395   2.052926 10841
  2  75  -3.463954  -8.185063   2.070813 10841
  2  76  -2.463112  -7.187302   1.047978 10841
  2  77  -3.819551  -6.079785   2.317932 10841
  2  78  -4.385756  -6.240712   3.224583 10841
  2  79  -4.658803  -6.077757   1.615827 10841
  2  80  -3.183670  -4.785541   2.215044 10841
  2  81  -3.511523  -3.730791   3.066757 10841
  2  82  -3.914010  -3.924322   4.211594 10841
  2  83  -2.687826  -2.528369   2.633272 10841
  2  84  -3.350484  -1.671325   2.522997 10841
  2  85  -2.033429  -2.196930   3.423281 10841
  2  86  -2.050844  -2.903279   1.301921 10841
  2  87  -2.534980  -2.479756   0.422239 10841
  2  88  -2.391575  -4.380131   1.143770 10841
  2  89  -2.453949  -4.907089   0.044760 10841
  3   7   1.450310  -0.000000   0.000000 15869
  3   8   1.856568   0.201069   0.897232 15869
  3   9   0.000000   0.000000   0.000000 15869
  3  10  -0.372266  -0.511944  -0.896343 15869
  3  11  -0.447974  -0.836881   1.194298 15869
  3  12  -1.531742  -0.843438   1.308770 15869
  3  13  -0.036406  -0.413213   2.114362 15869
  3  14   0.019030  -2.583506   1.129396 15869
  3  15  -0.550365   1.413400   0.000000 15869
  3  16  -1.739628   1.627262   0.236891 15869
  3  17   4.480833  -8.559580   2.609010 15869
  3  18   4.874474  -7.818851   3.726941 15869
  3  19   5.325273  -8.848918   1.536953 15869
  3  20   6.247559  -7.616716   3.911541 15869
  3  21   6.705736  -8.671432   1.706128 15869
  3  22   7.133920  -8.145000   2.943152 15869
  3  23   4.821379  -9.421102   0.356276 15869
  3  24   5.699399  -9.698002  -0.687184 15869
  3  25   3.772156  -9.663748   0.281094 15869
  3  26   5.330649 -10.147517  -1.597327 15869
  3  27   7.070208  -9.446731  -0.556254 15869
  3  28   7.799225  -9.658049  -1.652602 15869
  3  29   7.296297  -9.737426  -2.531217 15869
  3  30   8.791979  -9.456706  -1.713454 15869
  3  31   7.591269  -8.984813   0.666214 15869
  3  32   9.039306  -8.599893   0.711274 15869
  3  33   9.296077  -7.133981   0.922629 15869
  3  34   9.716056  -9.298518   1.846582 15869
  3  35  10.006065  -8.878533  -0.397166 15869
  3  36   3.981009  -7.385520   4.720493 15869
  3  37   4.483315  -6.871333   5.928259 15869
  3  38   2.936543  -7.550114   4.535833 15869
  3  39   3.813873  -6.638516   6.752967 15869
  3  40   5.860193  -6.726374   6.108799 15869
  3  41   6.225564  -6.377296   7.346356 15869
  3  42   5.527851  -6.270105   8.066568 15869
  3  43   7.199079  -6.132434   7.491989 15869
  3  44   6.758759  -7.039280   5.074357 15869
  3  45   8.220446  -6.731114   5.203215 15869
  3  46   8.664558  -5.920641   6.395900 15869
  3  47   8.808458  -8.047217   5.616755 15869
  3  48   8.783636  -6.122399   3.955384 15869
  3  49   3.124640  -8.848316   2.428254 15869
  3  50   2.364940  -7.873016   1.777064 15869
  3  51   1.068320  -8.140254   1.324668 15869
  3  52   0.440318  -9.280223   1.841082 15869
  3  53   1.244627 -10.217137   2.510615 15869
  3  54   2.869730  -7.004814   1.376675 15869
  3  55   0.529196  -7.340068   0.857823 15869
  3  56   0.658615 -10.976173   3.021842 15869
  3  57   2.620195 -10.105871   2.770293 15869
  3  58   3.272470 -11.153000   3.445986 15869
  3  59   4.498484 -11.264607   3.478154 15869
  3  60   2.602061 -12.132531   3.757067 15869
  3  61  -0.961866  -9.323318   1.803314 15869
  3  62  -1.512093 -10.281027   2.337957 15869
  3  63  -1.667783  -8.413960   1.121151 15869
  3  64  -1.101698  -7.578418   1.016186 15869
  3  65  -3.107959  -8.383056   0.966418 15869
  3  66  -3.520973  -9.365021   1.158155 15869
  3  67  -3.393138  -7.939270   0.017194 15869
  3  68  -3.710656  -7.418293   1.988860 15869
  3  69  -3.288263  -7.720634   2.946238 15869
  3  70  -4.763189  -7.717130   1.962988 15869
  3  71  -3.570547  -5.933568   1.654106 15869
  3  72  -3.839180  -5.714694   0.611929 15869
  3  73  -2.493950  -5.752216   1.632885 15869
  3  74  -4.381409  -5.077949   2.615263 15869
  3  75  -5.356235  -5.526589   2.801099 15869
  3  76  -4.677483  -4.122485   2.159158 15869
  3  77  -3.553585  -4.768054   3.851375 15869
  3  78  -3.548000  -5.655012   4.499892 15869
  3  79  -3.994594  -4.028501   4.526632 15869
  3  80  -2.194704  -4.319716   3.609850 15869
  3  81  -1.029436  -5.026012   3.856626 15869
  3  82  -0.919666  -5.617626   4.925758 15869
  3  83   0.163136  -4.315845   3.220910 15869
  3  84   1.023091  -4.202864   3.885978 15869
  3  85   0.499065  -4.940238   2.402140 15869
  3  86  -0.443354  -2.971138   2.830614 15869
  3  87  -0.054540  -2.178234   3.480405 15869
  3  88  -1.949997  -3.098422   2.994093 15869
  3  89  -2.707628  -2.161088   3.273202 15869
  4   7   1.454511  -0.000000   0.000000  7603
  4   8   1.864957   0.520302   0.769103  7603
  4   9   0.000000   0.000000   0.000000  7603
  4  10  -0.315020  -0.541786  -0.897290  7603
  4  11  -0.513162  -0.921403   1.101717  7603
  4  12  -1.598614  -0.876413   1.019430  7603
  4  13  -0.220142  -0.421704   2.014647  7603
  4  14  -0.088552  -2.683303   1.126473  7603
  4  15  -0.547539   1.421936   0.000000  7603
  4  16  -1.743130   1.645693  -0.133394  7603
  4  17   3.705579  -7.742441   3.795671  7603
  4  18   3.909497  -6.512320   4.432477  7603
  4  19   4.792955  -8.553674   3.455502  7603
  4  20   5.201890  -6.023385   4.605856  7603
  4  21   6.081499  -8.145759   3.801857  7603
  4  22   6.308655  -6.829402   4.255842  7603
  4  23   4.628776  -9.758153   2.758170  7603
  4  24   5.753829 -10.548267   2.483074  7603
  4  25   3.642053  -9.968550   2.389647  7603
  4  26   5.660326 -11.449150   1.902928  7603
  4  27   7.043198 -10.139615   2.851762  7603
  4  28   8.095236 -10.923665   2.547818  7603
  4  29   7.852817 -11.716761   1.965126  7603
  4  30   9.056797 -10.703476   2.760229  7603
  4  31   7.212739  -8.907470   3.503203  7603
  4  32   8.555047  -8.274343   3.719216  7603
  4  33   9.769613  -8.964302   3.155404  7603
  4  34   8.643324  -6.966947   3.001010  7603
  4  35   8.733526  -8.138456   5.199176  7603
  4  36   2.795582  -5.770101   4.856510  7603
  4  37   3.029199  -4.623765   5.629322  7603
  4  38   1.822883  -6.184598   4.610646  7603
  4  39   2.227143  -4.038827   6.055999  7603
  4  40   4.314580  -4.083237   5.765429  7603
  4  41   4.368894  -2.913255   6.400798  7603
  4  42   3.557487  -2.405761   6.727400  7603
  4  43   5.240391  -2.421898   6.589645  7603
  4  44   5.386557  -4.763824   5.179709  7603
  4  45   6.774103  -4.204212   5.293502  7603
  4  46   6.996171  -2.932289   6.049148  7603
  4  47   7.760965  -5.008718   6.089664  7603
  4  48   7.384618  -3.954777   3.946262  7603
  4  49   2.413598  -8.127417   3.403908  7603
  4  50   1.821370  -7.541712   2.273545  7603
  4  51   0.524026  -7.893799   1.898801  7603
  4  52  -0.287931  -8.690233   2.711894  7603
  4  53   0.290821  -9.160584   3.897143  7603
  4  54   2.418272  -6.919513   1.635363  7603
  4  55   0.121416  -7.380375   1.032486  7603
  4  56  -0.231142  -9.859346   4.530615  7603
  4  57   1.628866  -8.929119   4.247513  7603
  4  58   2.152616  -9.623119   5.348170  7603
  4  59   3.308470  -9.554923   5.750976  7603
  4  60   1.416012 -10.412340   5.947792  7603
  4  61  -1.677539  -8.911245   2.560099  7603
  4  62  -2.287779  -9.666011   3.315106  7603
  4  63  -2.261654  -8.150960   1.629626  7603
  4  64  -1.680015  -7.510095   1.103330  7603
  4  65  -3.682064  -8.196763   1.388091  7603
  4  66  -3.914994  -9.211392   1.712390  7603
  4  67  -3.928607  -8.226576   0.328031  7603
  4  68  -4.437094  -7.094750   2.140684  7603
  4  69  -4.195638  -7.225131   3.197282  7603
  4  70  -5.510720  -7.166589   1.958843  7603
  4  71  -4.081648  -5.717669   1.589406  7603
  4  72  -4.681026  -5.538887   0.696667  7603
  4  73  -3.019573  -5.555266   1.410463  7603
  4  74  -4.582710  -4.643887   2.552956  7603
  4  75  -5.655512  -4.700148   2.746690  7603
  4  76  -4.549022  -3.703728   2.010124  7603
  4  77  -3.828780  -4.622152   3.876631  7603
  4  78  -3.871131  -5.592932   4.376020  7603
  4  79  -4.332180  -3.894081   4.520371  7603
  4  80  -2.452509  -4.245791   3.647652  7603
  4  81  -1.494111  -5.254796   3.578500  7603
  4  82  -1.559561  -6.100852   4.464168  7603
  4  83  -0.229767  -4.493597   3.211060  7603
  4  84   0.445237  -4.520468   4.069108  7603
  4  85   0.306358  -5.003150   2.402155  7603
  4  86  -0.601164  -3.058268   2.823510  7603
  4  87  -0.147678  -2.408448   3.573300  7603
  4  88  -2.112463  -3.061006   3.004804  7603
  4  89  -2.821843  -2.064486   3.141290  7603
  5   7   1.450275   0.000000  -0.000000  3428
  5   8   1.889503  -0.454471  -0.786534  3428
  5   9   0.000000   0.000000   0.000000  3428
  5  10  -0.489011  -0.349761  -0.906165  3428
  5  11  -0.562930  -0.885497   1.104312  3428
  5  12  -1.638382  -0.787338   1.030346  3428
  5  13  -0.187414  -0.633776   2.094779  3428
  5  14  -0.055786  -2.586779   0.743279  3428
  5  15  -0.640429   1.386020   0.000000  3428
  5  16  -1.843167   1.438063   0.222971  3428
  5  17  -5.433451  -1.697912  -0.065690  3428
  5  18  -4.467841  -1.369486  -1.031367  3428
  5  19  -6.301838  -0.737277   0.458891  3428
  5  20  -4.476113  -0.059907  -1.533697  3428
  5  21  -6.295080   0.594255   0.021306  3428
  5  22  -5.308645   0.901423  -0.948175  3428
  5  23  -7.285376  -1.058980   1.394017  3428
  5  24  -8.135832  -0.090926   1.948985  3428
  5  25  -7.389771  -2.051215   1.819539  3428
  5  26  -8.909550  -0.401392   2.629262  3428
  5  27  -8.019235   1.233639   1.520698  3428
  5  28  -8.927131   2.046149   2.078417  3428
  5  29  -9.496954   1.580261   2.771777  3428
  5  30  -9.041109   3.011941   1.814492  3428
  5  31  -7.120371   1.611166   0.519892  3428
  5  32  -6.780502   3.013788   0.115240  3428
  5  33  -7.713497   4.073284   0.627478  3428
  5  34  -5.359808   3.447443   0.316407  3428
  5  35  -7.088927   3.258862  -1.338793  3428
  5  36  -3.543464  -2.287512  -1.540147  3428
  5  37  -2.695555  -1.846663  -2.569128  3428
  5  38  -3.538638  -3.323651  -1.244020  3428
  5  39  -1.995205  -2.509767  -3.047462  3428
  5  40  -2.815049  -0.587608  -3.161333  3428
  5  41  -1.959969  -0.372880  -4.175547  3428
  5  42  -1.355256  -1.125484  -4.440706  3428
  5  43  -1.936662   0.512626  -4.658806  3428
  5  44  -3.677713   0.359222  -2.607144  3428
  5  45  -3.624204   1.753046  -3.163190  3428
  5  46  -4.775363   2.641318  -2.783189  3428
  5  47  -2.376717   2.465393  -2.707407  3428
  5  48  -3.581522   1.905811  -4.650450  3428
  5  49  -5.497715  -2.985887   0.470867  3428
  5  50  -5.067867  -3.126370   1.794836  3428
  5  51  -4.842809  -4.392922   2.349629  3428
  5  52  -5.203429  -5.539624   1.631348  3428
  5  53  -5.676372  -5.384710   0.332569  3428
  5  54  -4.911069  -2.249602   2.406385  3428
  5  55  -4.485981  -4.494420   3.371524  3428
  5  56  -5.955975  -6.268005  -0.231267  3428
  5  57  -5.798002  -4.132993  -0.282907  3428
  5  58  -6.209166  -4.134234  -1.632662  3428
  5  59  -6.488765  -3.094324  -2.218421  3428
  5  60  -6.327212  -5.208677  -2.215532  3428
  5  61  -4.990574  -6.813258   2.185197  3428
  5  62  -5.253558  -7.776031   1.473013  3428
  5  63  -4.432127  -6.962143   3.392579  3428
  5  64  -4.123014  -6.115427   3.849220  3428
  5  65  -4.045584  -8.206602   4.024405  3428
  5  66  -4.395515  -9.047937   3.419424  3428
  5  67  -4.481365  -8.294253   5.020204  3428
  5  68  -2.517736  -8.291970   3.979741  3428
  5  69  -2.214756  -8.070303   2.953890  3428
  5  70  -2.369970  -9.350374   4.183819  3428
  5  71  -1.786770  -7.298816   4.875697  3428
  5  72  -2.000730  -7.562757   5.915290  3428
  5  73  -2.223170  -6.325009   4.694718  3428
  5  74  -0.278918  -7.357638   4.678402  3428
  5  75   0.054808  -8.380906   4.862920  3428
  5  76   0.258975  -6.867540   5.488571  3428
  5  77   0.290627  -6.849452   3.352975  3428
  5  78  -0.103641  -7.396704   2.491773  3428
  5  79   1.343806  -7.095851   3.449940  3428
  5  80   0.035093  -5.422093   3.257324  3428
  5  81   0.695727  -4.556674   4.114069  3428
  5  82   1.778760  -4.798224   4.636458  3428
  5  83   0.462805  -3.184665   3.505269  3428
  5  84   0.035782  -2.567558   4.290974  3428
  5  85   1.458822  -2.869893   3.202834  3428
  5  86  -0.495563  -3.339473   2.331530  3428
  5  87  -1.470759  -2.940158   2.621780  3428
  5  88  -0.728831  -4.846660   2.248018  3428
  5  89  -0.945616  -5.389246   1.175683  3428
  6   7   1.446583   0.000000   0.000000  9588
  6   8   1.855200   0.491405   0.783105  9588
  6   9   0.000000   0.000000   0.000000  9588
  6  10  -0.354766  -0.633088  -0.816666  9588
  6  11  -0.594297  -0.650782   1.251478  9588
  6  12  -0.115444  -1.624715   1.331195  9588
  6  13  -1.671525  -0.803163   1.137643  9588
  6  14  -0.336795   0.286323   2.773984  9588
  6  15  -0.676422   1.363433  -0.000000  9588
  6  16  -0.162661   2.399435   0.413701  9588
  6  17  -5.445111   0.322348   2.068007  9588
  6  18  -4.875149   1.543775   2.423753  9588
  6  19  -6.743552   0.173829   1.550128  9588
  6  20  -5.532493   2.728620   2.064113  9588
  6  21  -7.408432   1.356549   1.202266  9588
  6  22  -6.792427   2.592531   1.454241  9588
  6  23  -7.354645  -1.057591   1.310607  9588
  6  24  -8.657648  -1.048922   0.801186  9588
  6  25  -6.811432  -1.983238   1.355304  9588
  6  26  -9.188484  -1.969223   0.592721  9588
  6  27  -9.310083   0.140486   0.453999  9588
  6  28 -10.515546  -0.105366  -0.072897  9588
  6  29 -10.692719  -1.043031  -0.406351  9588
  6  30 -11.159409   0.638034  -0.308263  9588
  6  31  -8.704379   1.384632   0.666894  9588
  6  32  -9.497769   2.611852   0.321257  9588
  6  33  -8.753118   3.901463   0.189731  9588
  6  34 -10.299243   2.555937  -0.940294  9588
  6  35 -10.549973   2.680990   1.401158  9588
  6  36  -3.580165   1.578803   2.944418  9588
  6  37  -2.928561   2.816823   2.964816  9588
  6  38  -3.076632   0.648357   3.175132  9588
  6  39  -1.925922   2.886433   3.347137  9588
  6  40  -3.598348   3.994981   2.604497  9588
  6  41  -2.844157   5.089316   2.749515  9588
  6  42  -2.052982   4.917007   3.351969  9588
  6  43  -3.298954   5.989224   2.663343  9588
  6  44  -4.961008   3.990041   2.292195  9588
  6  45  -5.738843   5.232754   1.950813  9588
  6  46  -5.806588   5.566380   0.490263  9588
  6  47  -7.096732   5.199449   2.570429  9588
  6  48  -5.164111   6.389145   2.713926  9588
  6  49  -4.777468  -0.842133   2.480366  9588
  6  50  -4.725898  -1.194637   3.833762  9588
  6  51  -4.212342  -2.394710   4.327915  9588
  6  52  -3.742475  -3.306650   3.368703  9588
  6  53  -3.825151  -2.985127   2.006796  9588
  6  54  -5.177377  -0.499474   4.527892  9588
  6  55  -4.145425  -2.567095   5.392483  9588
  6  56  -3.492713  -3.759885   1.332530  9588
  6  57  -4.269787  -1.751302   1.537354  9588
  6  58  -4.202180  -1.526773   0.143719  9588
  6  59  -4.392560  -0.457250  -0.421946  9588
  6  60  -3.813262  -2.445649  -0.588338  9588
  6  61  -3.141954  -4.509125   3.765226  9588
  6  62  -2.482192  -5.177159   2.963015  9588
  6  63  -3.046488  -4.861928   5.053254  9588
  6  64  -3.532531  -4.311238   5.741661  9588
  6  65  -2.348083  -6.043052   5.507763  9588
  6  66  -2.287387  -6.828086   4.759676  9588
  6  67  -2.792924  -6.515461   6.386084  9588
  6  68  -0.924936  -5.566204   5.808045  9588
  6  69  -0.589940  -4.967936   4.967062  9588
  6  70  -0.326558  -6.477832   5.882072  9588
  6  71  -0.854633  -4.669458   7.033689  9588
  6  72  -1.117599  -5.339293   7.848411  9588
  6  73  -1.587603  -3.852916   6.975270  9588
  6  74   0.548744  -4.117413   7.249980  9588
  6  75   1.192261  -4.965501   7.491713  9588
  6  76   0.440488  -3.529578   8.161315  9588
  6  77   1.192951  -3.276552   6.158123  9588
  6  78   1.436077  -3.927662   5.313169  9588
  6  79   2.120516  -2.824073   6.502048  9588
  6  80   0.414011  -2.162596   5.631481  9588
  6  81  -0.260269  -1.224522   6.396703  9588
  6  82  -0.682714  -1.346604   7.539349  9588
  6  83  -1.089535  -0.391210   5.430623  9588
  6  84  -2.141325  -0.333382   5.727599  9588
  6  85  -0.762765   0.659911   5.438733  9588
  6  86  -0.869291  -0.927005   4.014461  9588
  6  87  -1.842342  -1.262404   3.645575  9588
  6  88   0.118141  -2.043948   4.283378  9588
  6  89   0.240085  -2.932158   3.428501  9588
  7   7   1.455918  -0.000000   0.000000  8762
  7   8   1.800239  -0.518950   0.793433  8762
  7   9   0.000000   0.000000   0.000000  8762
  7  10  -0.214985  -0.479455  -0.951422  8762
  7  11  -0.518847  -0.965507   1.059951  8762
  7  12  -0.023766  -1.919937   0.955761  8762
  7  13  -1.574950  -1.240199   0.936292  8762
  7  14  -0.187235  -0.482655   2.771496  8762
  7  15  -0.833563   1.270619   0.000000  8762
  7  16  -2.039468   1.180035  -0.220425  8762
  7  17  -1.161053   3.685522   5.973758  8762
  7  18  -1.257830   4.880240   6.709071  8762
  7  19  -1.911508   3.463778   4.816283  8762
  7  20  -2.152935   5.867139   6.283140  8762
  7  21  -2.750908   4.456292   4.313766  8762
  7  22  -2.846244   5.642668   5.079548  8762
  7  23  -1.836366   2.232437   4.140893  8762
  7  24  -2.630228   2.038174   2.999559  8762
  7  25  -1.337091   1.362764   4.535600  8762
  7  26  -2.661962   1.057665   2.539018  8762
  7  27  -3.509743   3.017908   2.534827  8762
  7  28  -4.260542   2.726681   1.469938  8762
  7  29  -4.149133   1.767121   1.179020  8762
  7  30  -4.906937   3.391308   1.072014  8762
  7  31  -3.538934   4.274908   3.172400  8762
  7  32  -4.297218   5.408939   2.560372  8762
  7  33  -3.623075   6.749578   2.691958  8762
  7  34  -4.655550   5.327016   1.104251  8762
  7  35  -5.668242   5.434097   3.167135  8762
  7  36  -0.510398   5.080090   7.877106  8762
  7  37  -0.600718   6.295020   8.552005  8762
  7  38   0.061887   4.223764   8.216216  8762
  7  39  -0.080565   6.449811   9.495287  8762
  7  40  -1.558328   7.240521   8.183342  8762
  7  41  -1.555580   8.335885   8.958950  8762
  7  42  -0.993323   8.253940   9.792768  8762
  7  43  -2.051556   9.196782   8.755325  8762
  7  44  -2.342369   7.018544   7.053649  8762
  7  45  -3.199697   8.166775   6.584761  8762
  7  46  -3.573138   9.270027   7.524748  8762
  7  47  -2.623634   8.834231   5.368309  8762
  7  48  -4.590570   7.771391   6.181349  8762
  7  49  -0.250081   2.714698   6.390210  8762
  7  50  -0.620157   1.891415   7.465640  8762
  7  51   0.248642   0.908822   7.949788  8762
  7  52   1.480234   0.659580   7.330952  8762
  7  53   1.797287   1.483574   6.241817  8762
  7  54  -1.603108   1.965353   7.886872  8762
  7  55  -0.128783   0.313358   8.766289  8762
  7  56   2.746721   1.370253   5.729341  8762
  7  57   0.997857   2.535679   5.770130  8762
  7  58   1.471306   3.234352   4.645851  8762
  7  59   0.783285   4.041512   4.029634  8762
  7  60   2.618689   3.031630   4.260350  8762
  7  61   2.349926  -0.409314   7.617488  8762
  7  62   3.378554  -0.512314   6.959677  8762
  7  63   1.993657  -1.449257   8.380237  8762
  7  64   1.117990  -1.330594   8.877557  8762
  7  65   2.698025  -2.707593   8.501307  8762
  7  66   2.780035  -2.912878   9.566967  8762
  7  67   3.724179  -2.466872   8.242933  8762
  7  68   2.176635  -3.901745   7.713362  8762
  7  69   1.119364  -4.081895   7.927432  8762
  7  70   2.725774  -4.778687   8.031514  8762
  7  71   2.398968  -3.812240   6.201193  8762
  7  72   3.468396  -3.808356   6.003938  8762
  7  73   1.962130  -2.862019   5.868245  8762
  7  74   1.801405  -4.940906   5.375704  8762
  7  75   2.161316  -5.871549   5.802985  8762
  7  76   2.127386  -4.772938   4.349436  8762
  7  77   0.274536  -4.955264   5.401389  8762
  7  78  -0.057281  -5.136113   6.427689  8762
  7  79  -0.094302  -5.651737   4.647278  8762
  7  80  -0.315331  -3.702955   4.997560  8762
  7  81  -0.840842  -2.787059   5.903304  8762
  7  82  -1.259410  -3.091399   7.018059  8762
  7  83  -1.260509  -1.535164   5.140127  8762
  7  84  -2.293807  -1.229501   5.279279  8762
  7  85  -0.626751  -0.711411   5.466900  8762
  7  86  -0.918318  -1.856948   3.690208  8762
  7  87  -1.905737  -2.039359   3.247228  8762
  7  88  -0.145887  -3.169639   3.727535  8762
  7  89   0.261829  -3.760645   2.732507  8762
  8   7   1.448033   0.000000   0.000000  4226
  8   8   1.962247  -0.061068   0.871582  4226
  8   9   0.000000   0.000000   0.000000  4226
  8  10  -0.375129  -0.332445  -0.977425  4226
  8  11  -0.470018  -0.971706   1.079015  4226
  8  12   0.049445  -1.916673   0.882564  4226
  8  13  -1.534497  -1.158368   0.932581  4226
  8  14  -0.123480  -0.689923   2.830788  4226
  8  15  -0.633412   1.381915  -0.000000  4226
  8  16   0.001933   2.361160   0.371506  4226
  8  17  -5.521699   1.087037   3.487707  4226
  8  18  -4.402801   1.918726   3.479603  4226
  8  19  -6.757720   1.561227   3.956208  4226
  8  20  -4.551416   3.288828   3.752429  4226
  8  21  -6.820289   2.825176   4.548765  4226
  8  22  -5.737302   3.712115   4.389143  4226
  8  23  -7.918191   0.784513   3.853634  4226
  8  24  -9.067198   1.249379   4.507991  4226
  8  25  -7.930345  -0.108884   3.258156  4226
  8  26 -10.010683   0.755852   4.344398  4226
  8  27  -9.086673   2.451743   5.223632  4226
  8  28 -10.226288   2.687399   5.899758  4226
  8  29 -10.944227   1.978490   5.851663  4226
  8  30 -10.426561   3.540884   6.387153  4226
  8  31  -7.929241   3.241682   5.301391  4226
  8  32  -7.911425   4.291591   6.366415  4226
  8  33  -6.524853   4.749484   6.730773  4226
  8  34  -8.624253   5.529646   5.896523  4226
  8  35  -8.431164   3.763405   7.671744  4226
  8  36  -3.113189   1.401585   3.312071  4226
  8  37  -2.003546   2.242055   3.285603  4226
  8  38  -2.886677   0.349260   3.255461  4226
  8  39  -1.026635   1.787530   3.278376  4226
  8  40  -2.166665   3.629317   3.230870  4226
  8  41  -1.001084   4.270234   3.058977  4226
  8  42  -0.212565   3.751212   2.701967  4226
  8  43  -1.143207   5.275415   3.055955  4226
  8  44  -3.436525   4.108403   3.577180  4226
  8  45  -3.531827   5.541077   4.021885  4226
  8  46  -4.871576   6.132712   3.727532  4226
  8  47  -3.279624   5.723613   5.490548  4226
  8  48  -2.748281   6.480721   3.145286  4226
  8  49  -5.353193  -0.278434   3.190735  4226
  8  50  -5.466728  -1.147672   4.280706  4226
  8  51  -5.083035  -2.488539   4.099444  4226
  8  52  -4.696441  -2.941191   2.827692  4226
  8  53  -4.674065  -2.033412   1.769421  4226
  8  54  -5.772108  -0.736236   5.230424  4226
  8  55  -5.265904  -3.168849   4.911748  4226
  8  56  -4.458877  -2.261572   0.734995  4226
  8  57  -5.038423  -0.692077   1.892152  4226
  8  58  -4.948092   0.183676   0.784319  4226
  8  59  -5.210241   1.377348   0.888376  4226
  8  60  -4.628485  -0.259519  -0.313011  4226
  8  61  -4.393133  -4.306818   2.691432  4226
  8  62  -4.181259  -4.715450   1.545120  4226
  8  63  -4.393410  -5.133624   3.733734  4226
  8  64  -4.907073  -4.755206   4.522119  4226
  8  65  -3.994938  -6.525680   3.732918  4226
  8  66  -4.102393  -7.004915   2.757323  4226
  8  67  -4.646719  -7.033631   4.444654  4226
  8  68  -2.516104  -6.684656   4.071561  4226
  8  69  -1.930897  -6.122481   3.348517  4226
  8  70  -2.074264  -7.681485   4.074572  4226
  8  71  -2.253818  -6.097836   5.456244  4226
  8  72  -2.800629  -6.720852   6.174400  4226
  8  73  -2.558369  -5.058847   5.475008  4226
  8  74  -0.761588  -6.210800   5.777472  4226
  8  75  -0.485489  -7.258486   5.725319  4226
  8  76  -0.632171  -5.980702   6.835208  4226
  8  77   0.121819  -5.418449   4.818212  4226
  8  78   0.251374  -5.937901   3.872757  4226
  8  79   1.108397  -5.345428   5.276283  4226
  8  80  -0.340049  -4.050314   4.741511  4226
  8  81  -0.719461  -3.245073   5.813439  4226
  8  82  -0.113260  -3.254426   6.886675  4226
  8  83  -1.093071  -1.931785   5.148689  4226
  8  84  -2.109485  -1.592044   5.333298  4226
  8  85  -0.296956  -1.250147   5.454745  4226
  8  86  -1.027741  -2.050981   3.626545  4226
  8  87  -2.060452  -2.120690   3.296775  4226
  8  88  -0.494190  -3.465427   3.492493  4226
  8  89  -0.536730  -4.059273   2.407580  4226
  9   7   1.448516   0.000000  -0.000000 17720
  9   8   1.877989   0.838070   0.374957 17720
  9   9   0.000000   0.000000   0.000000 17720
  9  10  -0.291678  -0.486994  -0.928634 17720
  9  11  -0.412285  -0.829921   1.212663 17720
  9  12   0.031894  -1.822350   1.121617 17720
  9  13  -1.492631  -0.968786   1.145079 17720
  9  14   0.082014  -0.272539   2.866688 17720
  9  15  -0.734199   1.327837   0.000000 17720
  9  16  -1.684344   1.608296   0.724133 17720
  9  17   0.049705   4.211504   4.308292 17720
  9  18   0.524192   5.520375   4.217072 17720
  9  19  -1.327636   4.029748   4.203892 17720
  9  20  -0.318879   6.625721   4.107780 17720
  9  21  -2.209573   5.095453   4.076771 17720
  9  22  -1.711131   6.414482   4.000482 17720
  9  23  -1.805020   2.706396   4.215854 17720
  9  24  -3.186297   2.503486   4.105372 17720
  9  25  -1.089392   1.905254   4.336049 17720
  9  26  -3.530648   1.489714   3.941088 17720
  9  27  -4.079623   3.568992   3.969869 17720
  9  28  -5.391033   3.260267   3.886259 17720
  9  29  -5.623890   2.280504   3.975377 17720
  9  30  -6.065102   4.003807   3.758665 17720
  9  31  -3.580077   4.860541   3.856926 17720
  9  32  -4.531673   5.983602   3.608320 17720
  9  33  -6.027064   5.844566   3.711139 17720
  9  34  -4.417557   6.898234   4.792095 17720
  9  35  -4.304614   6.776024   2.349984 17720
  9  36   1.907398   5.750938   4.312337 17720
  9  37   2.420337   7.018790   4.026596 17720
  9  38   2.521616   4.955325   4.725422 17720
  9  39   3.464577   7.272195   4.080883 17720
  9  40   1.552968   8.070559   3.724849 17720
  9  41   2.093311   9.269217   3.415420 17720
  9  42   3.072729   9.479322   3.415640 17720
  9  43   1.488695  10.075255   3.502231 17720
  9  44   0.185154   7.915985   3.881354 17720
  9  45  -0.784323   9.064028   3.919027 17720
  9  46  -0.231481  10.430382   4.185377 17720
  9  47  -1.409789   9.275787   2.568342 17720
  9  48  -1.820485   8.980243   4.995478 17720
  9  49   0.932056   3.137668   4.446978 17720
  9  50   0.908239   2.592430   5.733464 17720
  9  51   1.856520   1.623204   6.090348 17720
  9  52   2.716710   1.119342   5.099947 17720
  9  53   2.680119   1.671546   3.811875 17720
  9  54   0.186395   2.888569   6.469092 17720
  9  55   1.843953   1.271862   7.106322 17720
  9  56   3.378834   1.277595   3.086135 17720
  9  57   1.822830   2.710663   3.448986 17720
  9  58   1.844576   3.153765   2.108057 17720
  9  59   1.069300   4.033762   1.768717 17720
  9  60   2.614882   2.641321   1.287795 17720
  9  61   3.482527  -0.018778   5.422449 17720
  9  62   4.329325  -0.356154   4.601469 17720
  9  63   3.339138  -0.734661   6.541356 17720
  9  64   2.657614  -0.471734   7.234893 17720
  9  65   3.873892  -2.042641   6.847832 17720
  9  66   4.297845  -1.889111   7.831291 17720
  9  67   4.683756  -2.374609   6.196279 17720
  9  68   2.770351  -3.101898   6.773882 17720
  9  69   1.905948  -2.928341   7.419783 17720
  9  70   3.188087  -4.003512   7.205956 17720
  9  71   2.358827  -3.354745   5.322361 17720
  9  72   3.226059  -3.622457   4.722579 17720
  9  73   2.072396  -2.416450   4.842195 17720
  9  74   1.411512  -4.540521   5.110628 17720
  9  75   1.953032  -5.421741   5.457480 17720
  9  76   1.325907  -4.749094   4.050406 17720
  9  77  -0.018367  -4.406631   5.619179 17720
  9  78  -0.019404  -4.397715   6.706431 17720
  9  79  -0.596199  -5.236058   5.195079 17720
  9  80  -0.608763  -3.175583   5.139541 17720
  9  81  -0.928609  -2.169608   6.039883 17720
  9  82  -0.814837  -2.209124   7.270573 17720
  9  83  -1.128882  -0.863982   5.278747 17720
  9  84  -2.056728  -0.361453   5.561532 17720
  9  85  -0.307903  -0.186819   5.483311 17720
  9  86  -1.095260  -1.265699   3.810383 17720
  9  87  -2.108364  -1.267899   3.421393 17720
  9  88  -0.770929  -2.757129   3.822462 17720
  9  89  -0.355882  -3.397699   2.855660 17720
 10   7   1.443815   0.000000   0.000000  9981
 10   8   1.888955   0.861773   0.286703  9981
 10   9   0.000000   0.000000   0.000000  9981
 10  10  -0.379481  -0.606013  -0.822218  9981
 10  11  -0.454144  -0.601489   1.329271  9981
 10  12  -0.115458  -1.633471   1.388464  9981
 10  13  -1.544104  -0.699898   1.319122  9981
 10  14   0.104585   0.310109   2.787561  9981
 10  15  -0.633045   1.378897  -0.000000  9981
 10  16   0.011360   2.378057   0.315314  9981
 10  17   1.627150   5.033057   5.151470  9981
 10  18   2.270516   6.211013   5.559146  9981
 10  19   0.408018   5.023871   4.462606  9981
 10  20   1.647791   7.443295   5.369943  9981
 10  21  -0.271708   6.237886   4.335187  9981
 10  22   0.364246   7.409976   4.787703  9981
 10  23  -0.229737   3.844575   4.046762  9981
 10  24  -1.459466   3.929734   3.384104  9981
 10  25   0.251072   2.893504   4.227009  9981
 10  26  -1.843933   2.983335   3.018298  9981
 10  27  -2.121047   5.149617   3.231460  9981
 10  28  -3.325911   5.055459   2.652031  9981
 10  29  -3.721598   4.167874   2.379045  9981
 10  30  -3.818079   5.914868   2.442302  9981
 10  31  -1.488901   6.330256   3.655473  9981
 10  32  -2.102414   7.687873   3.537719  9981
 10  33  -3.471842   7.766845   2.951519  9981
 10  34  -2.317885   8.271455   4.909873  9981
 10  35  -1.278762   8.664315   2.755695  9981
 10  36   3.558217   6.138762   6.088114  9981
 10  37   4.119092   7.305825   6.612310  9981
 10  38   4.153861   5.236787   6.180028  9981
 10  39   5.140345   7.367177   6.960846  9981
 10  40   3.436802   8.519174   6.470999  9981
 10  41   4.247780   9.521996   6.863386  9981
 10  42   5.181002   9.288091   7.163195  9981
 10  43   4.027115  10.502860   6.734493  9981
 10  44   2.178608   8.632818   5.869808  9981
 10  45   1.512110   9.964811   5.719872  9981
 10  46   0.039622   9.855702   5.975161  9981
 10  47   1.871436  11.078070   6.665354  9981
 10  48   1.576177  10.367274   4.277784  9981
 10  49   2.347811   3.834788   5.292174  9981
 10  50   2.126452   3.268297   6.555223  9981
 10  51   2.759774   2.053936   6.871180  9981
 10  52   3.357843   1.371581   5.814721  9981
 10  53   3.606767   1.934045   4.546781  9981
 10  54   1.552764   3.822314   7.282237  9981
 10  55   2.588284   1.600414   7.831653  9981
 10  56   3.992273   1.338163   3.734123  9981
 10  57   3.109612   3.215417   4.288860  9981
 10  58   3.336581   3.780568   3.017643  9981
 10  59   2.883891   4.880452   2.709869  9981
 10  60   3.900712   3.222380   2.076641  9981
 10  61   3.670556   0.020692   6.030829  9981
 10  62   4.226513  -0.536824   5.084104  9981
 10  63   3.367816  -0.636103   7.154872  9981
 10  64   2.822524  -0.129678   7.835748  9981
 10  65   3.781996  -1.981820   7.488785  9981
 10  66   4.123383  -2.052665   8.530579  9981
 10  67   4.529876  -2.276448   6.753141  9981
 10  68   2.680331  -3.013445   7.280980  9981
 10  69   1.755488  -2.683084   7.766808  9981
 10  70   2.822037  -3.977908   7.769174  9981
 10  71   2.353834  -3.328833   5.823129  9981
 10  72   3.166819  -4.002231   5.561610  9981
 10  73   2.246202  -2.394199   5.265301  9981
 10  74   1.088505  -4.155663   5.628457  9981
 10  75   1.186232  -5.077728   6.201905  9981
 10  76   1.032196  -4.327501   4.552957  9981
 10  77  -0.189984  -3.477031   6.083572  9981
 10  78  -0.265893  -3.478957   7.170233  9981
 10  79  -1.039539  -4.111023   5.824512  9981
 10  80  -0.500965  -2.170020   5.545327  9981
 10  81  -0.737698  -1.095726   6.393886  9981
 10  82  -0.069261  -0.938534   7.414760  9981
 10  83  -0.940218   0.043732   5.418993  9981
 10  84  -1.853839   0.588106   5.669296  9981
 10  85  -0.129725   0.768573   5.464931  9981
 10  86  -1.015642  -0.465404   3.981742  9981
 10  87  -2.053034  -0.411968   3.652251  9981
 10  88  -0.693719  -1.939634   4.187693  9981
 10  89  -1.247391  -2.748905   3.450585  9981
