  1  -1  -4.838878 -14.296351   6.743288  1493
  1   0  -5.667596 -13.376902   6.099521  1493
  1   1  -6.783143 -13.862358   5.412504  1493
  1   2  -7.010947 -15.242489   5.326797  1493
  1   3  -6.166969 -16.154860   5.974706  1493
  1   4  -6.339548 -17.221582   5.922548  1493
  1   5  -8.114410 -15.746709   4.699800  1493
  1   6  -9.033145 -14.866164   3.995340  1493
  1   7  -9.269373 -13.940864   4.515451  1493
  1   8 -10.000825 -15.326381   3.782980  1493
  1   9  -8.536744 -14.598371   3.061064  1493
  1  10  -8.309010 -17.174131   4.524309  1493
  1  11  -8.660447 -17.591150   5.469395  1493
  1  12  -9.124475 -17.310387   3.801090  1493
  1  13  -7.380677 -17.651730   4.214796  1493
  1  14  -7.471524 -13.177684   4.918685  1493
  1  15  -5.421018 -11.895262   6.159864  1493
  1  16  -4.183564 -11.502858   6.943208  1493
  1  17  -3.378177 -12.403543   7.640860  1493
  1  18  -3.746182 -13.835820   7.605395  1493
  1  19  -3.160797 -14.569189   8.151373  1493
  1  20  -2.266015 -12.037475   8.399534  1493
  1  21  -1.992166 -10.686023   8.581977  1493
  1  22  -2.761866  -9.741797   7.895752  1493
  1  23  -3.811967 -10.163274   7.075604  1493
  1  24  -4.441464  -9.472528   6.523510  1493
  1  25  -2.468484  -8.409966   7.943160  1493
  1  26  -1.390975  -7.881670   8.769525  1493
  1  27  -0.301383  -8.950561   8.949164  1493
  1  28  -0.868891 -10.267472   9.499780  1493
  1  29  -1.208040 -10.145578  10.540896  1493
  1  30   0.002491 -10.909769   9.391840  1493
  1  31   0.479081  -8.589685   9.634686  1493
  1  32   0.147939  -9.078156   7.970732  1493
  1  33  -1.782519  -7.695460   9.772979  1493
  1  34  -0.926944  -6.962710   8.386915  1493
  1  35  -3.113165  -7.345830   7.170955  1493
  1  36  -2.760762  -7.360728   5.680755  1493
  1  37  -1.348313  -6.765465   5.520901  1493
  1  38  -1.156270  -6.280109   4.104409  1493
  1  39  -1.383107  -6.973116   3.130299  1493
  1  40  -0.698731  -7.603182   5.791396  1493
  1  41  -1.206940  -5.969672   6.247760  1493
  1  42  -2.703191  -8.395106   5.329123  1493
  1  43  -3.458738  -6.812287   5.044640  1493
  1  44  -4.194677  -7.421825   7.276579  1493
  1  45  -2.843942  -6.429215   7.703246  1493
  1  46  -1.714731 -12.823294   8.919318  1493
  1  47  -5.377804 -11.380040   4.709355  1493
  1  48  -6.294126 -11.673730   4.192147  1493
  1  49  -4.509531 -11.651573   4.099789  1493
  1  50  -5.408110 -10.285069   4.736201  1493
  1  51  -6.624024 -11.302912   6.898780  1493
  1  52  -6.828494 -11.778296   7.861020  1493
  1  53  -6.561896 -10.240371   7.171808  1493
  1  54  -7.474765 -11.470259   6.237922  1493
  1  55  -5.068199 -15.680051   6.693428  1493
  1  56  -4.458721 -16.351147   7.285684  1493
  1  57   0.000000   0.000000   0.000000  1493
  1  58  -0.296972  -0.524435  -0.907290  1493
  1  59  -0.533471  -0.732807   1.237903  1493
  1  60  -1.626512  -0.671563   1.320440  1493
  1  61  -0.158977  -0.337797   2.177435  1493
  1  62  -0.345568  -2.254102   1.214336  1493
  1  63   0.736909  -2.423994   1.114952  1493
  1  64  -0.841489  -2.599748   0.299681  1493
  1  65  -0.759754  -2.856349   2.562350  1493
  1  66  -1.768371  -2.508544   2.785797  1493
  1  67  -0.144204  -2.470061   3.377320  1493
  1  68  -0.696730  -4.391528   2.587904  1493
  1  69   0.270603  -4.737382   2.223419  1493
  1  70  -1.421697  -4.778397   1.863090  1493
  1  71  -0.923361  -4.972963   3.909673  1493
  1  72  -0.562807  -4.456705   4.693304  1493
  1  73   1.448622   0.000000   0.000000  1493
  1  74   1.990517  -0.380512   0.755023  1493
  1  75  -0.746434   1.326136  -0.000000  1493
  1  76  -1.898288   1.226458  -0.415804  1493
  2  -1   3.667821 -13.951306  -3.781798   553
  2   0   4.187988 -12.703671  -4.103093   553
  2   1   5.392186 -12.668067  -4.818312   553
  2   2   6.077672 -13.826205  -5.182356   553
  2   3   5.506031 -15.063725  -4.890181   553
  2   4   5.968965 -15.986888  -5.218752   553
  2   5   7.215342 -13.828056  -5.937212   553
  2   6   7.758752 -12.580112  -6.464322   553
  2   7   6.928062 -11.990118  -6.878888   553
  2   8   8.472472 -12.695379  -7.278394   553
  2   9   8.221961 -12.075172  -5.617345   553
  2  10   7.920946 -15.009747  -6.413682   553
  2  11   7.538765 -15.299761  -7.397923   553
  2  12   8.977240 -14.785120  -6.602602   553
  2  13   7.914981 -15.886115  -5.759738   553
  2  14   5.773606 -11.699427  -5.114880   553
  2  15   3.443185 -11.429016  -3.772298   553
  2  16   2.192923 -11.633096  -2.951752   553
  2  17   1.757253 -12.907441  -2.583057   553
  2  18   2.452246 -14.140519  -2.983065   553
  2  19   1.993751 -15.108945  -2.776829   553
  2  20   0.533769 -13.105764  -1.931478   553
  2  21  -0.254738 -11.981414  -1.685526   553
  2  22   0.150060 -10.684905  -2.005684   553
  2  23   1.380551 -10.529700  -2.643418   553
  2  24   1.561895  -9.524535  -2.999448   553
  2  25  -0.666891  -9.659269  -1.633849   553
  2  26  -2.039392  -9.812772  -1.142850   553
  2  27  -2.066444 -10.999935  -0.174960   553
  2  28  -1.539409 -12.230275  -0.936468   553
  2  29  -2.296421 -12.697033  -1.573629   553
  2  30  -1.291257 -12.911561  -0.121379   553
  2  31  -3.042749 -11.213519   0.267887   553
  2  32  -1.398163 -10.753193   0.652516   553
  2  33  -2.746313 -10.096457  -1.928586   553
  2  34  -2.351783  -8.888010  -0.647139   553
  2  35  -0.329732  -8.245521  -1.807449   553
  2  36   0.509556  -7.750649  -0.626010   553
  2  37  -0.354915  -7.561629   0.631272   553
  2  38   0.305110  -6.628028   1.615780   553
  2  39   1.440140  -6.854825   1.996261   553
  2  40  -0.548887  -8.515716   1.116652   553
  2  41  -1.371803  -7.260955   0.356071   553
  2  42   1.196639  -8.535910  -0.320753   553
  2  43   1.136215  -6.895349  -0.894081   553
  2  44   0.286935  -8.035915  -2.687385   553
  2  45  -1.268434  -7.695744  -1.866466   553
  2  46   0.277642 -14.120102  -1.645614   553
  2  47   4.339711 -10.458052  -3.000564   553
  2  48   3.932968  -9.447162  -2.940034   553
  2  49   5.284864 -10.376877  -3.551104   553
  2  50   4.571835 -10.827643  -1.993927   553
  2  51   3.121151 -10.819083  -5.147789   553
  2  52   2.374476 -11.459104  -5.643622   553
  2  53   2.714409  -9.808194  -5.087258   553
  2  54   3.990065 -10.800979  -5.798376   553
  2  55   4.256532 -15.130544  -4.263693   553
  2  56   3.757940 -16.093273  -4.149434   553
  2  57   0.000000   0.000000   0.000000   553
  2  58  -0.336397  -0.407682  -0.954952   553
  2  59  -0.648164  -0.813748   1.137849   553
  2  60  -1.724297  -0.816628   0.951222   553
  2  61  -0.374275  -0.367429   2.093088   553
  2  62  -0.140068  -2.261362   1.110460   553
  2  63   0.948623  -2.205550   1.087228   553
  2  64  -0.388634  -2.887396   0.247210   553
  2  65  -0.574488  -3.063945   2.348256   553
  2  66  -1.636678  -3.303613   2.233301   553
  2  67  -0.359914  -2.501107   3.270248   553
  2  68   0.260015  -4.336980   2.518809   553
  2  69   0.192721  -4.528857   3.587619   553
  2  70   1.336424  -4.170946   2.404469   553
  2  71  -0.360260  -5.493447   1.867392   553
  2  72  -1.325740  -5.414936   1.582117   553
  2  73   1.441457  -0.000000  -0.000000   553
  2  74   1.953508   0.260584   0.826862   553
  2  75  -0.599395   1.398472  -0.000000   553
  2  76  -1.799638   1.648089   0.113611   553
  3  -1   9.464497  -2.888502  -1.400309  1522
  3   0   8.857790  -3.056219  -0.161526  1522
  3   1   9.714166  -3.328342   0.914798  1522
  3   2  11.107861  -3.360044   0.858167  1522
  3   3  11.622880  -3.103991  -0.419211  1522
  3   4  12.700830  -3.127365  -0.559123  1522
  3   5  11.878536  -3.706638   1.931354  1522
  3   6  11.274515  -4.400656   3.062902  1522
  3   7  12.022887  -4.516469   3.857082  1522
  3   8  10.898473  -5.401278   2.821561  1522
  3   9  10.570129  -3.710567   3.533027  1522
  3  10  13.331500  -3.695710   1.953273  1522
  3  11  13.616890  -3.668419   3.008930  1522
  3  12  13.879148  -4.515525   1.480849  1522
  3  13  13.680076  -2.751541   1.511416  1522
  3  14   9.281955  -3.461840   1.897686  1522
  3  15   7.359809  -3.047181   0.062472  1522
  3  16   6.567039  -2.834497  -1.212905  1522
  3  17   7.174571  -2.515509  -2.431286  1522
  3  18   8.634968  -2.589137  -2.581689  1522
  3  19   9.128716  -2.532653  -3.545026  1522
  3  20   6.336782  -2.309309  -3.534233  1522
  3  21   4.957335  -2.454825  -3.453285  1522
  3  22   4.319653  -2.829495  -2.257046  1522
  3  23   5.180364  -2.963875  -1.158177  1522
  3  24   4.749392  -3.218744  -0.196921  1522
  3  25   3.008353  -3.167941  -2.199196  1522
  3  26   2.200506  -2.876419  -3.372312  1522
  3  27   2.884858  -2.996848  -4.737361  1522
  3  28   4.226927  -2.261340  -4.765294  1522
  3  29   4.011954  -1.211663  -4.971610  1522
  3  30   4.890217  -2.558080  -5.577015  1522
  3  31   2.153419  -2.753978  -5.503789  1522
  3  32   3.143816  -4.054105  -4.883478  1522
  3  33   1.778617  -1.864013  -3.288977  1522
  3  34   1.366025  -3.585268  -3.307709  1522
  3  35   2.314296  -3.806128  -1.080940  1522
  3  36   2.745686  -5.277029  -0.995182  1522
  3  37   1.560974  -6.093412  -0.476845  1522
  3  38   1.247296  -5.767820   0.969495  1522
  3  39   2.022514  -6.045091   1.866690  1522
  3  40   1.853179  -7.130366  -0.642515  1522
  3  41   0.657724  -5.941989  -1.072925  1522
  3  42   3.030247  -5.605466  -1.992805  1522
  3  43   3.518838  -5.436067  -0.234432  1522
  3  44   2.591838  -3.285839  -0.165970  1522
  3  45   1.238823  -3.796228  -1.262763  1522
  3  46   6.782001  -1.963618  -4.458774  1522
  3  47   7.009583  -4.415580   0.674694  1522
  3  48   7.017017  -5.180790  -0.107224  1522
  3  49   5.960955  -4.300878   0.969524  1522
  3  50   7.611131  -4.681590   1.554229  1522
  3  51   7.059347  -1.905923   1.038357  1522
  3  52   7.115306  -0.911246   0.601457  1522
  3  53   6.011959  -1.979602   1.308453  1522
  3  54   7.579326  -1.892106   1.998166  1522
  3  55  10.860051  -2.860664  -1.550486  1522
  3  56  11.290197  -2.623049  -2.525942  1522
  3  57   0.000000   0.000000   0.000000  1522
  3  58  -0.334950  -0.558055  -0.872801  1522
  3  59  -0.607325  -0.710125   1.221712  1522
  3  60  -1.681560  -0.594117   1.101039  1522
  3  61  -0.283939  -0.180218   2.122334  1522
  3  62  -0.120385  -2.162239   1.288459  1522
  3  63   0.927623  -2.272716   1.579959  1522
  3  64  -0.216618  -2.499379   0.253147  1522
  3  65  -0.955278  -3.018189   2.242874  1522
  3  66  -1.957856  -3.254995   1.877688  1522
  3  67  -1.121720  -2.545219   3.212976  1522
  3  68  -0.258118  -4.365810   2.438030  1522
  3  69  -0.845000  -5.066421   3.034449  1522
  3  70   0.663510  -4.192018   3.004155  1522
  3  71   0.122675  -5.074762   1.214026  1522
  3  72  -0.503448  -4.862179   0.457140  1522
  3  73   1.452756  -0.000000  -0.000000  1522
  3  74   1.971702  -0.174826   0.843997  1522
  3  75  -0.604027   1.402765   0.000000  1522
  3  76  -0.016111   2.408365   0.391953  1522
  4  -1   1.617032  -2.479166  -5.457018   463
  4   0   1.091241  -3.466118  -4.618943   463
  4   1  -0.163887  -3.987286  -4.922976   463
  4   2  -0.856743  -3.602498  -6.075534   463
  4   3  -0.329985  -2.593626  -6.888740   463
  4   4  -0.922795  -2.215972  -7.713212   463
  4   5  -2.062402  -4.210275  -6.301135   463
  4   6  -2.797818  -4.976947  -5.299248   463
  4   7  -2.287227  -5.942188  -5.260448   463
  4   8  -3.841939  -5.065484  -5.578664   463
  4   9  -2.814815  -4.414488  -4.358902   463
  4  10  -2.817579  -3.978699  -7.517268   463
  4  11  -3.491918  -3.113731  -7.465340   463
  4  12  -2.166869  -3.951669  -8.402733   463
  4  13  -3.451982  -4.858118  -7.662371   463
  4  14  -0.577058  -4.807011  -4.337194   463
  4  15   1.747755  -3.942298  -3.344211   463
  4  16   3.144660  -3.418680  -3.100121   463
  4  17   3.696844  -2.465694  -3.965576   463
  4  18   2.934481  -1.926532  -5.102725   463
  4  19   3.365616  -1.098441  -5.652350   463
  4  20   4.987072  -1.972290  -3.783186   463
  4  21   5.721383  -2.448443  -2.696464   463
  4  22   5.149438  -3.333824  -1.773220   463
  4  23   3.850091  -3.806981  -1.952999   463
  4  24   3.479481  -4.551988  -1.261832   463
  4  25   5.787573  -3.621471  -0.607655   463
  4  26   7.140121  -3.120951  -0.377668   463
  4  27   7.292262  -1.672935  -0.887865   463
  4  28   7.012024  -1.713642  -2.393126   463
  4  29   7.890324  -2.173800  -2.841954   463
  4  30   7.004838  -0.716837  -2.833158   463
  4  31   8.266186  -1.257309  -0.632659   463
  4  32   6.563340  -1.008675  -0.427726   463
  4  33   7.823029  -3.779268  -0.929718   463
  4  34   7.379319  -3.080955   0.683504   463
  4  35   5.302961  -4.386790   0.532055   463
  4  36   4.348383  -3.616583   1.450406   463
  4  37   3.758476  -4.392297   2.647601   463
  4  38   2.715598  -3.569278   3.345920   463
  4  39   2.949821  -2.784710   4.245580   463
  4  40   4.516003  -4.574708   3.414203   463
  4  41   3.362301  -5.360536   2.338310   463
  4  42   4.984724  -2.867487   1.923399   463
  4  43   3.578145  -3.091542   0.892945   463
  4  44   4.741242  -5.229522   0.126624   463
  4  45   6.160948  -4.717108   1.111493   463
  4  46   5.426912  -1.235396  -4.437729   463
  4  47   0.907042  -3.477530  -2.149016   463
  4  48   0.757803  -2.389325  -2.185604   463
  4  49   1.267288  -3.778997  -1.157482   463
  4  50  -0.058314  -3.937425  -2.337388   463
  4  51   1.824586  -5.477585  -3.425416   463
  4  52   2.294827  -5.876263  -2.521353   463
  4  53   0.926388  -6.088608  -3.471134   463
  4  54   2.492430  -5.831293  -4.209171   463
  4  55   0.899994  -2.016732  -6.568509   463
  4  56   1.345224  -1.243610  -7.178798   463
  4  57   0.000000   0.000000   0.000000   463
  4  58  -0.299998  -0.516225  -0.912477   463
  4  59  -0.499951  -0.805156   1.203567   463
  4  60  -1.571432  -0.568817   1.258074   463
  4  61  -0.048364  -0.406397   2.101095   463
  4  62  -0.534773  -2.335938   1.118711   463
  4  63   0.459739  -2.690833   0.833941   463
  4  64  -1.227491  -2.614242   0.321411   463
  4  65  -0.893085  -3.043021   2.439410   463
  4  66  -1.265905  -4.039716   2.202540   463
  4  67  -1.760329  -2.607970   2.930040   463
  4  68   0.271948  -2.988604   3.443820   463
  4  69  -0.040211  -3.355249   4.430496   463
  4  70   0.580099  -1.943367   3.499687   463
  4  71   1.426754  -3.771306   3.015217   463
  4  72   1.293406  -4.514802   2.340806   463
  4  73   1.447342   0.000000   0.000000   463
  4  74   1.897410  -0.231577   0.878186   463
  4  75  -0.618789   1.400427  -0.000000   463
  4  76  -1.797916   1.417901  -0.347497   463
  5  -1   2.118383  -3.084089  -5.475559   375
  5   0   1.317226  -3.747162  -4.539725   375
  5   1   0.041716  -4.156334  -4.951005   375
  5   2  -0.427346  -3.965916  -6.248703   375
  5   3   0.373808  -3.293206  -7.174186   375
  5   4   0.127627  -3.173594  -8.222466   375
  5   5  -1.588837  -4.498096  -6.729036   375
  5   6  -2.449579  -5.301085  -5.875495   375
  5   7  -1.821412  -5.868708  -5.192696   375
  5   8  -3.096716  -6.031518  -6.374178   375
  5   9  -3.109979  -4.665128  -5.279233   375
  5  10  -2.044774  -4.436982  -8.109250   375
  5  11  -1.422449  -5.002699  -8.809514   375
  5  12  -3.073897  -4.748307  -8.273505   375
  5  13  -1.970067  -3.391951  -8.444263   375
  5  14  -0.517174  -4.721376  -4.212652   375
  5  15   1.815225  -4.096417  -3.161820   375
  5  16   3.186953  -3.565792  -2.815275   375
  5  17   3.944192  -2.808169  -3.703870   375
  5  18   3.429217  -2.558767  -5.056459   375
  5  19   3.982199  -1.904848  -5.732629   375
  5  20   5.144926  -2.207198  -3.297213   375
  5  21   5.674262  -2.424725  -2.022582   375
  5  22   4.917026  -3.182348  -1.133989   375
  5  23   3.726120  -3.784669  -1.539385   375
  5  24   3.230800  -4.389161  -0.783640   375
  5  25   5.458115  -3.349271   0.103208   375
  5  26   6.753899  -2.833314   0.550341   375
  5  27   7.098226  -1.533313  -0.186165   375
  5  28   7.030253  -1.861680  -1.677225   375
  5  29   7.829689  -2.539437  -1.973783   375
  5  30   7.129152  -0.921010  -2.233879   375
  5  31   8.116901  -1.214512   0.067731   375
  5  32   6.354389  -0.757869   0.019479   375
  5  33   7.575671  -3.529624   0.377301   375
  5  34   6.701187  -2.591369   1.619539   375
  5  35   4.835927  -4.171654   1.139005   375
  5  36   3.796906  -3.415082   1.961100   375
  5  37   3.233754  -4.396845   3.000330   375
  5  38   2.100372  -3.693389   3.707646   375
  5  39   2.122158  -3.076698   4.756509   375
  5  40   3.974497  -4.669591   3.756445   375
  5  41   2.783934  -5.308827   2.593332   375
  5  42   4.164940  -2.570536   2.537109   375
  5  43   3.009636  -3.029056   1.292753   375
  5  44   4.439851  -5.112097   0.758491   375
  5  45   5.639555  -4.528779   1.790114   375
  5  46   5.805396  -1.668009  -3.982527   375
  5  47   0.854967  -3.470153  -2.141187   375
  5  48   1.152900  -3.586352  -1.096087   375
  5  49  -0.139998  -3.919970  -2.244180   375
  5  50   0.877922  -2.428540  -2.473026   375
  5  51   1.850069  -5.622375  -3.007098   375
  5  52   1.997420  -5.950699  -1.967437   375
  5  53   0.943418  -6.070853  -3.401118   375
  5  54   2.651222  -6.044859  -3.599178   375
  5  55   1.651930  -2.883494  -6.782728   375
  5  56   2.332743  -2.436961  -7.488066   375
  5  57   0.000000   0.000000   0.000000   375
  5  58  -0.343499  -0.417387  -0.944563   375
  5  59  -0.573668  -0.765211   1.195098   375
  5  60  -1.620660  -0.468842   1.267024   375
  5  61  -0.182885  -0.548173   2.190880   375
  5  62  -0.496419  -2.279013   0.952138   375
  5  63   0.545968  -2.582587   0.828955   375
  5  64  -1.070017  -2.353942   0.026948   375
  5  65  -1.140189  -3.131377   2.044814   375
  5  66  -1.291870  -4.144425   1.664249   375
  5  67  -2.115086  -2.731560   2.300589   375
  5  68  -0.337729  -3.174708   3.360174   375
  5  69  -0.922186  -3.657811   4.147845   375
  5  70  -0.136290  -2.155274   3.676838   375
  5  71   0.896133  -3.934187   3.158990   375
  5  72   0.871733  -4.416536   2.274884   375
  5  73   1.455026  -0.000000  -0.000000   375
  5  74   1.960377   0.239172   0.839950   375
  5  75  -0.666243   1.370082  -0.000000   375
  5  76  -1.795913   1.458735  -0.459223   375
  6  -1   4.433299  -3.375471  -4.004331   638
  6   0   3.701308  -4.196461  -3.149483   638
  6   1   2.795349  -5.068777  -3.761775   638
  6   2   2.607846  -5.125611  -5.143553   638
  6   3   3.262587  -4.189505  -5.941126   638
  6   4   3.079088  -4.159136  -7.014395   638
  6   5   1.806819  -6.072713  -5.727638   638
  6   6   0.887465  -6.921299  -4.979247   638
  6   7   1.412555  -7.258311  -4.089526   638
  6   8   0.614014  -7.795160  -5.573380   638
  6   9  -0.009452  -6.355549  -4.715878   638
  6  10   1.493053  -6.103183  -7.147646   638
  6  11   0.519643  -6.569176  -7.314459   638
  6  12   1.288911  -5.074559  -7.472073   638
  6  13   2.319277  -6.558825  -7.692756   638
  6  14   2.226213  -5.760712  -3.138707   638
  6  15   3.914629  -4.263486  -1.653287   638
  6  16   5.015686  -3.378773  -1.117046   638
  6  17   5.701700  -2.492534  -1.939826   638
  6  18   5.397801  -2.453298  -3.378368   638
  6  19   5.941185  -1.794789  -4.054535   638
  6  20   6.626989  -1.604702  -1.393757   638
  6  21   6.907827  -1.642661  -0.022047   638
  6  22   6.262822  -2.539660   0.825283   638
  6  23   5.322896  -3.396808   0.251932   638
  6  24   4.709025  -4.039794   0.873411   638
  6  25   6.534202  -2.534135   2.166671   638
  6  26   7.588382  -1.663970   2.693370   638
  6  27   7.854382  -0.345781   1.954905   638
  6  28   8.024281  -0.760834   0.495362   638
  6  29   8.964277  -1.289140   0.298642   638
  6  30   8.140051   0.181424  -0.042829   638
  6  31   8.811359   0.034102   2.323251   638
  6  32   7.068470   0.399673   2.111580   638
  6  33   8.510916  -2.226890   2.551392   638
  6  34   7.349864  -1.306000   3.696699   638
  6  35   5.708735  -3.290920   3.099880   638
  6  36   4.358733  -2.596945   3.328994   638
  6  37   3.527194  -3.435635   4.301641   638
  6  38   2.159795  -2.793085   4.317322   638
  6  39   1.919686  -1.675174   4.735683   638
  6  40   3.919113  -3.493995   5.315935   638
  6  41   3.401894  -4.467424   3.985553   638
  6  42   4.538297  -1.620894   3.798863   638
  6  43   3.787737  -2.556670   2.394093   638
  6  44   5.570665  -4.311127   2.745028   638
  6  45   6.347114  -3.332729   3.978588   638
  6  46   7.125430  -0.964539  -2.125092   638
  6  47   2.652026  -3.823991  -0.899577   638
  6  48   1.769193  -4.445484  -1.106588   638
  6  49   2.416406  -2.802095  -1.174369   638
  6  50   2.798796  -3.899900   0.182503   638
  6  51   4.366954  -5.681137  -1.294717   638
  6  52   5.410437  -5.796060  -1.613526   638
  6  53   4.258085  -5.852207  -0.226504   638
  6  54   3.953427  -6.444151  -1.956615   638
  6  55   4.187186  -3.314175  -5.383088   638
  6  56   4.682312  -2.490517  -5.906291   638
  6  57   0.000000   0.000000   0.000000   638
  6  58  -0.253500  -0.354077  -1.002581   638
  6  59  -0.594885  -0.833737   1.133488   638
  6  60  -1.668257  -0.902154   0.924949   638
  6  61  -0.401929  -0.368428   2.106706   638
  6  62  -0.000552  -2.246955   1.028682   638
  6  63   1.075100  -2.267735   1.194335   638
  6  64  -0.196476  -2.646270   0.032309   638
  6  65  -0.677798  -3.167779   2.049773   638
  6  66  -0.364924  -4.185713   1.781780   638
  6  67  -1.768154  -3.110211   2.047002   638
  6  68  -0.147463  -3.024487   3.491478   638
  6  69  -0.717908  -3.726125   4.104338   638
  6  70  -0.193925  -1.955882   3.735856   638
  6  71   1.235952  -3.468029   3.617706   638
  6  72   1.476822  -4.364149   3.213783   638
  6  73   1.448517  -0.000000   0.000000   638
  6  74   1.919618   0.006016   0.893940   638
  6  75  -0.607796   1.401601  -0.000000   638
  6  76  -1.818965   1.570233  -0.102613   638
  7  -1   2.070659  -2.561169  -6.209653   766
  7   0   1.414448  -3.392694  -5.288428   766
  7   1   0.185526  -3.921454  -5.694091   766
  7   2  -0.356184  -3.705558  -6.957792   766
  7   3   0.395995  -2.962292  -7.879683   766
  7   4  -0.015437  -2.782464  -8.864409   766
  7   5  -1.573601  -4.233852  -7.268760   766
  7   6  -2.320545  -5.120659  -6.390095   766
  7   7  -1.634229  -5.853971  -5.960883   766
  7   8  -2.995700  -5.695977  -7.015933   766
  7   9  -2.881681  -4.689098  -5.549988   766
  7  10  -2.253166  -3.864418  -8.503795   766
  7  11  -2.317307  -2.799290  -8.747283   766
  7  12  -1.812594  -4.520524  -9.272182   766
  7  13  -3.322738  -4.066113  -8.419319   766
  7  14  -0.362385  -4.541756  -4.996151   766
  7  15   1.956708  -3.656537  -3.897837   766
  7  16   3.321419  -3.072024  -3.626162   766
  7  17   3.939395  -2.240036  -4.562807   766
  7  18   3.396445  -2.018031  -5.914036   766
  7  19   3.921757  -1.368988  -6.619931   766
  7  20   5.151990  -1.613991  -4.236949   766
  7  21   5.763144  -1.800615  -3.001894   766
  7  22   5.204073  -2.697532  -2.090038   766
  7  23   3.993337  -3.314674  -2.426726   766
  7  24   3.471539  -3.950916  -1.709702   766
  7  25   5.804686  -2.922558  -0.888362   766
  7  26   6.960376  -2.169034  -0.430553   766
  7  27   7.872938  -1.766136  -1.604688   766
  7  28   7.033403  -1.046326  -2.653048   766
  7  29   7.640421  -0.728814  -3.506636   766
  7  30   6.718353  -0.117845  -2.174755   766
  7  31   8.260049  -2.699383  -2.028354   766
  7  32   8.762145  -1.173572  -1.398835   766
  7  33   7.491406  -2.739505   0.336698   766
  7  34   6.597101  -1.270640   0.088600   766
  7  35   5.287088  -3.894761   0.061066   766
  7  36   4.227855  -3.350945   1.037172   766
  7  37   3.885521  -4.441368   2.067263   766
  7  38   2.717501  -3.942072   2.877285   766
  7  39   3.062521  -3.298879   3.843858   766
  7  40   4.775143  -4.564192   2.691594   766
  7  41   3.693858  -5.391536   1.567217   766
  7  42   4.694194  -2.453880   1.457647   766
  7  43   3.333271  -3.052756   0.482280   766
  7  44   4.935593  -4.815035  -0.404926   766
  7  45   6.114086  -4.269122   0.671009   766
  7  46   5.582436  -0.936446  -4.972643   766
  7  47   0.891615  -3.171256  -2.915452   766
  7  48   0.585109  -2.138846  -3.116662   766
  7  49   1.294300  -3.220343  -1.898624   766
  7  50  -0.038721  -3.741480  -2.999203   766
  7  51   2.042687  -5.173525  -3.689628   766
  7  52   2.198042  -5.378627  -2.621922   766
  7  53   1.072184  -5.611615  -3.948670   766
  7  54   2.810502  -5.668902  -4.278917   766
  7  55   1.593018  -2.337706  -7.502295   766
  7  56   2.177305  -1.726768  -8.173984   766
  7  57   0.000000   0.000000   0.000000   766
  7  58  -0.331791  -0.333005  -0.977098   766
  7  59  -0.550458  -0.874574   1.144079   766
  7  60  -1.539770  -0.602644   1.530108   766
  7  61   0.142540  -0.781086   1.977092   766
  7  62  -0.498584  -2.346815   0.718383   766
  7  63   0.520419  -2.539263   0.384322   766
  7  64  -1.246077  -2.427334  -0.076394   766
  7  65  -0.835887  -3.342921   1.836103   766
  7  66  -0.958104  -4.319615   1.344642   766
  7  67  -1.762158  -2.976843   2.282654   766
  7  68   0.270818  -3.525139   2.873649   766
  7  69  -0.074476  -4.174112   3.684393   766
  7  70   0.438231  -2.550129   3.343786   766
  7  71   1.493331  -4.129344   2.346867   766
  7  72   1.355685  -4.682913   1.517283   766
  7  73   1.451517  -0.000000   0.000000   766
  7  74   2.013275  -0.278903   0.790597   766
  7  75  -0.697684   1.347681  -0.000000   766
  7  76  -1.922127   1.299173   0.109931   766
  8  -1   4.688894 -11.031748   6.610882  1901
  8   0   4.788935  -9.798417   5.954690  1901
  8   1   6.061446  -9.247995   5.821434  1901
  8   2   7.275919  -9.803075   6.246925  1901
  8   3   7.108305 -11.009573   6.942029  1901
  8   4   7.966200 -11.579891   7.277959  1901
  8   5   8.506697  -9.256241   6.095076  1901
  8   6   8.745058  -8.030397   5.345014  1901
  8   7   8.331137  -7.168218   5.887150  1901
  8   8   8.344680  -7.944600   4.328483  1901
  8   9   9.804976  -7.785106   5.263735  1901
  8  10   9.654634  -9.624989   6.919007  1901
  8  11  10.247086  -8.723433   7.125638  1901
  8  12   9.325487 -10.088927   7.849502  1901
  8  13  10.326883 -10.350195   6.448310  1901
  8  14   6.113885  -8.319025   5.277041  1901
  8  15   3.535634  -9.128107   5.454270  1901
  8  16   2.274387  -9.942554   5.640096  1901
  8  17   2.200321 -11.178477   6.281507  1901
  8  18   3.433726 -11.779639   6.802489  1901
  8  19   3.428890 -12.729432   7.346247  1901
  8  20   0.999805 -11.873841   6.485535  1901
  8  21  -0.158842 -11.326634   5.936264  1901
  8  22  -0.166787 -10.072771   5.330241  1901
  8  23   1.057981  -9.401060   5.200054  1901
  8  24   0.961461  -8.381162   4.837988  1901
  8  25  -1.361225  -9.559011   4.926915  1901
  8  26  -2.654391 -10.182852   5.131466  1901
  8  27  -2.469297 -11.708717   5.101930  1901
  8  28  -1.448071 -12.086912   6.185197  1901
  8  29  -1.233752 -13.151017   6.119282  1901
  8  30  -1.895226 -11.977100   7.173020  1901
  8  31  -2.164471 -11.994339   4.090991  1901
  8  32  -3.437809 -12.156570   5.291444  1901
  8  33  -3.418117  -9.813673   4.434738  1901
  8  34  -3.110872 -10.022169   6.114271  1901
  8  35  -1.489456  -8.129243   4.653744  1901
  8  36  -1.279697  -7.226192   5.885774  1901
  8  37  -1.798566  -5.794193   5.703691  1901
  8  38  -0.791021  -4.938114   4.976657  1901
  8  39   0.277119  -4.629028   5.467011  1901
  8  40  -2.012955  -5.392742   6.704428  1901
  8  41  -2.718300  -5.890772   5.118912  1901
  8  42  -1.797394  -7.686252   6.727757  1901
  8  43  -0.225239  -7.296625   6.141224  1901
  8  44  -0.892790  -7.833772   3.789981  1901
  8  45  -2.493685  -8.016473   4.255869  1901
  8  46   1.009408 -12.814741   7.032816  1901
  8  47   3.411064  -7.848461   6.282938  1901
  8  48   4.394913  -7.388347   6.368587  1901
  8  49   3.023604  -8.172832   7.242083  1901
  8  50   2.765275  -7.119637   5.784568  1901
  8  51   3.703316  -8.747690   3.977190  1901
  8  52   2.778404  -8.483831   3.468946  1901
  8  53   4.505666  -8.013471   3.831056  1901
  8  54   4.010909  -9.631414   3.414319  1901
  8  55   5.852100 -11.600652   7.111078  1901
  8  56   5.784116 -12.573138   7.601945  1901
  8  57   0.000000   0.000000   0.000000  1901
  8  58  -0.222886  -0.499904  -0.946899  1901
  8  59  -0.586510  -0.889444   1.100816  1901
  8  60  -1.642420  -0.626260   1.187920  1901
  8  61  -0.090717  -0.600737   2.029923  1901
  8  62  -0.337785  -2.365422   0.741338  1901
  8  63   0.699886  -2.699975   0.682053  1901
  8  64  -0.634804  -2.469893  -0.303728  1901
  8  65  -1.138405  -3.352921   1.604792  1901
  8  66  -0.844218  -4.274050   1.106117  1901
  8  67  -2.224025  -3.244639   1.551817  1901
  8  68  -0.514104  -3.471650   3.007165  1901
  8  69  -0.628587  -2.515061   3.531310  1901
  8  70   0.538835  -3.719907   2.837790  1901
  8  71  -1.194370  -4.512205   3.766695  1901
  8  72  -2.139597  -4.754892   3.541642  1901
  8  73   1.447376  -0.000000   0.000000  1901
  8  74   1.917054  -0.476465   0.753516  1901
  8  75  -0.639225   1.386611   0.000000  1901
  8  76  -1.854596   1.475969  -0.182998  1901
  9  -1  -3.668544  -0.346234  -5.295962   337
  9   0  -3.819864  -0.366002  -3.900715   337
  9   1  -4.127889   0.873036  -3.335737   337
  9   2  -4.260015   2.046269  -4.073958   337
  9   3  -4.101654   2.012725  -5.466330   337
  9   4  -4.165164   2.903539  -6.079126   337
  9   5  -4.559341   3.228871  -3.463826   337
  9   6  -4.601314   3.337557  -2.006596   337
  9   7  -4.803441   4.348054  -1.625882   337
  9   8  -3.612487   3.110754  -1.607995   337
  9   9  -5.381523   2.675720  -1.620529   337
  9  10  -4.717978   4.521130  -4.121246   337
  9  11  -5.355702   5.154897  -3.502984   337
  9  12  -3.733845   4.961247  -4.283354   337
  9  13  -5.292193   4.430883  -5.049163   337
  9  14  -4.244000   0.900838  -2.257664   337
  9  15  -3.657361  -1.665562  -3.144647   337
  9  16  -3.371014  -2.889631  -3.970213   337
  9  17  -3.048906  -2.777859  -5.329866   337
  9  18  -3.263873  -1.523926  -6.073061   337
  9  19  -3.120286  -1.566590  -7.146214   337
  9  20  -2.668950  -3.900359  -6.066433   337
  9  21  -2.609723  -5.162348  -5.473840   337
  9  22  -2.936385  -5.250617  -4.119367   337
  9  23  -3.208788  -4.122696  -3.336938   337
  9  24  -3.351548  -4.197801  -2.258339   337
  9  25  -2.920371  -6.479081  -3.529692   337
  9  26  -2.352369  -7.657525  -4.164237   337
  9  27  -2.795422  -7.718427  -5.634406   337
  9  28  -2.338148  -6.404911  -6.293099   337
  9  29  -2.768084  -6.243266  -7.286087   337
  9  30  -1.255160  -6.458840  -6.467253   337
  9  31  -3.869437  -7.847035  -5.736651   337
  9  32  -2.334835  -8.584582  -6.128100   337
  9  33  -2.534894  -8.568451  -3.600053   337
  9  34  -1.266620  -7.529804  -4.211523   337
  9  35  -3.340921  -6.734378  -2.155513   337
  9  36  -2.124147  -6.474423  -1.254411   337
  9  37  -2.373080  -6.846571   0.210833   337
  9  38  -1.254195  -6.407684   1.121916   337
  9  39  -0.165407  -6.957813   1.123695   337
  9  40  -2.472900  -7.932871   0.311763   337
  9  41  -3.333326  -6.431107   0.527558   337
  9  42  -1.195653  -6.922706  -1.614894   337
  9  43  -1.888606  -5.409082  -1.241579   337
  9  44  -4.122922  -6.083919  -1.778717   337
  9  45  -3.670346  -7.779879  -2.092240   337
  9  46  -2.423333  -3.831394  -7.128232   337
  9  47  -2.569405  -1.418116  -2.090409   337
  9  48  -2.115858  -2.344161  -1.729667   337
  9  49  -2.920366  -0.899906  -1.186815   337
  9  50  -1.736591  -0.862451  -2.521870   337
  9  51  -4.963877  -1.891746  -2.365123   337
  9  52  -5.627699  -2.283517  -3.134445   337
  9  53  -4.942063  -2.691454  -1.630421   337
  9  54  -5.401407  -0.941021  -2.029279   337
  9  55  -3.788661   0.805159  -6.085941   337
  9  56  -3.648109   0.793345  -7.170886   337
  9  57   0.000000   0.000000   0.000000   337
  9  58  -0.322937  -0.524433  -0.898933   337
  9  59  -0.513192  -0.813299   1.201700   337
  9  60  -1.599216  -0.778749   1.232624   337
  9  61  -0.162778  -0.349271   2.130565   337
  9  62  -0.193433  -2.307751   1.263082   337
  9  63   0.885138  -2.394197   1.157653   337
  9  64  -0.655676  -2.774647   0.380961   337
  9  65  -0.753981  -2.958811   2.528314   337
  9  66  -1.783396  -2.720016   2.799196   337
  9  67  -0.241479  -2.578753   3.416232   337
  9  68  -0.370710  -4.442550   2.389318   337
  9  69  -0.197989  -4.765782   3.415908   337
  9  70   0.549497  -4.551689   1.798802   337
  9  71  -1.423600  -5.255520   1.788566   337
  9  72  -2.338009  -4.836833   1.635411   337
  9  73   1.448587  -0.000000   0.000000   337
  9  74   1.983728  -0.237355   0.827157   337
  9  75  -0.680663   1.365684   0.000000   337
  9  76  -1.892189   1.508732  -0.119334   337
 10  -1   2.991015  -8.157076  -7.700605  1351
 10   0   2.776759  -6.858139  -7.213820  1351
 10   1   3.664515  -5.867287  -7.632384  1351
 10   2   4.725558  -6.086578  -8.514538  1351
 10   3   4.818017  -7.372214  -9.069056  1351
 10   4   5.549368  -7.599005  -9.832267  1351
 10   5   5.555460  -5.074660  -8.904655  1351
 10   6   5.682241  -3.808099  -8.195962  1351
 10   7   5.045007  -3.070522  -8.691655  1351
 10   8   6.671038  -3.360854  -8.312405  1351
 10   9   5.362243  -3.877250  -7.146905  1351
 10  10   6.600726  -5.340045  -9.879689  1351
 10  11   7.199206  -6.220262  -9.596251  1351
 10  12   6.161968  -5.398076 -10.876697  1351
 10  13   7.368343  -4.568656  -9.821177  1351
 10  14   3.543545  -4.833854  -7.318240  1351
 10  15   1.735093  -6.505232  -6.183778  1351
 10  16   0.897993  -7.692800  -5.759109  1351
 10  17   1.044151  -8.985706  -6.272846  1351
 10  18   2.132047  -9.245717  -7.231948  1351
 10  19   2.339937 -10.273918  -7.541921  1351
 10  20   0.259095 -10.049842  -5.840749  1351
 10  21  -0.761809  -9.841823  -4.917829  1351
 10  22  -1.019249  -8.571539  -4.406260  1351
 10  23  -0.158898  -7.562651  -4.851728  1351
 10  24  -0.349350  -6.543715  -4.509974  1351
 10  25  -2.036278  -8.301437  -3.546031  1351
 10  26  -2.766528  -9.377308  -2.898860  1351
 10  27  -2.902447 -10.637265  -3.761088  1351
 10  28  -1.585897 -11.023753  -4.435720  1351
 10  29  -1.815104 -11.642624  -5.308455  1351
 10  30  -0.914889 -11.501866  -3.722451  1351
 10  31  -3.624387 -10.435979  -4.552278  1351
 10  32  -3.222172 -11.529881  -3.219687  1351
 10  33  -3.747570  -9.002036  -2.584656  1351
 10  34  -2.235587  -9.606422  -1.976356  1351
 10  35  -2.399743  -6.946248  -3.137181  1351
 10  36  -1.556551  -6.260303  -2.053199  1351
 10  37  -1.896762  -6.862006  -0.682610  1351
 10  38  -0.894126  -6.466478   0.367665  1351
 10  39   0.249135  -6.868039   0.350101  1351
 10  40  -1.818976  -7.950200  -0.699540  1351
 10  41  -2.916837  -6.654366  -0.351806  1351
 10  42  -0.495508  -6.357378  -2.273567  1351
 10  43  -1.669495  -5.177979  -2.015542  1351
 10  44  -2.319186  -6.316055  -4.023448  1351
 10  45  -3.459402  -6.904003  -2.876918  1351
 10  46   0.371206 -11.052864  -6.248152  1351
 10  47   2.471429  -6.007527  -4.938710  1351
 10  48   1.752810  -5.924089  -4.117294  1351
 10  49   2.898283  -5.004932  -5.069468  1351
 10  50   3.264235  -6.647270  -4.547062  1351
 10  51   0.770933  -5.458805  -6.775044  1351
 10  52   0.195429  -4.985783  -5.972084  1351
 10  53   1.264776  -4.656528  -7.331343  1351
 10  54   0.056467  -5.958142  -7.419013  1351
 10  55   4.021332  -8.422063  -8.604390  1351
 10  56   4.147562  -9.448239  -8.941332  1351
 10  57   0.000000   0.000000   0.000000  1351
 10  58  -0.184640  -0.419588  -0.996421  1351
 10  59  -0.491630  -0.937005   1.110505  1351
 10  60  -1.562085  -0.807884   1.295034  1351
 10  61   0.101592  -0.727425   2.007145  1351
 10  62  -0.166368  -2.413341   0.882387  1351
 10  63   0.848725  -2.578920   0.506791  1351
 10  64  -0.863121  -2.772351   0.124859  1351
 10  65  -0.409415  -3.219057   2.162212  1351
 10  66  -1.402361  -3.078765   2.587505  1351
 10  67   0.252458  -2.891951   2.967336  1351
 10  68  -0.164430  -4.723280   1.963721  1351
 10  69  -0.247752  -5.194563   2.948175  1351
 10  70   0.853707  -4.799095   1.555985  1351
 10  71  -1.110320  -5.311617   1.027477  1351
 10  72  -2.073647  -4.994781   0.949926  1351
 10  73   1.444991   0.000000  -0.000000  1351
 10  74   1.947691  -0.432596   0.759111  1351
 10  75  -0.713638   1.344330  -0.000000  1351
 10  76  -0.257163   2.343680   0.550572  1351
 11  -1   6.283097  -5.306454  -0.777524  1385
 11   0   5.215085  -5.500133   0.102213  1385
 11   1   5.489563  -5.898261   1.407416  1385
 11   2   6.803254  -6.171444   1.802113  1385
 11   3   7.851562  -6.050102   0.881392  1385
 11   4   8.855777  -6.322147   1.195946  1385
 11   5   7.053344  -6.644249   3.053197  1385
 11   6   6.029837  -6.831250   4.068119  1385
 11   7   5.324213  -6.008110   4.020842  1385
 11   8   6.484683  -6.950972   5.053858  1385
 11   9   5.423561  -7.723391   3.872381  1385
 11  10   8.311644  -7.288433   3.411958  1385
 11  11   8.594803  -7.990745   2.629220  1385
 11  12   9.127361  -6.564243   3.471585  1385
 11  13   8.256251  -7.775617   4.386322  1385
 11  14   4.668470  -6.023309   2.110745  1385
 11  15   3.790609  -5.295665  -0.347301  1385
 11  16   3.681342  -4.851727  -1.795708  1385
 11  17   4.750319  -4.626202  -2.666241  1385
 11  18   6.113890  -4.835681  -2.171275  1385
 11  19   6.992579  -4.635417  -2.771527  1385
 11  20   4.643119  -4.117277  -3.959494  1385
 11  21   3.346926  -3.812619  -4.388876  1385
 11  22   2.227380  -4.094290  -3.612101  1385
 11  23   2.408161  -4.576063  -2.311865  1385
 11  24   1.557306  -4.770566  -1.669281  1385
 11  25   0.952821  -3.896875  -4.052925  1385
 11  26   0.757021  -3.422851  -5.422548  1385
 11  27   1.912392  -3.814322  -6.350970  1385
 11  28   3.187641  -3.196105  -5.766460  1385
 11  29   3.013611  -2.126735  -5.613292  1385
 11  30   4.040838  -3.290388  -6.442157  1385
 11  31   1.701436  -3.485235  -7.369645  1385
 11  32   1.904126  -4.914573  -6.410787  1385
 11  33   0.546753  -2.357491  -5.545007  1385
 11  34  -0.224734  -3.813111  -5.718443  1385
 11  35  -0.252430  -3.905749  -3.233297  1385
 11  36  -0.879100  -5.292675  -3.409721  1385
 11  37  -2.180942  -5.480737  -2.622676  1385
 11  38  -1.891032  -5.737054  -1.157939  1385
 11  39  -1.315620  -6.704369  -0.695983  1385
 11  40  -2.634961  -6.388616  -3.029766  1385
 11  41  -2.722871  -4.541421  -2.741418  1385
 11  42  -0.960809  -5.380341  -4.499187  1385
 11  43  -0.148536  -5.999153  -3.019125  1385
 11  44  -0.054840  -3.669502  -2.181182  1385
 11  45  -0.960948  -3.141327  -3.565957  1385
 11  46   5.540546  -3.876527  -4.527968  1385
 11  47   2.883123  -6.506635  -0.081931  1385
 11  48   3.177581  -7.389547  -0.653824  1385
 11  49   1.819658  -6.339802  -0.265260  1385
 11  50   2.922945  -6.830637   0.958808  1385
 11  51   3.278719  -4.083570   0.433783  1385
 11  52   2.222970  -3.874100   0.232492  1385
 11  53   3.270726  -4.344043   1.487865  1385
 11  54   3.850548  -3.164155   0.256333  1385
 11  55   7.593206  -5.636502  -0.424704  1385
 11  56   8.376406  -5.545461  -1.169358  1385
 11  57   0.000000   0.000000   0.000000  1385
 11  58  -0.339790  -0.342171  -0.974916  1385
 11  59  -0.612202  -0.875475   1.105103  1385
 11  60  -1.668778  -0.640024   1.226805  1385
 11  61  -0.162042  -0.629775   2.065460  1385
 11  62  -0.460770  -2.387122   0.833270  1385
 11  63   0.587400  -2.663355   0.973037  1385
 11  64  -0.608068  -2.451020  -0.244654  1385
 11  65  -1.419377  -3.289034   1.609884  1385
 11  66  -2.406506  -2.825469   1.673786  1385
 11  67  -1.130983  -3.432452   2.651594  1385
 11  68  -1.520377  -4.704067   1.030247  1385
 11  69  -2.202301  -5.193495   1.741261  1385
 11  70  -0.565077  -5.220119   1.162131  1385
 11  71  -2.068368  -4.702254  -0.319939  1385
 11  72  -2.581913  -3.915935  -0.672748  1385
 11  73   1.451482  -0.000000   0.000000  1385
 11  74   1.900402   0.298935   0.852356  1385
 11  75  -0.627910   1.384857  -0.000000  1385
 11  76  -1.242868   1.829641   0.969791  1385
 12  -1   4.838525  -7.917467   8.297538   553
 12   0   4.520398  -7.028444   7.273312   553
 12   1   5.240356  -5.842250   7.273232   553
 12   2   6.243699  -5.549538   8.195038   553
 12   3   6.559891  -6.464872   9.192730   553
 12   4   7.407555  -6.293676   9.861952   553
 12   5   6.936374  -4.372338   8.081491   553
 12   6   6.667287  -3.460395   6.981966   553
 12   7   5.718578  -2.931609   7.137315   553
 12   8   6.552291  -4.044429   6.073242   553
 12   9   7.474823  -2.736655   6.842372   553
 12  10   7.946485  -3.846255   8.993746   553
 12  11   8.064589  -2.765688   8.938755   553
 12  12   7.646939  -3.952019  10.040067   553
 12  13   8.896232  -4.368421   8.854371   553
 12  14   5.064650  -5.115355   6.482313   553
 12  15   3.418773  -7.342014   6.285135   553
 12  16   2.688249  -8.653551   6.481883   553
 12  17   2.986759  -9.544406   7.520664   553
 12  18   4.068493  -9.169871   8.434762   553
 12  19   4.383993  -9.909875   9.171957   553
 12  20   2.303614 -10.749559   7.732843   553
 12  21   1.315191 -11.051325   6.788777   553
 12  22   0.963222 -10.183744   5.750596   553
 12  23   1.673164  -8.991820   5.579731   553
 12  24   1.413196  -8.215296   4.873880   553
 12  25  -0.052828 -10.467219   4.888398   553
 12  26  -0.913960 -11.619645   5.121564   553
 12  27  -0.217554 -12.788363   5.830238   553
 12  28   0.534385 -12.304852   7.089964   553
 12  29   1.194117 -13.148439   7.309304   553
 12  30  -0.193863 -12.111654   7.871073   553
 12  31   0.449568 -13.294567   5.126529   553
 12  32  -0.908707 -13.591581   6.089160   553
 12  33  -1.297977 -12.088794   4.201437   553
 12  34  -1.766045 -11.305774   5.716660   553
 12  35  -0.311348  -9.811746   3.612772   553
 12  36  -1.170134  -8.586976   3.949561   553
 12  37  -1.806522  -7.926148   2.715010   553
 12  38  -0.732523  -7.132762   2.015820   553
 12  39   0.125986  -7.593689   1.287183   553
 12  40  -2.670209  -7.278333   2.896887   553
 12  41  -2.253592  -8.635371   2.030013   553
 12  42  -2.024154  -9.026364   4.481435   553
 12  43  -0.674714  -7.752831   4.454398   553
 12  44   0.630664  -9.429635   3.199120   553
 12  45  -0.874871 -10.367008   2.858962   553
 12  46   2.531812 -11.398378   8.563119   553
 12  47   2.369225  -6.252607   6.540153   553
 12  48   1.579784  -6.464119   5.827518   553
 12  49   2.730998  -5.232943   6.331813   553
 12  50   1.917041  -6.249627   7.538762   553
 12  51   3.971383  -7.165372   4.867418   553
 12  52   3.235332  -7.415026   4.098259   553
 12  53   4.109447  -6.110255   4.602537   553
 12  54   4.894746  -7.713508   4.702953   553
 12  55   5.838481  -7.655159   9.238429   553
 12  56   6.053489  -8.452868   9.949718   553
 12  57   0.000000   0.000000   0.000000   553
 12  58  -0.260106  -0.381736  -0.989455   553
 12  59  -0.535203  -0.964504   1.067048   553
 12  60  -1.623772  -0.928407   0.978681   553
 12  61  -0.279171  -0.547840   2.048544   553
 12  62   0.010916  -2.397648   0.955909   553
 12  63   1.087539  -2.417662   0.769141   553
 12  64  -0.304998  -2.826442   0.002109   553
 12  65  -0.355280  -3.339957   2.109233   553
 12  66  -1.407800  -3.219668   2.334253   553
 12  67   0.145734  -3.040375   3.041988   553
 12  68   0.053117  -4.772654   1.743863   553
 12  69   1.144797  -4.788883   1.880143   553
 12  70  -0.138890  -4.904799   0.671543   553
 12  71  -0.582026  -5.873034   2.466747   553
 12  72  -1.280162  -5.478177   3.087146   553
 12  73   1.447860   0.000000  -0.000000   553
 12  74   1.860886  -0.542658   0.749222   553
 12  75  -0.697027   1.347275  -0.000000   553
 12  76  -1.847417   1.491600  -0.398473   553
 13  -1  -8.585924  -9.283198  -2.548087   154
 13   0  -7.395796  -8.593193  -2.768058   154
 13   1  -7.039708  -8.387180  -4.100782   154
 13   2  -7.735637  -8.898038  -5.187019   154
 13   3  -8.912822  -9.607676  -4.918606   154
 13   4  -9.573777  -9.997723  -5.676234   154
 13   5  -7.229594  -8.794765  -6.450766   154
 13   6  -6.008895  -8.054745  -6.745328   154
 13   7  -6.177989  -6.990956  -6.551784   154
 13   8  -5.620034  -8.269087  -7.743198   154
 13   9  -5.190000  -8.441664  -6.134260   154
 13  10  -7.896472  -9.256959  -7.665409   154
 13  11  -7.586098  -8.592652  -8.484349   154
 13  12  -7.522894 -10.232217  -7.993298   154
 13  13  -8.979333  -9.355231  -7.612011   154
 13  14  -6.163256  -7.768234  -4.263678   154
 13  15  -6.581995  -8.034584  -1.617586   154
 13  16  -7.025247  -8.409322  -0.220551   154
 13  17  -8.187837  -9.154058  -0.025995   154
 13  18  -8.997093  -9.606563  -1.171832   154
 13  19  -9.872305 -10.213260  -0.923799   154
 13  20  -8.586888  -9.387286   1.303050   154
 13  21  -7.816877  -8.947987   2.379710   154
 13  22  -6.695872  -8.135208   2.221780   154
 13  23  -6.327803  -7.922065   0.886676   154
 13  24  -5.481508  -7.256069   0.755037   154
 13  25  -6.025416  -7.615011   3.291772   154
 13  26  -6.452558  -7.796674   4.676058   154
 13  27  -7.066004  -9.194146   4.754516   154
 13  28  -8.261366  -9.260101   3.790070   154
 13  29  -9.110969  -8.634087   4.078827   154
 13  30  -8.683550 -10.261784   3.789999   154
 13  31  -7.401299  -9.444440   5.764431   154
 13  32  -6.410419 -10.002739   4.412634   154
 13  33  -7.158952  -7.038342   5.031787   154
 13  34  -5.589047  -7.820239   5.339908   154
 13  35  -4.681339  -7.051806   3.299229   154
 13  36  -3.657686  -8.189061   3.237719   154
 13  37  -2.226307  -7.730158   3.540807   154
 13  38  -1.694241  -6.802871   2.482298   154
 13  39  -1.662431  -7.185379   1.325890   154
 13  40  -1.515370  -8.561509   3.536147   154
 13  41  -2.152776  -7.283024   4.538385   154
 13  42  -3.940793  -9.046942   3.865642   154
 13  43  -3.674209  -8.622288   2.232608   154
 13  44  -4.409798  -6.505500   2.393296   154
 13  45  -4.482364  -6.445892   4.185215   154
 13  46  -9.531914  -9.880297   1.498155   154
 13  47  -5.131753  -8.498661  -1.800961   154
 13  48  -4.766163  -8.112590  -2.755683   154
 13  49  -5.039082  -9.586559  -1.820787   154
 13  50  -4.514311  -8.290945  -0.926022   154
 13  51  -6.550188  -6.509368  -1.720052   154
 13  52  -6.174133  -6.042652  -2.632497   154
 13  53  -7.504578  -6.044641  -1.433577   154
 13  54  -5.815152  -6.190875  -0.971996   154
 13  55  -9.375764  -9.752677  -3.604847   154
 13  56 -10.306746 -10.283950  -3.453775   154
 13  57   0.000000   0.000000   0.000000   154
 13  58  -0.332680  -0.404003  -0.954205   154
 13  59  -0.658475  -0.857439   1.093760   154
 13  60  -1.731423  -0.876017   0.931166   154
 13  61  -0.452064  -0.477492   2.096722   154
 13  62  -0.265206  -2.341379   1.064290   154
 13  63   0.812562  -2.479370   1.160075   154
 13  64  -0.560845  -2.692704   0.076129   154
 13  65  -0.847258  -3.276751   2.141138   154
 13  66  -1.925853  -3.131028   2.106506   154
 13  67  -0.446829  -2.990953   3.124283   154
 13  68  -0.403040  -4.727241   1.921708   154
 13  69   0.671010  -4.652425   2.090287   154
 13  70  -0.587833  -4.909644   0.862990   154
 13  71  -0.978759  -5.715786   2.828751   154
 13  72  -1.043751  -5.388762   3.777504   154
 13  73   1.452447  -0.000000   0.000000   154
 13  74   2.051298  -0.513408   0.637171   154
 13  75  -0.590315   1.398474   0.000000   154
 13  76  -1.328243   1.840734  -0.878618   154
 14  -1   4.460211  -4.801487  -3.388249  1201
 14   0   4.143257  -5.045927  -2.048327  1201
 14   1   5.176511  -5.184500  -1.113778  1201
 14   2   6.529076  -5.094118  -1.445293  1201
 14   3   6.821799  -4.908075  -2.795332  1201
 14   4   7.860591  -4.952267  -3.120687  1201
 14   5   7.550212  -5.331071  -0.566186  1201
 14   6   7.382389  -5.607311   0.857095  1201
 14   7   6.381259  -6.045434   0.940675  1201
 14   8   7.468516  -4.651309   1.389203  1201
 14   9   8.128803  -6.322500   1.191114  1201
 14  10   8.923063  -4.970542  -0.894521  1201
 14  11   8.923896  -4.091198  -1.544252  1201
 14  12   9.371495  -4.702039   0.069542  1201
 14  13   9.488845  -5.822278  -1.267130  1201
 14  14   4.918196  -5.379768  -0.079541  1201
 14  15   2.705395  -5.116758  -1.575951  1201
 14  16   1.690767  -4.891454  -2.670284  1201
 14  17   2.020253  -4.667969  -4.008226  1201
 14  18   3.429797  -4.618588  -4.427330  1201
 14  19   3.692265  -4.464615  -5.470357  1201
 14  20   1.104004  -4.580125  -5.058689  1201
 14  21  -0.244682  -4.632250  -4.700322  1201
 14  22  -0.652681  -4.789022  -3.371614  1201
 14  23   0.321241  -4.978395  -2.397081  1201
 14  24  -0.039265  -5.078809  -1.378966  1201
 14  25  -1.984198  -4.812505  -3.071425  1201
 14  26  -2.966358  -4.928913  -4.149067  1201
 14  27  -2.619768  -4.042758  -5.349986  1201
 14  28  -1.239373  -4.513124  -5.832441  1201
 14  29  -0.961951  -3.939706  -6.723019  1201
 14  30  -1.336094  -5.482687  -6.339976  1201
 14  31  -2.653969  -2.973691  -5.132896  1201
 14  32  -3.370686  -4.216064  -6.119264  1201
 14  33  -3.945608  -4.632394  -3.752403  1201
 14  34  -2.977989  -5.995240  -4.400680  1201
 14  35  -2.489609  -4.833531  -1.709803  1201
 14  36  -2.687553  -6.274509  -1.210796  1201
 14  37  -3.133839  -6.384104   0.253587  1201
 14  38  -1.947296  -6.166619   1.157702  1201
 14  39  -1.036312  -6.956741   1.273085  1201
 14  40  -3.403923  -7.408370   0.467201  1201
 14  41  -3.923108  -5.689730   0.577314  1201
 14  42  -3.471634  -6.689311  -1.850918  1201
 14  43  -1.790345  -6.886191  -1.291806  1201
 14  44  -1.807303  -4.304843  -1.038499  1201
 14  45  -3.416933  -4.248565  -1.619896  1201
 14  46   1.435429  -4.436285  -6.089788  1201
 14  47   2.457050  -6.470571  -0.895940  1201
 14  48   2.801283  -7.330685  -1.470405  1201
 14  49   1.441381  -6.648353  -0.540680  1201
 14  50   3.116646  -6.451904  -0.023481  1201
 14  51   2.543251  -3.985796  -0.549726  1201
 14  52   2.643020  -3.019008  -1.051590  1201
 14  53   1.524743  -3.993329  -0.142435  1201
 14  54   3.158122  -4.005887   0.347174  1201
 14  55   5.810282  -4.763130  -3.749548  1201
 14  56   6.046303  -4.553488  -4.793600  1201
 14  57   0.000000   0.000000   0.000000  1201
 14  58  -0.386952  -0.510926  -0.888215  1201
 14  59  -0.526944  -0.808498   1.194513  1201
 14  60  -1.604996  -0.670279   1.298470  1201
 14  61  -0.154395  -0.461032   2.161299  1201
 14  62  -0.191301  -2.302608   1.137320  1201
 14  63   0.878304  -2.349531   0.941745  1201
 14  64  -0.710349  -2.682236   0.252407  1201
 14  65  -0.477583  -3.001315   2.475808  1201
 14  66  -1.381368  -2.557130   2.896965  1201
 14  67   0.350876  -2.678422   3.125035  1201
 14  68  -0.565168  -4.520777   2.303576  1201
 14  69  -0.474886  -4.969745   3.295179  1201
 14  70   0.241206  -4.891373   1.661296  1201
 14  71  -1.854314  -4.998357   1.822101  1201
 14  72  -2.498470  -4.275083   1.532551  1201
 14  73   1.444369   0.000000  -0.000000  1201
 14  74   1.894256   0.219309   0.888709  1201
 14  75  -0.711659   1.344970   0.000000  1201
 14  76  -1.935100   1.423578  -0.162520  1201
 15  -1   7.446236  -1.622462   2.831704  2140
 15   0   6.351349  -2.193847   3.493242  2140
 15   1   6.264159  -2.082975   4.880001  2140
 15   2   7.200298  -1.389856   5.651708  2140
 15   3   8.288381  -0.844767   4.966463  2140
 15   4   9.070375  -0.251591   5.420913  2140
 15   5   7.110842  -1.223318   7.006906  2140
 15   6   6.032673  -1.682169   7.859376  2140
 15   7   5.611052  -2.562139   7.370614  2140
 15   8   5.282609  -0.948895   8.176882  2140
 15   9   6.449203  -2.143063   8.765455  2140
 15  10   8.159081  -0.491552   7.711970  2140
 15  11   8.008105  -0.389684   8.789622  2140
 15  12   9.143250  -0.934229   7.532120  2140
 15  13   8.111462   0.479292   7.222492  2140
 15  14   5.374194  -2.492915   5.333113  2140
 15  15   5.260171  -2.879361   2.711251  2140
 15  16   5.412521  -2.888147   1.205193  2140
 15  17   6.526614  -2.396077   0.516448  2140
 15  18   7.536040  -1.741568   1.360531  2140
 15  19   8.383890  -1.296831   0.838751  2140
 15  20   6.639949  -2.406771  -0.879273  2140
 15  21   5.637269  -2.999729  -1.662808  2140
 15  22   4.512650  -3.514867  -1.017161  2140
 15  23   4.424429  -3.413837   0.368160  2140
 15  24   3.529442  -3.816432   0.844094  2140
 15  25   3.503015  -4.063612  -1.750728  2140
 15  26   3.490836  -3.950952  -3.205018  2140
 15  27   4.387683  -2.843028  -3.780492  2140
 15  28   5.798083  -2.908487  -3.164143  2140
 15  29   6.231749  -1.947069  -3.448254  2140
 15  30   6.424906  -3.767366  -3.437681  2140
 15  31   4.040863  -1.827669  -3.596475  2140
 15  32   4.440739  -2.862222  -4.866867  2140
 15  33   2.452232  -3.687672  -3.426356  2140
 15  34   3.727003  -4.916713  -3.648445  2140
 15  35   2.328439  -4.676734  -1.163407  2140
 15  36   2.566325  -6.128448  -0.718274  2140
 15  37   1.338210  -6.749356  -0.039450  2140
 15  38   1.171820  -6.128815   1.323579  2140
 15  39   2.088691  -5.961840   2.093881  2140
 15  40   1.503156  -7.825089   0.110867  2140
 15  41   0.433245  -6.678509  -0.638295  2140
 15  42   2.673467  -6.717228  -1.631322  2140
 15  43   3.499435  -6.267888  -0.156885  2140
 15  44   1.937510  -4.043075  -0.353562  2140
 15  45   1.569286  -4.767740  -1.940974  2140
 15  46   7.509752  -1.962613  -1.343456  2140
 15  47   5.347839  -4.352109   3.130091  2140
 15  48   6.251840  -4.874281   2.787288  2140
 15  49   4.562264  -4.982148   2.721776  2140
 15  50   5.373644  -4.503434   4.214221  2140
 15  51   3.902273  -2.348894   3.183719  2140
 15  52   3.106308  -2.492634   2.445693  2140
 15  53   3.590479  -2.799943   4.127876  2140
 15  54   3.918034  -1.254155   3.259863  2140
 15  55   8.397381  -0.916123   3.571785  2140
 15  56   9.203670  -0.434088   3.033230  2140
 15  57   0.000000   0.000000   0.000000  2140
 15  58  -0.274291  -0.541414  -0.893946  2140
 15  59  -0.487337  -0.843241   1.180742  2140
 15  60  -1.570943  -0.879141   1.299942  2140
 15  61  -0.094136  -0.333531   2.067244  2140
 15  62   0.097507  -2.256875   1.256183  2140
 15  63   1.143542  -2.206255   1.549015  2140
 15  64   0.078307  -2.807497   0.311808  2140
 15  65  -0.744358  -3.086254   2.249259  2140
 15  66  -1.791630  -3.168014   1.961797  2140
 15  67  -0.768580  -2.496721   3.167173  2140
 15  68  -0.123317  -4.450210   2.583976  2140
 15  69  -0.805119  -4.938372   3.283361  2140
 15  70   0.809243  -4.175150   3.090702  2140
 15  71   0.099017  -5.321596   1.436696  2140
 15  72  -0.456445  -5.251876   0.595268  2140
 15  73   1.453205  -0.000000   0.000000  2140
 15  74   1.956023  -0.474995   0.732430  2140
 15  75  -0.706920   1.354424  -0.000000  2140
 15  76  -1.707192   1.499716  -0.691987  2140
 16  -1   8.342633  -1.849919   1.010576  1465
 16   0   7.373631  -2.056943   2.000562  1465
 16   1   7.605431  -1.479662   3.252726  1465
 16   2   8.778893  -0.781157   3.544747  1465
 16   3   9.734884  -0.660539   2.535671  1465
 16   4  10.696550  -0.162572   2.643500  1465
 16   5   8.931580  -0.246574   4.792669  1465
 16   6   7.807190  -0.194980   5.723736  1465
 16   7   8.022585   0.566499   6.488558  1465
 16   8   7.934477  -1.136991   6.254976  1465
 16   9   6.789046  -0.117744   5.334744  1465
 16  10  10.191216   0.340274   5.238008  1465
 16  11  10.634809   1.113401   4.600125  1465
 16  12  10.126917   0.753101   6.242020  1465
 16  13  10.877892  -0.496914   5.102023  1465
 16  14   6.880755  -1.689069   4.024084  1465
 16  15   6.044575  -2.735895   1.726094  1465
 16  16   5.845237  -3.107805   0.276526  1465
 16  17   6.849124  -2.864039  -0.673048  1465
 16  18   8.133745  -2.186590  -0.403397  1465
 16  19   8.875308  -2.057025  -1.181082  1465
 16  20   6.645424  -3.174995  -2.018377  1465
 16  21   5.430295  -3.680652  -2.484393  1465
 16  22   4.426753  -3.978500  -1.562657  1465
 16  23   4.647964  -3.621737  -0.227074  1465
 16  24   3.864455  -3.877209   0.478583  1465
 16  25   3.224289  -4.448168  -1.990667  1465
 16  26   3.023983  -4.787146  -3.400054  1465
 16  27   3.769077  -3.864701  -4.374546  1465
 16  28   5.227427  -4.044893  -3.945308  1465
 16  29   5.800591  -3.289656  -4.485766  1465
 16  30   5.629770  -5.036948  -4.150367  1465
 16  31   3.462179  -2.816732  -4.320028  1465
 16  32   3.516097  -4.151518  -5.397403  1465
 16  33   1.958840  -4.596718  -3.556928  1465
 16  34   3.206017  -5.827763  -3.675151  1465
 16  35   2.051519  -4.799498  -1.193437  1465
 16  36   2.288026  -6.219201  -0.648821  1465
 16  37   1.233613  -6.725588   0.350521  1465
 16  38   1.392183  -5.959949   1.638174  1465
 16  39   2.380981  -5.857831   2.324942  1465
 16  40   1.350863  -7.808572   0.437097  1465
 16  41   0.210345  -6.628902   0.002704  1465
 16  42   2.230717  -6.915637  -1.480563  1465
 16  43   3.316623  -6.339794  -0.301194  1465
 16  44   1.945691  -4.034446  -0.414402  1465
 16  45   1.096151  -4.832739  -1.711864  1465
 16  46   7.417720  -3.022170  -2.754655  1465
 16  47   5.996679  -4.041193   2.533438  1465
 16  48   6.762191  -4.771890   2.259810  1465
 16  49   4.979018  -4.414747   2.571165  1465
 16  50   6.089287  -3.769454   3.587185  1465
 16  51   4.954169  -1.769854   2.224572  1465
 16  52   5.132880  -0.752710   1.878050  1465
 16  53   3.971254  -2.162483   1.947770  1465
 16  54   4.994522  -1.664809   3.314131  1465
 16  55   9.562677  -1.220233   1.268040  1465
 16  56  10.305142  -1.098786   0.484587  1465
 16  57   0.000000   0.000000   0.000000  1465
 16  58  -0.336312  -0.561707  -0.874232  1465
 16  59  -0.463251  -0.782194   1.237160  1465
 16  60  -1.556633  -0.912970   1.233358  1465
 16  61  -0.147772  -0.263085   2.150779  1465
 16  62   0.133793  -2.185455   1.398707  1465
 16  63   1.219008  -2.061288   1.479900  1465
 16  64  -0.111573  -2.789668   0.529154  1465
 16  65  -0.382271  -2.866805   2.676379  1465
 16  66  -1.440629  -3.114964   2.635237  1465
 16  67  -0.232905  -2.225449   3.548017  1465
 16  68   0.447336  -4.106616   3.008219  1465
 16  69  -0.017925  -4.660053   3.818924  1465
 16  70   1.494551  -3.811436   3.137478  1465
 16  71   0.419304  -5.062097   1.904193  1465
 16  72  -0.363928  -5.001632   1.263341  1465
 16  73   1.444783   0.000000   0.000000  1465
 16  74   1.973099   0.173922   0.843288  1465
 16  75  -0.618432   1.384681  -0.000000  1465
 16  76  -1.824286   1.570978   0.104435  1465
 17  -1   4.442636  -2.995874  -3.049905  3205
 17   0   3.201350  -2.546315  -3.527924  3205
 17   1   3.151941  -1.289029  -4.133640  3205
 17   2   4.215616  -0.389417  -4.150788  3205
 17   3   5.413274  -0.820442  -3.581375  3205
 17   4   6.276904  -0.165030  -3.468336  3205
 17   5   4.036420   0.810322  -4.775059  3205
 17   6   2.855761   1.182757  -5.561908  3205
 17   7   2.853283   0.640821  -6.504669  3205
 17   8   2.993941   2.236288  -5.780721  3205
 17   9   1.993232   0.982059  -4.926327  3205
 17  10   5.155768   1.740628  -4.877989  3205
 17  11   5.774347   1.571251  -5.753016  3205
 17  12   4.783685   2.764782  -4.955851  3205
 17  13   5.689911   1.761294  -3.924751  3205
 17  14   2.174972  -1.059540  -4.549173  3205
 17  15   1.987244  -3.443964  -3.472474  3205
 17  16   2.203049  -4.851759  -2.954845  3205
 17  17   3.469110  -5.272549  -2.550708  3205
 17  18   4.629332  -4.361835  -2.533867  3205
 17  19   5.612632  -4.667883  -2.173094  3205
 17  20   3.621534  -6.553817  -2.009120  3205
 17  21   2.585729  -7.482299  -1.941082  3205
 17  22   1.333502  -7.080445  -2.404802  3205
 17  23   1.143709  -5.766015  -2.836372  3205
 17  24   0.138526  -5.443456  -3.116842  3205
 17  25   0.278360  -7.941646  -2.350887  3205
 17  26   0.427069  -9.354656  -1.999904  3205
 17  27   1.874801  -9.842436  -2.092866  3205
 17  28   2.802016  -8.854109  -1.365967  3205
 17  29   3.854957  -9.109675  -1.454862  3205
 17  30   2.610504  -8.771839  -0.286914  3205
 17  31   2.174422  -9.788439  -3.138099  3205
 17  32   1.962678 -10.854304  -1.708941  3205
 17  33  -0.042456 -10.012963  -2.737182  3205
 17  34  -0.076040  -9.645686  -1.075953  3205
 17  35  -1.107991  -7.691865  -2.725245  3205
 17  36  -1.844175  -6.708628  -1.805532  3205
 17  37  -2.170771  -7.180667  -0.385316  3205
 17  38  -1.137719  -6.689927   0.594775  3205
 17  39  -0.129922  -7.329958   0.839120  3205
 17  40  -2.345218  -8.258224  -0.323370  3205
 17  41  -3.133977  -6.705542  -0.187600  3205
 17  42  -1.371003  -5.726476  -1.796341  3205
 17  43  -2.819973  -6.456877  -2.222832  3205
 17  44  -1.057342  -7.363999  -3.767617  3205
 17  45  -1.663261  -8.626595  -2.813879  3205
 17  46   4.619217  -6.822079  -1.672122  3205
 17  47   0.968849  -2.790161  -2.532042  3205
 17  48   0.616171  -1.815301  -2.878405  3205
 17  49   1.349740  -2.680155  -1.516896  3205
 17  50   0.055535  -3.376704  -2.376402  3205
 17  51   1.445946  -3.645165  -4.893640  3205
 17  52   2.206283  -4.005559  -5.591137  3205
 17  53   0.577773  -4.292184  -5.017115  3205
 17  54   1.102625  -2.716072  -5.357553  3205
 17  55   5.525787  -2.122069  -3.096289  3205
 17  56   6.453965  -2.458050  -2.639779  3205
 17  57   0.000000   0.000000   0.000000  3205
 17  58  -0.365890  -0.383737  -0.944813  3205
 17  59  -0.563597  -0.897175   1.114288  3205
 17  60  -1.642685  -0.757600   1.082924  3205
 17  61  -0.224062  -0.523757   2.081436  3205
 17  62  -0.245669  -2.385691   0.909244  3205
 17  63   0.818005  -2.490631   0.687698  3205
 17  64  -0.708245  -2.766042  -0.000348  3205
 17  65  -0.742516  -3.160242   2.141038  3205
 17  66  -1.774055  -2.898460   2.378941  3205
 17  67  -0.130887  -2.978246   3.027428  3205
 17  68  -0.588850  -4.683822   2.008026  3205
 17  69  -0.843534  -5.081596   2.996718  3205
 17  70   0.460648  -4.985432   1.902755  3205
 17  71  -1.358616  -5.431379   1.022979  3205
 17  72  -2.132925  -4.939395   0.596248  3205
 17  73   1.453169   0.000000   0.000000  3205
 17  74   1.938659  -0.380118   0.795745  3205
 17  75  -0.639431   1.381314  -0.000000  3205
 17  76  -1.834130   1.604053  -0.192044  3205
 18  -1   7.638811  -4.425863   0.234258  2411
 18   0   6.597854  -4.919202   1.021610  2411
 18   1   6.926164  -5.467794   2.261230  2411
 18   2   8.248347  -5.560643   2.691825  2411
 18   3   9.274595  -5.085405   1.866317  2411
 18   4  10.305449  -5.177741   2.204570  2411
 18   5   8.599276  -6.162147   3.858721  2411
 18   6   7.645069  -6.687573   4.827027  2411
 18   7   7.005974  -5.851776   5.111982  2411
 18   8   8.231368  -7.021772   5.692512  2411
 18   9   6.998276  -7.517810   4.516278  2411
 18  10   9.984358  -6.226173   4.319536  2411
 18  11  10.429736  -7.103566   3.835472  2411
 18  12  10.533741  -5.336745   4.005541  2411
 18  13   9.987243  -6.252175   5.410507  2411
 18  14   6.148074  -5.832636   2.928214  2411
 18  15   5.143136  -4.752711   0.654349  2411
 18  16   4.855039  -4.198451  -0.724019  2411
 18  17   5.898816  -3.829484  -1.574014  2411
 18  18   7.290701  -3.871024  -1.079314  2411
 18  19   8.064325  -3.552462  -1.785523  2411
 18  20   5.673824  -3.417969  -2.888029  2411
 18  21   4.343186  -3.307300  -3.308095  2411
 18  22   3.261325  -3.600786  -2.473983  2411
 18  23   3.541519  -4.072955  -1.183925  2411
 18  24   2.743220  -4.388158  -0.522214  2411
 18  25   2.013936  -3.614231  -3.034998  2411
 18  26   1.757528  -3.134702  -4.384887  2411
 18  27   2.891838  -3.556345  -5.324545  2411
 18  28   4.154076  -2.906441  -4.746201  2411
 18  29   4.101969  -1.811147  -4.742509  2411
 18  30   5.053771  -3.125363  -5.324669  2411
 18  31   2.687607  -3.296687  -6.364867  2411
 18  32   2.850731  -4.650397  -5.224752  2411
 18  33   1.803859  -2.035042  -4.395008  2411
 18  34   0.859689  -3.582955  -4.821988  2411
 18  35   0.823531  -4.131533  -2.393560  2411
 18  36   0.802498  -5.660463  -2.519774  2411
 18  37  -0.349412  -6.307715  -1.731944  2411
 18  38  -0.117614  -6.119419  -0.259562  2411
 18  39   0.714784  -6.759140   0.351970  2411
 18  40  -0.436713  -7.350213  -2.031912  2411
 18  41  -1.233431  -5.716832  -2.017366  2411
 18  42   0.790744  -5.861910  -3.593775  2411
 18  43   1.775609  -6.007483  -2.195688  2411
 18  44   0.869313  -3.806573  -1.349338  2411
 18  45  -0.027976  -3.624457  -2.871903  2411
 18  46   6.481817  -3.117506  -3.536002  2411
 18  47   4.440045  -6.105988   0.870249  2411
 18  48   4.401206  -6.344974   1.936823  2411
 18  49   5.051026  -6.798976   0.292523  2411
 18  50   3.436551  -6.171332   0.459971  2411
 18  51   4.628741  -3.721311   1.658045  2411
 18  52   5.037136  -2.740417   1.417914  2411
 18  53   3.553342  -3.650966   1.473194  2411
 18  54   4.801145  -4.013895   2.700049  2411
 18  55   8.983335  -4.564903   0.599531  2411
 18  56   9.745614  -4.191292  -0.076002  2411
 18  57   0.000000   0.000000   0.000000  2411
 18  58  -0.368869  -0.425644  -0.924317  2411
 18  59  -0.599428  -0.876923   1.097857  2411
 18  60  -1.673865  -0.741234   1.259025  2411
 18  61  -0.174192  -0.451664   2.011109  2411
 18  62  -0.111911  -2.339615   1.011477  2411
 18  63   0.849240  -2.350004   1.515940  2411
 18  64  -0.037875  -2.649577  -0.028399  2411
 18  65  -1.111486  -3.211086   1.778799  2411
 18  66  -2.084322  -3.081740   1.301032  2411
 18  67  -1.235084  -2.800544   2.779588  2411
 18  68  -0.709345  -4.686358   1.673646  2411
 18  69  -1.397657  -5.223813   2.325003  2411
 18  70   0.345501  -4.865195   1.902160  2411
 18  71  -0.855971  -5.134580   0.291728  2411
 18  72  -1.537410  -4.685487  -0.303299  2411
 18  73   1.454717  -0.000000   0.000000  2411
 18  74   1.953370   0.130523   0.872760  2411
 18  75  -0.668310   1.371846  -0.000000  2411
 18  76  -1.880231   1.368976  -0.218040  2411
 19  -1   7.130990   1.745451  -4.420905  5107
 19   0   6.401520   0.827152  -5.166292  5107
 19   1   5.941894   1.195498  -6.433241  5107
 19   2   6.286958   2.395603  -7.055562  5107
 19   3   7.034095   3.289442  -6.283915  5107
 19   4   7.290411   4.266912  -6.673087  5107
 19   5   5.811872   2.754995  -8.274753  5107
 19   6   5.017255   1.826478  -9.061988  5107
 19   7   4.748104   2.368202  -9.960484  5107
 19   8   4.103521   1.704061  -8.469872  5107
 19   9   5.533886   0.860828  -9.090444  5107
 19  10   6.266393   3.958167  -8.967856  5107
 19  11   6.088476   3.884039 -10.044403  5107
 19  12   5.768120   4.890724  -8.677927  5107
 19  13   7.340101   4.131083  -8.889408  5107
 19  14   5.351553   0.529052  -7.052878  5107
 19  15   5.990753  -0.502670  -4.574900  5107
 19  16   6.492202  -0.782281  -3.177271  5107
 19  17   7.260318   0.146339  -2.463504  5107
 19  18   7.661148   1.419862  -3.085419  5107
 19  19   8.290688   2.142955  -2.576482  5107
 19  20   7.762459  -0.093657  -1.181764  5107
 19  21   7.337751  -1.237690  -0.499334  5107
 19  22   6.535266  -2.176034  -1.138104  5107
 19  23   6.147826  -1.930306  -2.461210  5107
 19  24   5.457141  -2.649597  -2.895002  5107
 19  25   6.263630  -3.363765  -0.523198  5107
 19  26   6.717737  -3.684766   0.822033  5107
 19  27   7.079090  -2.416277   1.608138  5107
 19  28   8.029263  -1.495063   0.821604  5107
 19  29   8.946999  -2.003925   0.537492  5107
 19  30   8.175158  -0.606760   1.429003  5107
 19  31   7.606074  -2.662273   2.532460  5107
 19  32   6.148517  -1.872617   1.796204  5107
 19  33   7.616562  -4.230985   0.531077  5107
 19  34   5.946445  -4.263616   1.334909  5107
 19  35   5.380950  -4.365539  -1.090938  5107
 19  36   3.865975  -4.104301  -1.092635  5107
 19  37   3.082537  -5.425317  -1.156252  5107
 19  38   1.647891  -5.192997  -1.543581  5107
 19  39   1.349618  -5.060791  -2.712533  5107
 19  40   3.008002  -5.967782  -0.210011  5107
 19  41   3.517180  -6.161688  -1.829929  5107
 19  42   3.604139  -3.657384  -0.134612  5107
 19  43   3.609522  -3.420191  -1.897510  5107
 19  44   5.747685  -4.589502  -2.094654  5107
 19  45   5.469425  -5.334446  -0.590650  5107
 19  46   8.417670   0.583969  -0.656291  5107
 19  47   4.460042  -0.553782  -4.552303  5107
 19  48   4.014768  -1.302026  -3.898649  5107
 19  49   4.107798  -0.751917  -5.566141  5107
 19  50   4.051346   0.415592  -4.257885  5107
 19  51   6.524085  -1.715171  -5.362424  5107
 19  52   6.073980  -2.632562  -4.984935  5107
 19  53   6.328640  -1.698379  -6.433882  5107
 19  54   7.598067  -1.823447  -5.210971  5107
 19  55   7.490273   2.965864  -5.003408  5107
 19  56   8.081992   3.687415  -4.439997  5107
 19  57   0.000000   0.000000   0.000000  5107
 19  58  -0.490132  -0.339119  -0.915297  5107
 19  59  -0.525880  -0.912962   1.118058  5107
 19  60  -1.615736  -0.854214   1.266261  5107
 19  61  -0.182471  -0.532123   2.079530  5107
 19  62  -0.114563  -2.350003   0.797539  5107
 19  63  -0.371568  -3.037804   1.609312  5107
 19  64   0.979157  -2.351429   0.837216  5107
 19  65  -0.635889  -2.901464  -0.538279  5107
 19  66   0.028569  -2.428280  -1.260491  5107
 19  67  -1.683508  -2.616108  -0.618689  5107
 19  68  -0.488063  -4.433828  -0.633219  5107
 19  69  -0.966050  -4.689350  -1.585449  5107
 19  70  -1.073158  -4.876484   0.170657  5107
 19  71   0.836988  -5.028372  -0.479092  5107
 19  72   1.182467  -5.271289   0.433122  5107
 19  73   1.448999   0.000000  -0.000000  5107
 19  74   1.877295  -0.123274   0.907010  5107
 19  75  -0.658799   1.372074   0.000000  5107
 19  76  -1.858384   1.538474   0.185215  5107
