  1   7   1.452479   0.000000   0.000000 37004
  1   8   1.858611   0.281023   0.874406 37004
  1   9   0.000000   0.000000   0.000000 37004
  1  10  -0.304582  -0.417889  -0.959585 37004
  1  11  -0.518910  -0.771609   1.201145 37004
  1  12  -1.578200  -0.515569   1.280809 37004
  1  13  -0.024239  -0.343138   2.070980 37004
  1  14  -0.276019  -2.563822   1.343883 37004
  1  15  -0.558147   1.417595   0.000000 37004
  1  16  -1.757474   1.702021  -0.010803 37004
  1  17   0.967917   0.093842   6.159426 37004
  1  18   0.456175   0.869153   5.110084 37004
  1  19   2.212339   0.425438   6.700497 37004
  1  20   1.040213   2.084932   4.753315 37004
  1  21   2.892833   1.591933   6.316023 37004
  1  22   2.278234   2.418096   5.352324 37004
  1  23   2.918713  -0.463420   7.506886 37004
  1  24   4.201622  -0.167603   7.989316 37004
  1  25   2.467276  -1.303696   8.018299 37004
  1  26   4.646100  -0.792336   8.742342 37004
  1  27   4.850927   0.972012   7.489931 37004
  1  28   6.044058   1.134850   8.069608 37004
  1  29   6.241098   0.505809   8.835102 37004
  1  30   6.544032   1.995998   7.903027 37004
  1  31   4.208514   1.906368   6.677295 37004
  1  32   4.835995   3.213179   6.291791 37004
  1  33   3.835638   4.308384   6.491579 37004
  1  34   5.938658   3.732402   7.164223 37004
  1  35   5.228154   3.236659   4.843184 37004
  1  36  -0.724355   0.482576   4.470551 37004
  1  37  -1.349422   1.330086   3.555170 37004
  1  38  -1.319822  -0.312897   4.906146 37004
  1  39  -2.313152   1.101741   3.118267 37004
  1  40  -0.804557   2.592233   3.279119 37004
  1  41  -1.511208   3.327273   2.406098 37004
  1  42  -2.438311   3.021432   2.147950 37004
  1  43  -1.091922   4.141698   1.969506 37004
  1  44   0.429330   2.948536   3.844243 37004
  1  45   1.094058   4.193615   3.326444 37004
  1  46   0.906728   4.486323   1.875540 37004
  1  47   0.606962   5.408296   4.064744 37004
  1  48   2.556798   4.367023   3.605954 37004
  1  49   0.523915  -1.231161   6.273996 37004
  1  50   0.737757  -2.116706   5.215231 37004
  1  51   0.306700  -3.451570   5.262460 37004
  1  52  -0.411317  -3.942866   6.354604 37004
  1  53  -0.689669  -3.035528   7.391840 37004
  1  54   1.289161  -1.693549   4.386142 37004
  1  55   0.516203  -4.055807   4.399265 37004
  1  56  -1.299112  -3.337985   8.233685 37004
  1  57  -0.175857  -1.726138   7.382065 37004
  1  58  -0.470388  -0.973732   8.533907 37004
  1  59  -0.047799   0.163804   8.739645 37004
  1  60  -1.073428  -1.404594   9.514571 37004
  1  61  -0.806367  -5.284575   6.528548 37004
  1  62  -1.324519  -5.672206   7.572655 37004
  1  63  -0.460477  -6.165672   5.589544 37004
  1  64   0.104696  -5.833102   4.817940 37004
  1  65  -0.913084  -7.531451   5.447089 37004
  1  66  -1.166033  -7.958362   6.423186 37004
  1  67  -0.062676  -8.079034   5.043279 37004
  1  68  -2.037227  -7.646601   4.416341 37004
  1  69  -2.882608  -7.015987   4.707988 37004
  1  70  -2.423190  -8.653959   4.525266 37004
  1  71  -1.677977  -7.300508   2.979517 37004
  1  72  -1.073219  -8.101414   2.553700 37004
  1  73  -1.239414  -6.309477   2.793999 37004
  1  74  -2.883636  -7.260395   2.052926 37004
  1  75  -3.463954  -8.185063   2.070813 37004
  1  76  -2.463112  -7.187302   1.047978 37004
  1  77  -3.819551  -6.079785   2.317932 37004
  1  78  -4.385756  -6.240712   3.224583 37004
  1  79  -4.658803  -6.077757   1.615827 37004
  1  80  -3.183670  -4.785541   2.215044 37004
  1  81  -3.511523  -3.730791   3.066757 37004
  1  82  -3.914010  -3.924322   4.211594 37004
  1  83  -2.687826  -2.528369   2.633272 37004
  1  84  -3.350484  -1.671325   2.522997 37004
  1  85  -2.033429  -2.196930   3.423281 37004
  1  86  -2.050844  -2.903279   1.301921 37004
  1  87  -2.534980  -2.479756   0.422239 37004
  1  88  -2.391575  -4.380131   1.143770 37004
  1  89  -2.453949  -4.907089   0.044760 37004
  2   7   1.450275   0.000000  -0.000000  6684
  2   8   1.889503  -0.454471  -0.786534  6684
  2   9   0.000000   0.000000   0.000000  6684
  2  10  -0.489011  -0.349761  -0.906165  6684
  2  11  -0.562930  -0.885497   1.104312  6684
  2  12  -1.638382  -0.787338   1.030346  6684
  2  13  -0.187414  -0.633776   2.094779  6684
  2  14  -0.055786  -2.586779   0.743279  6684
  2  15  -0.640429   1.386020   0.000000  6684
  2  16  -1.843167   1.438063   0.222971  6684
  2  17  -5.433451  -1.697912  -0.065690  6684
  2  18  -4.467841  -1.369486  -1.031367  6684
  2  19  -6.301838  -0.737277   0.458891  6684
  2  20  -4.476113  -0.059907  -1.533697  6684
  2  21  -6.295080   0.594255   0.021306  6684
  2  22  -5.308645   0.901423  -0.948175  6684
  2  23  -7.285376  -1.058980   1.394017  6684
  2  24  -8.135832  -0.090926   1.948985  6684
  2  25  -7.389771  -2.051215   1.819539  6684
  2  26  -8.909550  -0.401392   2.629262  6684
  2  27  -8.019235   1.233639   1.520698  6684
  2  28  -8.927131   2.046149   2.078417  6684
  2  29  -9.496954   1.580261   2.771777  6684
  2  30  -9.041109   3.011941   1.814492  6684
  2  31  -7.120371   1.611166   0.519892  6684
  2  32  -6.780502   3.013788   0.115240  6684
  2  33  -7.713497   4.073284   0.627478  6684
  2  34  -5.359808   3.447443   0.316407  6684
  2  35  -7.088927   3.258862  -1.338793  6684
  2  36  -3.543464  -2.287512  -1.540147  6684
  2  37  -2.695555  -1.846663  -2.569128  6684
  2  38  -3.538638  -3.323651  -1.244020  6684
  2  39  -1.995205  -2.509767  -3.047462  6684
  2  40  -2.815049  -0.587608  -3.161333  6684
  2  41  -1.959969  -0.372880  -4.175547  6684
  2  42  -1.355256  -1.125484  -4.440706  6684
  2  43  -1.936662   0.512626  -4.658806  6684
  2  44  -3.677713   0.359222  -2.607144  6684
  2  45  -3.624204   1.753046  -3.163190  6684
  2  46  -4.775363   2.641318  -2.783189  6684
  2  47  -2.376717   2.465393  -2.707407  6684
  2  48  -3.581522   1.905811  -4.650450  6684
  2  49  -5.497715  -2.985887   0.470867  6684
  2  50  -5.067867  -3.126370   1.794836  6684
  2  51  -4.842809  -4.392922   2.349629  6684
  2  52  -5.203429  -5.539624   1.631348  6684
  2  53  -5.676372  -5.384710   0.332569  6684
  2  54  -4.911069  -2.249602   2.406385  6684
  2  55  -4.485981  -4.494420   3.371524  6684
  2  56  -5.955975  -6.268005  -0.231267  6684
  2  57  -5.798002  -4.132993  -0.282907  6684
  2  58  -6.209166  -4.134234  -1.632662  6684
  2  59  -6.488765  -3.094324  -2.218421  6684
  2  60  -6.327212  -5.208677  -2.215532  6684
  2  61  -4.990574  -6.813258   2.185197  6684
  2  62  -5.253558  -7.776031   1.473013  6684
  2  63  -4.432127  -6.962143   3.392579  6684
  2  64  -4.123014  -6.115427   3.849220  6684
  2  65  -4.045584  -8.206602   4.024405  6684
  2  66  -4.395515  -9.047937   3.419424  6684
  2  67  -4.481365  -8.294253   5.020204  6684
  2  68  -2.517736  -8.291970   3.979741  6684
  2  69  -2.214756  -8.070303   2.953890  6684
  2  70  -2.369970  -9.350374   4.183819  6684
  2  71  -1.786770  -7.298816   4.875697  6684
  2  72  -2.000730  -7.562757   5.915290  6684
  2  73  -2.223170  -6.325009   4.694718  6684
  2  74  -0.278918  -7.357638   4.678402  6684
  2  75   0.054808  -8.380906   4.862920  6684
  2  76   0.258975  -6.867540   5.488571  6684
  2  77   0.290627  -6.849452   3.352975  6684
  2  78  -0.103641  -7.396704   2.491773  6684
  2  79   1.343806  -7.095851   3.449940  6684
  2  80   0.035093  -5.422093   3.257324  6684
  2  81   0.695727  -4.556674   4.114069  6684
  2  82   1.778760  -4.798224   4.636458  6684
  2  83   0.462805  -3.184665   3.505269  6684
  2  84   0.035782  -2.567558   4.290974  6684
  2  85   1.458822  -2.869893   3.202834  6684
  2  86  -0.495563  -3.339473   2.331530  6684
  2  87  -1.470759  -2.940158   2.621780  6684
  2  88  -0.728831  -4.846660   2.248018  6684
  2  89  -0.945616  -5.389246   1.175683  6684
  3   7   1.448033   0.000000   0.000000  6364
  3   8   1.962247  -0.061068   0.871582  6364
  3   9   0.000000   0.000000   0.000000  6364
  3  10  -0.375129  -0.332445  -0.977425  6364
  3  11  -0.470018  -0.971706   1.079015  6364
  3  12   0.049445  -1.916673   0.882564  6364
  3  13  -1.534497  -1.158368   0.932581  6364
  3  14  -0.123480  -0.689923   2.830788  6364
  3  15  -0.633412   1.381915  -0.000000  6364
  3  16   0.001933   2.361160   0.371506  6364
  3  17  -5.521699   1.087037   3.487707  6364
  3  18  -4.402801   1.918726   3.479603  6364
  3  19  -6.757720   1.561227   3.956208  6364
  3  20  -4.551416   3.288828   3.752429  6364
  3  21  -6.820289   2.825176   4.548765  6364
  3  22  -5.737302   3.712115   4.389143  6364
  3  23  -7.918191   0.784513   3.853634  6364
  3  24  -9.067198   1.249379   4.507991  6364
  3  25  -7.930345  -0.108884   3.258156  6364
  3  26 -10.010683   0.755852   4.344398  6364
  3  27  -9.086673   2.451743   5.223632  6364
  3  28 -10.226288   2.687399   5.899758  6364
  3  29 -10.944227   1.978490   5.851663  6364
  3  30 -10.426561   3.540884   6.387153  6364
  3  31  -7.929241   3.241682   5.301391  6364
  3  32  -7.911425   4.291591   6.366415  6364
  3  33  -6.524853   4.749484   6.730773  6364
  3  34  -8.624253   5.529646   5.896523  6364
  3  35  -8.431164   3.763405   7.671744  6364
  3  36  -3.113189   1.401585   3.312071  6364
  3  37  -2.003546   2.242055   3.285603  6364
  3  38  -2.886677   0.349260   3.255461  6364
  3  39  -1.026635   1.787530   3.278376  6364
  3  40  -2.166665   3.629317   3.230870  6364
  3  41  -1.001084   4.270234   3.058977  6364
  3  42  -0.212565   3.751212   2.701967  6364
  3  43  -1.143207   5.275415   3.055955  6364
  3  44  -3.436525   4.108403   3.577180  6364
  3  45  -3.531827   5.541077   4.021885  6364
  3  46  -4.871576   6.132712   3.727532  6364
  3  47  -3.279624   5.723613   5.490548  6364
  3  48  -2.748281   6.480721   3.145286  6364
  3  49  -5.353193  -0.278434   3.190735  6364
  3  50  -5.466728  -1.147672   4.280706  6364
  3  51  -5.083035  -2.488539   4.099444  6364
  3  52  -4.696441  -2.941191   2.827692  6364
  3  53  -4.674065  -2.033412   1.769421  6364
  3  54  -5.772108  -0.736236   5.230424  6364
  3  55  -5.265904  -3.168849   4.911748  6364
  3  56  -4.458877  -2.261572   0.734995  6364
  3  57  -5.038423  -0.692077   1.892152  6364
  3  58  -4.948092   0.183676   0.784319  6364
  3  59  -5.210241   1.377348   0.888376  6364
  3  60  -4.628485  -0.259519  -0.313011  6364
  3  61  -4.393133  -4.306818   2.691432  6364
  3  62  -4.181259  -4.715450   1.545120  6364
  3  63  -4.393410  -5.133624   3.733734  6364
  3  64  -4.907073  -4.755206   4.522119  6364
  3  65  -3.994938  -6.525680   3.732918  6364
  3  66  -4.102393  -7.004915   2.757323  6364
  3  67  -4.646719  -7.033631   4.444654  6364
  3  68  -2.516104  -6.684656   4.071561  6364
  3  69  -1.930897  -6.122481   3.348517  6364
  3  70  -2.074264  -7.681485   4.074572  6364
  3  71  -2.253818  -6.097836   5.456244  6364
  3  72  -2.800629  -6.720852   6.174400  6364
  3  73  -2.558369  -5.058847   5.475008  6364
  3  74  -0.761588  -6.210800   5.777472  6364
  3  75  -0.485489  -7.258486   5.725319  6364
  3  76  -0.632171  -5.980702   6.835208  6364
  3  77   0.121819  -5.418449   4.818212  6364
  3  78   0.251374  -5.937901   3.872757  6364
  3  79   1.108397  -5.345428   5.276283  6364
  3  80  -0.340049  -4.050314   4.741511  6364
  3  81  -0.719461  -3.245073   5.813439  6364
  3  82  -0.113260  -3.254426   6.886675  6364
  3  83  -1.093071  -1.931785   5.148689  6364
  3  84  -2.109485  -1.592044   5.333298  6364
  3  85  -0.296956  -1.250147   5.454745  6364
  3  86  -1.027741  -2.050981   3.626545  6364
  3  87  -2.060452  -2.120690   3.296775  6364
  3  88  -0.494190  -3.465427   3.492493  6364
  3  89  -0.536730  -4.059273   2.407580  6364
  4   7   1.448516   0.000000  -0.000000 35884
  4   8   1.877989   0.838070   0.374957 35884
  4   9   0.000000   0.000000   0.000000 35884
  4  10  -0.291678  -0.486994  -0.928634 35884
  4  11  -0.412285  -0.829921   1.212663 35884
  4  12   0.031894  -1.822350   1.121617 35884
  4  13  -1.492631  -0.968786   1.145079 35884
  4  14   0.082014  -0.272539   2.866688 35884
  4  15  -0.734199   1.327837   0.000000 35884
  4  16  -1.684344   1.608296   0.724133 35884
  4  17   0.049705   4.211504   4.308292 35884
  4  18   0.524192   5.520375   4.217072 35884
  4  19  -1.327636   4.029748   4.203892 35884
  4  20  -0.318879   6.625721   4.107780 35884
  4  21  -2.209573   5.095453   4.076771 35884
  4  22  -1.711131   6.414482   4.000482 35884
  4  23  -1.805020   2.706396   4.215854 35884
  4  24  -3.186297   2.503486   4.105372 35884
  4  25  -1.089392   1.905254   4.336049 35884
  4  26  -3.530648   1.489714   3.941088 35884
  4  27  -4.079623   3.568992   3.969869 35884
  4  28  -5.391033   3.260267   3.886259 35884
  4  29  -5.623890   2.280504   3.975377 35884
  4  30  -6.065102   4.003807   3.758665 35884
  4  31  -3.580077   4.860541   3.856926 35884
  4  32  -4.531673   5.983602   3.608320 35884
  4  33  -6.027064   5.844566   3.711139 35884
  4  34  -4.417557   6.898234   4.792095 35884
  4  35  -4.304614   6.776024   2.349984 35884
  4  36   1.907398   5.750938   4.312337 35884
  4  37   2.420337   7.018790   4.026596 35884
  4  38   2.521616   4.955325   4.725422 35884
  4  39   3.464577   7.272195   4.080883 35884
  4  40   1.552968   8.070559   3.724849 35884
  4  41   2.093311   9.269217   3.415420 35884
  4  42   3.072729   9.479322   3.415640 35884
  4  43   1.488695  10.075255   3.502231 35884
  4  44   0.185154   7.915985   3.881354 35884
  4  45  -0.784323   9.064028   3.919027 35884
  4  46  -0.231481  10.430382   4.185377 35884
  4  47  -1.409789   9.275787   2.568342 35884
  4  48  -1.820485   8.980243   4.995478 35884
  4  49   0.932056   3.137668   4.446978 35884
  4  50   0.908239   2.592430   5.733464 35884
  4  51   1.856520   1.623204   6.090348 35884
  4  52   2.716710   1.119342   5.099947 35884
  4  53   2.680119   1.671546   3.811875 35884
  4  54   0.186395   2.888569   6.469092 35884
  4  55   1.843953   1.271862   7.106322 35884
  4  56   3.378834   1.277595   3.086135 35884
  4  57   1.822830   2.710663   3.448986 35884
  4  58   1.844576   3.153765   2.108057 35884
  4  59   1.069300   4.033762   1.768717 35884
  4  60   2.614882   2.641321   1.287795 35884
  4  61   3.482527  -0.018778   5.422449 35884
  4  62   4.329325  -0.356154   4.601469 35884
  4  63   3.339138  -0.734661   6.541356 35884
  4  64   2.657614  -0.471734   7.234893 35884
  4  65   3.873892  -2.042641   6.847832 35884
  4  66   4.297845  -1.889111   7.831291 35884
  4  67   4.683756  -2.374609   6.196279 35884
  4  68   2.770351  -3.101898   6.773882 35884
  4  69   1.905948  -2.928341   7.419783 35884
  4  70   3.188087  -4.003512   7.205956 35884
  4  71   2.358827  -3.354745   5.322361 35884
  4  72   3.226059  -3.622457   4.722579 35884
  4  73   2.072396  -2.416450   4.842195 35884
  4  74   1.411512  -4.540521   5.110628 35884
  4  75   1.953032  -5.421741   5.457480 35884
  4  76   1.325907  -4.749094   4.050406 35884
  4  77  -0.018367  -4.406631   5.619179 35884
  4  78  -0.019404  -4.397715   6.706431 35884
  4  79  -0.596199  -5.236058   5.195079 35884
  4  80  -0.608763  -3.175583   5.139541 35884
  4  81  -0.928609  -2.169608   6.039883 35884
  4  82  -0.814837  -2.209124   7.270573 35884
  4  83  -1.128882  -0.863982   5.278747 35884
  4  84  -2.056728  -0.361453   5.561532 35884
  4  85  -0.307903  -0.186819   5.483311 35884
  4  86  -1.095260  -1.265699   3.810383 35884
  4  87  -2.108364  -1.267899   3.421393 35884
  4  88  -0.770929  -2.757129   3.822462 35884
  4  89  -0.355882  -3.397699   2.855660 35884
  5   7   1.443815   0.000000   0.000000 14065
  5   8   1.888955   0.861773   0.286703 14065
  5   9   0.000000   0.000000   0.000000 14065
  5  10  -0.379481  -0.606013  -0.822218 14065
  5  11  -0.454144  -0.601489   1.329271 14065
  5  12  -0.115458  -1.633471   1.388464 14065
  5  13  -1.544104  -0.699898   1.319122 14065
  5  14   0.104585   0.310109   2.787561 14065
  5  15  -0.633045   1.378897  -0.000000 14065
  5  16   0.011360   2.378057   0.315314 14065
  5  17   1.627150   5.033057   5.151470 14065
  5  18   2.270516   6.211013   5.559146 14065
  5  19   0.408018   5.023871   4.462606 14065
  5  20   1.647791   7.443295   5.369943 14065
  5  21  -0.271708   6.237886   4.335187 14065
  5  22   0.364246   7.409976   4.787703 14065
  5  23  -0.229737   3.844575   4.046762 14065
  5  24  -1.459466   3.929734   3.384104 14065
  5  25   0.251072   2.893504   4.227009 14065
  5  26  -1.843933   2.983335   3.018298 14065
  5  27  -2.121047   5.149617   3.231460 14065
  5  28  -3.325911   5.055459   2.652031 14065
  5  29  -3.721598   4.167874   2.379045 14065
  5  30  -3.818079   5.914868   2.442302 14065
  5  31  -1.488901   6.330256   3.655473 14065
  5  32  -2.102414   7.687873   3.537719 14065
  5  33  -3.471842   7.766845   2.951519 14065
  5  34  -2.317885   8.271455   4.909873 14065
  5  35  -1.278762   8.664315   2.755695 14065
  5  36   3.558217   6.138762   6.088114 14065
  5  37   4.119092   7.305825   6.612310 14065
  5  38   4.153861   5.236787   6.180028 14065
  5  39   5.140345   7.367177   6.960846 14065
  5  40   3.436802   8.519174   6.470999 14065
  5  41   4.247780   9.521996   6.863386 14065
  5  42   5.181002   9.288091   7.163195 14065
  5  43   4.027115  10.502860   6.734493 14065
  5  44   2.178608   8.632818   5.869808 14065
  5  45   1.512110   9.964811   5.719872 14065
  5  46   0.039622   9.855702   5.975161 14065
  5  47   1.871436  11.078070   6.665354 14065
  5  48   1.576177  10.367274   4.277784 14065
  5  49   2.347811   3.834788   5.292174 14065
  5  50   2.126452   3.268297   6.555223 14065
  5  51   2.759774   2.053936   6.871180 14065
  5  52   3.357843   1.371581   5.814721 14065
  5  53   3.606767   1.934045   4.546781 14065
  5  54   1.552764   3.822314   7.282237 14065
  5  55   2.588284   1.600414   7.831653 14065
  5  56   3.992273   1.338163   3.734123 14065
  5  57   3.109612   3.215417   4.288860 14065
  5  58   3.336581   3.780568   3.017643 14065
  5  59   2.883891   4.880452   2.709869 14065
  5  60   3.900712   3.222380   2.076641 14065
  5  61   3.670556   0.020692   6.030829 14065
  5  62   4.226513  -0.536824   5.084104 14065
  5  63   3.367816  -0.636103   7.154872 14065
  5  64   2.822524  -0.129678   7.835748 14065
  5  65   3.781996  -1.981820   7.488785 14065
  5  66   4.123383  -2.052665   8.530579 14065
  5  67   4.529876  -2.276448   6.753141 14065
  5  68   2.680331  -3.013445   7.280980 14065
  5  69   1.755488  -2.683084   7.766808 14065
  5  70   2.822037  -3.977908   7.769174 14065
  5  71   2.353834  -3.328833   5.823129 14065
  5  72   3.166819  -4.002231   5.561610 14065
  5  73   2.246202  -2.394199   5.265301 14065
  5  74   1.088505  -4.155663   5.628457 14065
  5  75   1.186232  -5.077728   6.201905 14065
  5  76   1.032196  -4.327501   4.552957 14065
  5  77  -0.189984  -3.477031   6.083572 14065
  5  78  -0.265893  -3.478957   7.170233 14065
  5  79  -1.039539  -4.111023   5.824512 14065
  5  80  -0.500965  -2.170020   5.545327 14065
  5  81  -0.737698  -1.095726   6.393886 14065
  5  82  -0.069261  -0.938534   7.414760 14065
  5  83  -0.940218   0.043732   5.418993 14065
  5  84  -1.853839   0.588106   5.669296 14065
  5  85  -0.129725   0.768573   5.464931 14065
  5  86  -1.015642  -0.465404   3.981742 14065
  5  87  -2.053034  -0.411968   3.652251 14065
  5  88  -0.693719  -1.939634   4.187693 14065
  5  89  -1.247391  -2.748905   3.450585 14065
