  1  -1 -15.206670   7.757296  -7.819319 10266
  1   0 -14.235940   6.897871  -8.333885 10266
  1   1 -13.912484   5.762023  -7.590024 10266
  1   2 -14.466799   5.467578  -6.343215 10266
  1   3 -15.408464   6.348189  -5.818345 10266
  1   4 -15.958340   6.262044  -4.876478 10266
  1   5 -14.189125   4.552889  -5.818202 10266
  1   6 -12.928365   4.899275  -8.086991 10266
  1   7 -12.369885   5.155332  -9.344226 10266
  1   8 -12.770830   6.286678 -10.064083 10266
  1   9 -13.714781   7.145681  -9.575650 10266
  1  10 -12.124321   6.549663 -11.273327 10266
  1  11 -11.103439   5.728760 -11.756257 10266
  1  12 -10.760144   4.579036 -11.030112 10266
  1  13 -11.380362   4.285393  -9.812571 10266
  1  14 -11.093668   3.364965  -9.301184 10266
  1  15  -9.983993   3.900625 -11.368114 10266
  1  16 -10.425510   5.970704 -12.913830 10266
  1  17 -10.637499   6.837549 -13.389897 10266
  1  18  -9.690840   5.316209 -13.164608 10266
  1  19 -12.626749   7.986047 -12.159478 10266
  1  20 -14.065018   8.004295 -12.186975 10266
  1  21 -12.390344   8.982262 -11.167925 10266
  1  22 -11.866063   8.352989 -13.322283 10266
  1  23 -12.519377   3.707943  -7.373230 10266
  1  24 -11.386190   3.868116  -6.551447 10266
  1  25 -11.009318   2.840411  -5.685715 10266
  1  26 -11.767716   1.665495  -5.575226 10266
  1  27 -12.868230   1.527954  -6.428954 10266
  1  28 -13.264109   2.519134  -7.321227 10266
  1  29 -14.470900   2.332869  -8.114680 10266
  1  30 -15.094585   1.312842  -7.906921 10266
  1  31 -14.981233   3.211960  -8.793327 10266
  1  32 -13.463962   0.621260  -6.397192 10266
  1  33 -11.437180   0.629049  -4.619073 10266
  1  34 -12.072448  -0.390045  -4.419375 10266
  1  35 -10.109551   2.964012  -5.091038 10266
  1  36 -10.852541   4.811631  -6.551747 10266
  1  37 -15.718114   9.199421  -8.691844 10266
  1  38 -16.731714   9.928203  -7.981844 10266
  1  39 -15.922887   8.737505 -10.026949 10266
  1  40 -14.480597   9.876700  -8.965420 10266
  1  41 -15.751486   7.481111  -6.559239 10266
  1  42 -16.754538   8.237260  -6.022561 10266
  1  43 -17.050041   8.984372  -6.628200 10266
  1  44 -17.211321   8.011643  -5.143788 10266
  1  45   0.000000   0.000000   0.000000 10266
  1  46  -0.333868  -0.388254  -0.967263 10266
  1  47  -0.684449   1.363574   0.000000 10266
  1  48  -0.395115   2.236526   0.814335 10266
  1  49  -0.432303  -0.982040   1.103544 10266
  1  50  -0.438128  -0.459218   2.053502 10266
  1  51   0.218919  -1.857518   1.096084 10266
  1  52  -2.112315  -1.626804   0.850490 10266
  1  53  -3.245920  -1.157446   2.199395 10266
  1  54  -3.352117   0.362542   2.391391 10266
  1  55  -2.659069   0.851300   1.712210 10266
  1  56  -4.775681   0.627029   1.961715 10266
  1  57  -5.441190   1.588910   2.297549 10266
  1  58  -5.416429  -0.503501   1.610373 10266
  1  59  -4.655608  -1.581739   1.856239 10266
  1  60  -4.928223  -2.728207   1.557084 10266
  1  61  -6.767984  -0.628150   1.069397 10266
  1  62  -7.114131  -1.657152   1.075682 10266
  1  63  -7.422051  -0.041585   1.717655 10266
  1  64  -6.965127  -0.057539  -0.343385 10266
  1  65  -6.706800   0.999105  -0.294683 10266
  1  66  -6.305927  -0.628256  -1.009595 10266
  1  67  -8.427395  -0.175720  -0.798912 10266
  1  68  -9.050591   0.429641  -0.130807 10266
  1  69  -8.803925  -1.199511  -0.785571 10266
  1  70  -8.609416   0.453011  -2.189476 10266
  1  71  -8.474424   1.526655  -2.060778 10266
  1  72  -7.848174   0.027019  -2.849131 10266
  1  73 -10.042340   0.100656  -2.614998 10266
  1  74 -10.719714   0.327169  -1.801146 10266
  1  75 -10.163943  -0.970084  -2.787426 10266
  1  76 -10.408876   0.888823  -3.783904 10266
  1  77  -9.977895   1.797526  -3.888840 10266
  1  78   1.441594   0.000000  -0.000000 10266
  1  79   1.863418  -0.677696   0.630632 10266
  1  80  -2.949166  -1.665952   3.116264 10266
  1  81  -3.183142   0.629457   3.432742 10266
  2  -1  -3.567460   2.658456  21.433121  5561
  2   0  -3.763828   3.031258  20.100958  5561
  2   1  -3.662130   2.098544  19.062880  5561
  2   2  -3.216611   0.799577  19.326706  5561
  2   3  -2.921987   0.476867  20.652775  5561
  2   4  -2.544821  -0.495303  20.941784  5561
  2   5  -3.083630   0.100127  18.511366  5561
  2   6  -4.070164   2.426573  17.757046  5561
  2   7  -4.429142   3.760601  17.519329  5561
  2   8  -4.409436   4.710761  18.541386  5561
  2   9  -4.142097   4.318232  19.821838  5561
  2  10  -4.621238   6.064821  18.248545  5561
  2  11  -4.980079   6.414526  16.945877  5561
  2  12  -5.033959   5.459238  15.921417  5561
  2  13  -4.783020   4.118067  16.212770  5561
  2  14  -4.852060   3.402860  15.391121  5561
  2  15  -5.297439   5.739148  14.909670  5561
  2  16  -5.284350   7.696776  16.623150  5561
  2  17  -5.198773   8.376307  17.368948  5561
  2  18  -5.575113   7.895892  15.672462  5561
  2  19  -4.605530   7.209898  19.577511  5561
  2  20  -3.515922   6.774688  20.407356  5561
  2  21  -4.855230   8.577545  19.212011  5561
  2  22  -5.626101   6.641523  20.406778  5561
  2  23  -4.103787   1.416897  16.726990  5561
  2  24  -2.978073   1.144199  15.947117  5561
  2  25  -3.075500   0.141287  14.977749  5561
  2  26  -4.247515  -0.563521  14.672753  5561
  2  27  -5.339192  -0.213741  15.469930  5561
  2  28  -5.312458   0.730200  16.488539  5561
  2  29  -6.500049   0.795803  17.341785  5561
  2  30  -7.479003   0.109236  17.165218  5561
  2  31  -6.521684   1.481967  18.349810  5561
  2  32  -6.215620  -0.808736  15.221229  5561
  2  33  -4.317931  -1.613559  13.669477  5561
  2  34  -5.308188  -2.248221  13.376385  5561
  2  35  -2.169579  -0.148941  14.448240  5561
  2  36  -2.060992   1.699859  16.117712  5561
  2  37  -3.743711   3.796561  22.760433  5561
  2  38  -4.985593   4.438646  22.406527  5561
  2  39  -2.904764   4.864000  22.284365  5561
  2  40  -3.509721   3.228019  24.058397  5561
  2  41  -3.111742   1.361532  21.714031  5561
  2  42  -2.862459   0.872239  22.958275  5561
  2  43  -3.154877   1.433169  23.756554  5561
  2  44  -2.550745  -0.077463  23.131485  5561
  2  45   0.000000   0.000000   0.000000  5561
  2  46  -0.363387  -0.320093  -0.974109  5561
  2  47  -0.557139   1.412266  -0.000000  5561
  2  48  -1.776008   1.528051  -0.140888  5561
  2  49  -0.715889  -0.837765   1.065905  5561
  2  50  -0.597791  -1.887216   0.792946  5561
  2  51  -1.776424  -0.616677   1.028656  5561
  2  52   0.045060  -0.637977   2.718521  5561
  2  53  -0.949603  -0.189028   4.171789  5561
  2  54  -2.389235   0.261189   3.876886  5561
  2  55  -2.645135  -0.100975   2.878761  5561
  2  56  -3.209716  -0.566997   4.828473  5561
  2  57  -4.333776  -0.320344   5.224133  5561
  2  58  -2.384411  -1.389500   5.499415  5561
  2  59  -1.106837  -1.392980   5.065030  5561
  2  60  -0.132430  -1.919877   5.564840  5561
  2  61  -2.688268  -2.183959   6.688828  5561
  2  62  -3.619404  -2.749130   6.738486  5561
  2  63  -1.887355  -2.923466   6.697114  5561
  2  64  -2.571412  -1.445497   8.029395  5561
  2  65  -1.606237  -0.955619   8.155728  5561
  2  66  -3.402780  -0.729828   8.088964  5561
  2  67  -2.789278  -2.384541   9.219870  5561
  2  68  -2.022818  -3.137638   9.414242  5561
  2  69  -3.684587  -2.992579   9.101067  5561
  2  70  -2.951197  -1.609412  10.535148  5561
  2  71  -2.053686  -1.033076  10.773492  5561
  2  72  -3.861803  -1.002750  10.456012  5561
  2  73  -3.203517  -2.605309  11.671027  5561
  2  74  -2.360571  -3.310180  11.673500  5561
  2  75  -4.072641  -3.220013  11.443732  5561
  2  76  -3.217711  -1.902332  12.953571  5561
  2  77  -2.410598  -1.346577  13.189799  5561
  2  78   1.451345   0.000000  -0.000000  5561
  2  79   1.957358  -0.220552   0.848180  5561
  2  80  -0.534265   0.627392   4.762934  5561
  2  81  -2.610133   1.330696   3.904428  5561
  3  -1  -4.855925   0.681403  -2.216978  7962
  3   0  -3.997300   0.300254  -3.252007  7962
  3   1  -3.087237  -0.743643  -3.053860  7962
  3   2  -2.960119  -1.412202  -1.832481  7962
  3   3  -3.767994  -0.942090  -0.786951  7962
  3   4  -3.653754  -1.327279   0.229159  7962
  3   5  -2.221795  -2.193393  -1.687173  7962
  3   6  -2.251680  -1.074791  -4.134363  7962
  3   7  -2.345398  -0.434572  -5.381856  7962
  3   8  -3.386366   0.468037  -5.578789  7962
  3   9  -4.138188   0.842622  -4.499600  7962
  3  10  -3.550532   1.141173  -6.802732  7962
  3  11  -2.627174   0.861644  -7.811635  7962
  3  12  -1.588617  -0.045921  -7.627726  7962
  3  13  -1.448760  -0.720620  -6.406365  7962
  3  14  -0.611139  -1.409607  -6.322201  7962
  3  15  -0.900423  -0.243964  -8.447522  7962
  3  16  -2.720757   1.355691  -9.087981  7962
  3  17  -3.456466   2.028314  -9.230845  7962
  3  18  -2.239282   0.924105  -9.872785  7962
  3  19  -4.698990   2.423795  -7.147427  7962
  3  20  -5.938346   1.935358  -6.609354  7962
  3  21  -4.311375   3.273086  -6.045129  7962
  3  22  -4.715517   3.028899  -8.441906  7962
  3  23  -1.266007  -2.124387  -4.024823  7962
  3  24  -0.013908  -1.710586  -3.554056  7962
  3  25   1.020655  -2.626448  -3.366250  7962
  3  26   0.825365  -3.974968  -3.692224  7962
  3  27  -0.451313  -4.342224  -4.114732  7962
  3  28  -1.520239  -3.464941  -4.342923  7962
  3  29  -2.804356  -3.977778  -4.800789  7962
  3  30  -2.940012  -5.120948  -5.192910  7962
  3  31  -3.782662  -3.270966  -4.965516  7962
  3  32  -0.579119  -5.388148  -4.368718  7962
  3  33   1.876871  -4.969436  -3.577455  7962
  3  34   1.554876  -6.108755  -3.844421  7962
  3  35   1.998753  -2.341066  -2.987857  7962
  3  36   0.173254  -0.655439  -3.322240  7962
  3  37  -5.995090   1.999315  -2.477005  7962
  3  38  -6.810334   2.290969  -1.331483  7962
  3  39  -6.735275   1.395573  -3.546078  7962
  3  40  -5.370108   3.070249  -3.199847  7962
  3  41  -4.776254  -0.004130  -1.003388  7962
  3  42  -5.613876   0.306600   0.031519  7962
  3  43  -6.167172   1.145675  -0.031850  7962
  3  44  -5.470440  -0.180412   0.912056  7962
  3  45   0.000000   0.000000   0.000000  7962
  3  46  -0.371022  -0.587769  -0.836344  7962
  3  47  -0.644399   1.382660  -0.000000  7962
  3  48  -1.840580   1.442460  -0.277444  7962
  3  49  -0.445668  -0.830854   1.212544  7962
  3  50  -1.514179  -0.654203   1.366080  7962
  3  51   0.094821  -0.412683   2.066712  7962
  3  52  -0.138273  -2.619157   1.106796  7962
  3  53   0.811179  -3.162151   2.565870  7962
  3  54   0.330118  -4.536239   3.047287  7962
  3  55  -0.528782  -4.932052   2.504588  7962
  3  56   1.542482  -5.423988   2.861331  7962
  3  57   1.563277  -6.634841   2.895990  7962
  3  58   2.584344  -4.677978   2.438378  7962
  3  59   2.298367  -3.365859   2.398898  7962
  3  60   3.126418  -2.558722   2.015281  7962
  3  61   3.914322  -5.256546   2.235847  7962
  3  62   4.728118  -4.545011   2.121596  7962
  3  63   4.087024  -5.878254   3.116160  7962
  3  64   3.964728  -6.173775   1.001566  7962
  3  65   4.964380  -6.623940   0.964858  7962
  3  66   3.303183  -7.041378   1.016508  7962
  3  67   3.750571  -5.343637  -0.272878  7962
  3  68   4.422515  -4.487244  -0.224055  7962
  3  69   2.713253  -5.004036  -0.279262  7962
  3  70   3.988279  -6.230564  -1.507283  7962
  3  71   4.842014  -6.886585  -1.285085  7962
  3  72   3.139294  -6.916768  -1.580434  7962
  3  73   4.186392  -5.440735  -2.804288  7962
  3  74   4.402064  -6.163198  -3.582770  7962
  3  75   5.104168  -4.856199  -2.697498  7962
  3  76   3.074358  -4.554829  -3.135276  7962
  3  77   3.275501  -3.567445  -3.187386  7962
  3  78   1.452205  -0.000000  -0.000000  7962
  3  79   1.956679  -0.177642   0.857234  7962
  3  80   0.743764  -2.425341   3.372883  7962
  3  81   0.018383  -4.486176   4.091759  7962
  4  -1   1.795139  -1.425021  -4.105703  4321
  4   0   2.985444  -2.066271  -3.766185  4321
  4   1   2.980602  -3.035046  -2.756703  4321
  4   2   1.807367  -3.424126  -2.101923  4321
  4   3   0.628606  -2.779235  -2.485640  4321
  4   4  -0.335253  -3.055344  -2.072313  4321
  4   5   1.746605  -4.211637  -1.361357  4321
  4   6   4.194823  -3.664990  -2.441684  4321
  4   7   5.376007  -3.354192  -3.116672  4321
  4   8   5.327071  -2.388146  -4.126849  4321
  4   9   4.149210  -1.747911  -4.417949  4321
  4  10   6.483026  -2.147803  -4.875318  4321
  4  11   7.674229  -2.801388  -4.556945  4321
  4  12   7.728073  -3.757621  -3.533366  4321
  4  13   6.571428  -4.019358  -2.791362  4321
  4  14   6.630387  -4.760019  -2.002095  4321
  4  15   8.673958  -4.238854  -3.325956  4321
  4  16   8.819815  -2.619432  -5.281256  4321
  4  17   8.814701  -2.015986  -6.101701  4321
  4  18   9.694088  -3.028369  -4.996095  4321
  4  19   6.552290  -0.920839  -6.127264  4321
  4  20   5.519930  -1.560727  -6.899841  4321
  4  21   5.794907   0.152741  -5.546579  4321
  4  22   7.816077  -0.578519  -6.698894  4321
  4  23   4.146710  -4.726732  -1.460209  4321
  4  24   4.320278  -4.346549  -0.123334  4321
  4  25   4.237674  -5.320672   0.881235  4321
  4  26   4.004654  -6.668706   0.603006  4321
  4  27   3.847608  -7.044118  -0.735949  4321
  4  28   3.929521  -6.091387  -1.746986  4321
  4  29   3.636921  -6.620606  -3.072924  4321
  4  30   3.257775  -7.761001  -3.218364  4321
  4  31   3.732659  -5.880949  -4.030025  4321
  4  32   3.618529  -8.098802  -0.887174  4321
  4  33   3.982185  -7.727445   1.602735  4321
  4  34   3.784422  -8.895542   1.344011  4321
  4  35   4.365620  -4.946999   1.888903  4321
  4  36   4.476501  -3.287404   0.036379  4321
  4  37   1.760789  -0.033744  -5.178860  4321
  4  38   3.019944   0.673165  -5.239752  4321
  4  39   0.500877   0.636760  -5.283007  4321
  4  40   1.966776  -0.738788  -6.409422  4321
  4  41   0.598540  -1.786648  -3.477389  4321
  4  42  -0.567088  -1.113703  -3.692463  4321
  4  43  -0.541233  -0.294704  -4.301537  4321
  4  44  -1.445303  -1.454062  -3.323147  4321
  4  45   0.000000   0.000000   0.000000  4321
  4  46  -0.351010  -0.429877  -0.937069  4321
  4  47  -0.726278   1.341612  -0.000000  4321
  4  48  -1.930271   1.421716  -0.244509  4321
  4  49  -0.439699  -0.903869   1.165967  4321
  4  50  -1.523279  -0.863755   1.257318  4321
  4  51  -0.109702  -0.424768   2.097076  4321
  4  52   0.158977  -2.616508   0.984428  4321
  4  53   0.625418  -3.347673   2.580027  4321
  4  54  -0.491963  -3.137128   3.611011  4321
  4  55  -1.332434  -2.590033   3.189944  4321
  4  56  -0.932075  -4.544646   3.907301  4321
  4  57  -1.847481  -4.868615   4.643834  4321
  4  58  -0.100522  -5.439959   3.362936  4321
  4  59   0.767603  -4.852678   2.518090  4321
  4  60   1.361510  -5.495605   1.674515  4321
  4  61  -0.130802  -6.869949   3.689752  4321
  4  62  -1.157148  -7.237502   3.685548  4321
  4  63   0.354168  -7.429856   2.892438  4321
  4  64   0.533820  -7.295711   5.011573  4321
  4  65   0.136083  -6.659732   5.810787  4321
  4  66   0.340479  -8.347145   5.247793  4321
  4  67   2.063662  -7.233106   4.950212  4321
  4  68   2.607314  -7.155629   5.888207  4321
  4  69   2.285965  -6.332206   4.358465  4321
  4  70   2.627982  -8.527776   4.348406  4321
  4  71   2.518004  -9.388364   5.011273  4321
  4  72   2.145292  -8.817102   3.408884  4321
  4  73   4.099555  -8.305676   3.997622  4321
  4  74   4.563993  -9.240216   3.668633  4321
  4  75   4.627864  -7.909288   4.871901  4321
  4  76   4.185684  -7.372207   2.879761  4321
  4  77   4.543193  -6.459830   3.147833  4321
  4  78   1.446686   0.000000  -0.000000  4321
  4  79   1.872071  -0.321372   0.862944  4321
  4  80   1.586375  -2.954773   2.940296  4321
  4  81  -0.137706  -2.697813   4.547444  4321
