  1  -1 -15.206670   7.757296  -7.819319  1625
  1   0 -14.235940   6.897871  -8.333885  1625
  1   1 -13.912484   5.762023  -7.590024  1625
  1   2 -14.466799   5.467578  -6.343215  1625
  1   3 -15.408464   6.348189  -5.818345  1625
  1   4 -15.958340   6.262044  -4.876478  1625
  1   5 -14.189125   4.552889  -5.818202  1625
  1   6 -12.928365   4.899275  -8.086991  1625
  1   7 -12.369885   5.155332  -9.344226  1625
  1   8 -12.770830   6.286678 -10.064083  1625
  1   9 -13.714781   7.145681  -9.575650  1625
  1  10 -12.124321   6.549663 -11.273327  1625
  1  11 -11.103439   5.728760 -11.756257  1625
  1  12 -10.760144   4.579036 -11.030112  1625
  1  13 -11.380362   4.285393  -9.812571  1625
  1  14 -11.093668   3.364965  -9.301184  1625
  1  15  -9.983993   3.900625 -11.368114  1625
  1  16 -10.425510   5.970704 -12.913830  1625
  1  17 -10.637499   6.837549 -13.389897  1625
  1  18  -9.690840   5.316209 -13.164608  1625
  1  19 -12.626749   7.986047 -12.159478  1625
  1  20 -14.065018   8.004295 -12.186975  1625
  1  21 -12.390344   8.982262 -11.167925  1625
  1  22 -11.866063   8.352989 -13.322283  1625
  1  23 -12.519377   3.707943  -7.373230  1625
  1  24 -11.386190   3.868116  -6.551447  1625
  1  25 -11.009318   2.840411  -5.685715  1625
  1  26 -11.767716   1.665495  -5.575226  1625
  1  27 -12.868230   1.527954  -6.428954  1625
  1  28 -13.264109   2.519134  -7.321227  1625
  1  29 -14.470900   2.332869  -8.114680  1625
  1  30 -15.094585   1.312842  -7.906921  1625
  1  31 -14.981233   3.211960  -8.793327  1625
  1  32 -13.463962   0.621260  -6.397192  1625
  1  33 -11.437180   0.629049  -4.619073  1625
  1  34 -12.072448  -0.390045  -4.419375  1625
  1  35 -10.109551   2.964012  -5.091038  1625
  1  36 -10.852541   4.811631  -6.551747  1625
  1  37 -15.718114   9.199421  -8.691844  1625
  1  38 -16.731714   9.928203  -7.981844  1625
  1  39 -15.922887   8.737505 -10.026949  1625
  1  40 -14.480597   9.876700  -8.965420  1625
  1  41 -15.751486   7.481111  -6.559239  1625
  1  42 -16.754538   8.237260  -6.022561  1625
  1  43 -17.050041   8.984372  -6.628200  1625
  1  44 -17.211321   8.011643  -5.143788  1625
  1  45   0.000000   0.000000   0.000000  1625
  1  46  -0.333868  -0.388254  -0.967263  1625
  1  47  -0.684449   1.363574   0.000000  1625
  1  48  -0.395115   2.236526   0.814335  1625
  1  49  -0.432303  -0.982040   1.103544  1625
  1  50  -0.438128  -0.459218   2.053502  1625
  1  51   0.218919  -1.857518   1.096084  1625
  1  52  -2.112315  -1.626804   0.850490  1625
  1  53  -3.245920  -1.157446   2.199395  1625
  1  54  -3.352117   0.362542   2.391391  1625
  1  55  -2.659069   0.851300   1.712210  1625
  1  56  -4.775681   0.627029   1.961715  1625
  1  57  -5.441190   1.588910   2.297549  1625
  1  58  -5.416429  -0.503501   1.610373  1625
  1  59  -4.655608  -1.581739   1.856239  1625
  1  60  -4.928223  -2.728207   1.557084  1625
  1  61  -6.767984  -0.628150   1.069397  1625
  1  62  -7.114131  -1.657152   1.075682  1625
  1  63  -7.422051  -0.041585   1.717655  1625
  1  64  -6.965127  -0.057539  -0.343385  1625
  1  65  -6.706800   0.999105  -0.294683  1625
  1  66  -6.305927  -0.628256  -1.009595  1625
  1  67  -8.427395  -0.175720  -0.798912  1625
  1  68  -9.050591   0.429641  -0.130807  1625
  1  69  -8.803925  -1.199511  -0.785571  1625
  1  70  -8.609416   0.453011  -2.189476  1625
  1  71  -8.474424   1.526655  -2.060778  1625
  1  72  -7.848174   0.027019  -2.849131  1625
  1  73 -10.042340   0.100656  -2.614998  1625
  1  74 -10.719714   0.327169  -1.801146  1625
  1  75 -10.163943  -0.970084  -2.787426  1625
  1  76 -10.408876   0.888823  -3.783904  1625
  1  77  -9.977895   1.797526  -3.888840  1625
  1  78   1.441594   0.000000  -0.000000  1625
  1  79   1.863418  -0.677696   0.630632  1625
  1  80  -2.949166  -1.665952   3.116264  1625
  1  81  -3.183142   0.629457   3.432742  1625
  2  -1  10.319929  -5.608202   4.436143  1163
  2   0   9.111848  -5.828832   5.104917  1163
  2   1   8.080213  -6.464715   4.405289  1163
  2   2   8.258862  -6.996730   3.120320  1163
  2   3   9.444707  -6.736088   2.449396  1163
  2   4   9.615923  -7.129320   1.452322  1163
  2   5   7.463641  -7.535731   2.615943  1163
  2   6   6.806867  -6.612536   4.964336  1163
  2   7   6.625256  -6.213960   6.308343  1163
  2   8   7.651659  -5.565009   6.979655  1163
  2   9   8.883975  -5.411926   6.384709  1163
  2  10   7.441478  -5.072736   8.269770  1163
  2  11   6.185067  -5.253287   8.835306  1163
  2  12   5.151298  -5.908728   8.165890  1163
  2  13   5.373114  -6.426446   6.886609  1163
  2  14   4.542985  -6.924646   6.386322  1163
  2  15   4.196355  -6.020458   8.661577  1163
  2  16   5.928692  -4.807952  10.101698  1163
  2  17   6.617414  -4.243758  10.595004  1163
  2  18   4.996332  -4.966301  10.472820  1163
  2  19   8.780159  -4.272175   9.091068  1163
  2  20   8.599515  -3.854730  10.450668  1163
  2  21   9.842636  -5.209154   8.850829  1163
  2  22   9.331260  -3.314948   8.180851  1163
  2  23   5.766970  -7.267996   4.218355  1163
  2  24   4.951782  -6.394534   3.461894  1163
  2  25   3.926342  -6.882514   2.659866  1163
  2  26   3.630793  -8.247896   2.585860  1163
  2  27   4.422849  -9.129958   3.328502  1163
  2  28   5.455654  -8.635488   4.128634  1163
  2  29   6.186577  -9.594822   4.949322  1163
  2  30   5.912506 -10.779625   4.944085  1163
  2  31   7.060697  -9.252655   5.719087  1163
  2  32   4.246400 -10.198421   3.362444  1163
  2  33   2.521087  -8.821747   1.848058  1163
  2  34   2.296446 -10.016195   1.896333  1163
  2  35   3.341094  -6.198740   2.041770  1163
  2  36   5.157696  -5.335631   3.456940  1163
  2  37  11.671349  -4.731598   5.145394  1163
  2  38  12.000012  -5.662668   6.187644  1163
  2  39  11.183587  -3.658559   5.974356  1163
  2  40  12.710899  -4.327449   4.239304  1163
  2  41  10.463608  -6.034143   3.114770  1163
  2  42  11.578957  -5.758680   2.378957  1163
  2  43  12.340720  -5.261627   2.820719  1163
  2  44  11.631826  -6.083102   1.421378  1163
  2  45   0.000000   0.000000   0.000000  1163
  2  46  -0.278820  -0.491779  -0.920549  1163
  2  47  -0.575058   1.407412   0.000000  1163
  2  48  -1.783140   1.568619  -0.133223  1163
  2  49  -0.449965  -0.829861   1.211634  1163
  2  50  -1.445594  -0.614250   1.615165  1163
  2  51   0.255073  -0.785711   2.044625  1163
  2  52  -0.626344  -2.558871   0.672361  1163
  2  53  -2.431308  -2.798714   0.644457  1163
  2  54  -2.900899  -2.418542  -0.774293  1163
  2  55  -2.214590  -1.852845  -1.392246  1163
  2  56  -3.346049  -3.740675  -1.333944  1163
  2  57  -4.070706  -3.791348  -2.318169  1163
  2  58  -3.122165  -4.741700  -0.463526  1163
  2  59  -2.793502  -4.251439   0.750814  1163
  2  60  -2.972908  -4.813585   1.820583  1163
  2  61  -3.639807  -6.083576  -0.686939  1163
  2  62  -3.971224  -6.458581   0.274798  1163
  2  63  -4.535406  -6.020000  -1.311406  1163
  2  64  -2.578501  -7.030200  -1.281023  1163
  2  65  -3.137932  -7.755434  -1.876063  1163
  2  66  -1.822522  -6.522151  -1.878419  1163
  2  67  -1.879937  -7.921044  -0.246181  1163
  2  68  -1.792849  -8.921475  -0.695684  1163
  2  69  -2.511308  -8.006575   0.646769  1163
  2  70  -0.470619  -7.390326   0.031433  1163
  2  71   0.102510  -7.183363  -0.883000  1163
  2  72  -0.457746  -6.485331   0.647969  1163
  2  73   0.285844  -8.440475   0.851404  1163
  2  74   0.472136  -9.324702   0.235907  1163
  2  75  -0.338436  -8.764756   1.692901  1163
  2  76   1.595815  -8.002004   1.323753  1163
  2  77   1.836635  -7.019431   1.351286  1163
  2  78   1.452552   0.000000   0.000000  1163
  2  79   1.933224  -0.070047   0.888844  1163
  2  80  -2.913494  -2.145092   1.377720  1163
  2  81  -3.858596  -1.891355  -0.686015  1163
  3  -1   3.170413  14.578614  13.263275  2850
  3   0   3.930285  14.001053  12.244693  2850
  3   1   3.286615  13.460315  11.119797  2850
  3   2   1.892371  13.430168  10.995373  2850
  3   3   1.169922  14.006763  12.031231  2850
  3   4   0.085836  13.996518  12.075358  2850
  3   5   1.388682  13.009088  10.123829  2850
  3   6   4.038216  13.007429  10.033479  2850
  3   7   5.445072  12.975978  10.127136  2850
  3   8   6.054626  13.448586  11.293190  2850
  3   9   5.306539  13.984195  12.312840  2850
  3  10   7.438736  13.354112  11.409445  2850
  3  11   8.157051  12.813448  10.332453  2850
  3  12   7.574375  12.315124   9.170403  2850
  3  13   6.174758  12.365948   9.102673  2850
  3  14   5.776315  11.947132   8.188486  2850
  3  15   8.149399  11.857978   8.367989  2850
  3  16   9.507249  12.622571  10.406797  2850
  3  17   9.950356  13.103124  11.192942  2850
  3  18  10.053119  12.274620   9.627337  2850
  3  19   8.176902  13.866795  12.918506  2850
  3  20   9.574657  13.557184  12.860031  2850
  3  21   7.864890  15.259059  12.717139  2850
  3  22   7.385805  13.549861  14.070513  2850
  3  23   3.434452  12.459598   8.844888  2850
  3  24   3.319694  11.061722   8.853290  2850
  3  25   2.829028  10.364066   7.741252  2850
  3  26   2.446715  11.025266   6.563053  2850
  3  27   2.645628  12.407049   6.585618  2850
  3  28   3.085841  13.161515   7.676991  2850
  3  29   3.190469  14.614862   7.618387  2850
  3  30   2.850955  15.097987   6.557480  2850
  3  31   3.565962  15.306304   8.539643  2850
  3  32   2.481662  12.877363   5.612572  2850
  3  33   2.033797  10.346966   5.353133  2850
  3  34   1.772235  10.936277   4.326101  2850
  3  35   2.835437   9.281901   7.765291  2850
  3  36   3.604618  10.428951   9.694135  2850
  3  37   3.961303  15.385668  14.610888  2850
  3  38   3.131957  16.042616  15.581816  2850
  3  39   5.038157  16.130741  14.015695  2850
  3  40   4.738339  14.326413  15.177982  2850
  3  41   1.780720  14.592758  13.143051  2850
  3  42   1.014435  15.056826  14.174966  2850
  3  43   1.410605  15.347878  15.057996  2850
  3  44   0.023390  14.873803  14.083112  2850
  3  45   0.000000   0.000000   0.000000  2850
  3  46  -0.365774  -0.466948  -0.918186  2850
  3  47  -0.724310   1.338763  -0.000000  2850
  3  48  -1.944245   1.319184   0.146880  2850
  3  49  -0.483633  -0.716260   1.268214  2850
  3  50  -0.183199  -1.765807   1.201232  2850
  3  51  -1.563794  -0.818121   1.321864  2850
  3  52   0.238405  -0.097420   2.818150  2850
  3  53  -1.022678   0.575658   3.943824  2850
  3  54  -0.574609   0.436008   5.408145  2850
  3  55   0.333725  -0.158563   5.456269  2850
  3  56  -0.131087   1.813286   5.832516  2850
  3  57   0.608938   2.028192   6.765186  2850
  3  58  -0.385205   2.657755   4.820982  2850
  3  59  -1.047073   2.076624   3.808501  2850
  3  60  -1.417395   2.708232   2.834216  2850
  3  61  -0.128189   4.103989   4.767583  2850
  3  62  -0.939134   4.684991   4.328266  2850
  3  63   0.022545   4.522121   5.766856  2850
  3  64   1.158327   4.450754   4.002710  2850
  3  65   1.922958   4.269787   4.749967  2850
  3  66   1.306579   3.711771   3.206076  2850
  3  67   1.108704   5.866361   3.413650  2850
  3  68   0.132965   6.074811   2.986360  2850
  3  69   1.896287   6.066734   2.685320  2850
  3  70   1.185006   6.873086   4.572348  2850
  3  71   0.150334   7.118001   4.824688  2850
  3  72   1.711230   6.444371   5.428612  2850
  3  73   1.776778   8.210093   4.117569  2850
  3  74   1.163091   8.680678   3.343143  2850
  3  75   2.734945   8.018578   3.622960  2850
  3  76   2.028833   8.995644   5.323092  2850
  3  77   2.419418   8.498172   6.098891  2850
  3  78   1.450897  -0.000000  -0.000000  2850
  3  79   1.869811  -0.164539   0.900909  2850
  3  80  -2.008345   0.153233   3.751689  2850
  3  81  -1.341309   0.018209   6.073291  2850
  4  -1  -9.524822   9.429575  12.273275  1447
  4   0  -8.285081  10.037933  12.050688  1447
  4   1  -7.292833   9.303805  11.392582  1447
  4   2  -7.524517   7.984909  10.986954  1447
  4   3  -8.727613   7.344346  11.282480  1447
  4   4  -8.915091   6.318204  10.977051  1447
  4   5  -6.834213   7.380563  10.406223  1447
  4   6  -6.065814   9.939442  11.141814  1447
  4   7  -5.866718  11.289387  11.443167  1447
  4   8  -6.924619  11.963702  12.069460  1447
  4   9  -8.117679  11.355408  12.381045  1447
  4  10  -6.684272  13.282680  12.457061  1447
  4  11  -5.492313  13.886182  12.056167  1447
  4  12  -4.478274  13.261472  11.320260  1447
  4  13  -4.695244  11.908973  11.010309  1447
  4  14  -3.927187  11.375672  10.456161  1447
  4  15  -3.589151  13.814837  11.028802  1447
  4  16  -5.208039  15.193244  12.309500  1447
  4  17  -5.898478  15.714573  12.845420  1447
  4  18  -4.323729  15.650863  12.126255  1447
  4  19  -7.857671  14.085835  13.494404  1447
  4  20  -8.361804  13.159748  14.468474  1447
  4  21  -7.293040  15.360642  13.849029  1447
  4  22  -8.875150  14.155775  12.495429  1447
  4  23  -5.072605   9.153289  10.450656  1447
  4  24  -4.156668   8.414702  11.231460  1447
  4  25  -3.160916   7.624619  10.652452  1447
  4  26  -3.007333   7.630622   9.261775  1447
  4  27  -3.939424   8.359132   8.517546  1447
  4  28  -4.950164   9.155417   9.056094  1447
  4  29  -5.879298   9.877978   8.191216  1447
  4  30  -5.740632   9.770674   6.981482  1447
  4  31  -6.875738  10.417811   8.613461  1447
  4  32  -3.746652   8.467635   7.456809  1447
  4  33  -1.910177   6.957861   8.576691  1447
  4  34  -1.927295   6.872103   7.358761  1447
  4  35  -2.409426   7.150934  11.277740  1447
  4  36  -4.245148   8.379880  12.309355  1447
  4  37 -10.871878  10.382721  12.906087  1447
  4  38 -12.082810   9.633236  13.064226  1447
  4  39 -10.784635  11.648426  12.232452  1447
  4  40 -10.364857  10.939837  14.128524  1447
  4  41  -9.712092   8.089667  11.944369  1447
  4  42 -10.874695   7.399833  12.170375  1447
  4  43 -11.632579   7.935984  12.563005  1447
  4  44 -10.826090   6.393064  12.089422  1447
  4  45   0.000000   0.000000   0.000000  1447
  4  46  -0.409467  -0.310291  -0.963669  1447
  4  47  -0.728047   1.335872  -0.000000  1447
  4  48  -1.930252   1.448338   0.232719  1447
  4  49  -0.372755  -0.899773   1.181549  1447
  4  50   0.377635  -1.655522   1.427842  1447
  4  51  -1.353245  -1.302389   0.897224  1447
  4  52  -0.557964   0.114664   2.683585  1447
  4  53   0.917378  -0.049785   3.735739  1447
  4  54   2.021545   0.971110   3.416546  1447
  4  55   1.635247   1.791445   2.812950  1447
  4  56   2.424687   1.512559   4.766515  1447
  4  57   3.475644   2.096929   4.896896  1447
  4  58   1.565330   1.077148   5.705199  1447
  4  59   0.622792   0.273318   5.182155  1447
  4  60  -0.137705  -0.396713   5.845559  1447
  4  61   1.729505   1.511865   7.095188  1447
  4  62   1.255826   0.773874   7.740789  1447
  4  63   2.788778   1.510517   7.382299  1447
  4  64   1.086637   2.838687   7.502205  1447
  4  65   1.392979   3.476948   6.675902  1447
  4  66  -0.000551   2.700408   7.500620  1447
  4  67   1.527865   3.365409   8.870411  1447
  4  68   2.415956   3.985508   8.700793  1447
  4  69   1.949635   2.548989   9.468879  1447
  4  70   0.384715   4.123518   9.555962  1447
  4  71  -0.492859   3.466557   9.575144  1447
  4  72   0.810818   4.296155  10.549205  1447
  4  73   0.101471   5.476634   8.882201  1447
  4  74   0.009211   5.248790   7.816145  1447
  4  75   0.904727   6.159938   9.149173  1447
  4  76  -1.083613   6.206497   9.314488  1447
  4  77  -1.172506   6.278497  10.314996  1447
  4  78   1.454578   0.000000  -0.000000  1447
  4  79   2.033647  -0.366886   0.742614  1447
  4  80   1.348156  -1.052110   3.649841  1447
  4  81   2.869421   0.461624   2.945238  1447
  5  -1  -6.236925 -15.843963   5.785908   971
  5   0  -5.913767 -15.394213   4.502090   971
  5   1  -4.787166 -14.585717   4.314206   971
  5   2  -4.055046 -14.194367   5.433599   971
  5   3  -4.350266 -14.625815   6.734290   971
  5   4  -3.771411 -14.318668   7.594226   971
  5   5  -3.143857 -13.635766   5.274848   971
  5   6  -4.404686 -14.301484   2.993175   971
  5   7  -5.227997 -14.758466   1.947790   971
  5   8  -6.391089 -15.499170   2.152184   971
  5   9  -6.659134 -15.858901   3.448618   971
  5  10  -7.267303 -15.736183   1.092103   971
  5  11  -6.921038 -15.400016  -0.219382   971
  5  12  -5.714420 -14.729918  -0.419251   971
  5  13  -4.882696 -14.362879   0.644571   971
  5  14  -3.992893 -13.779984   0.429668   971
  5  15  -5.474036 -14.474984  -1.449504   971
  5  16  -7.756142 -15.551237  -1.286497   971
  5  17  -8.582073 -16.120518  -1.186202   971
  5  18  -7.438847 -15.266132  -2.210098   971
  5  19  -8.914544 -16.292170   1.388037   971
  5  20  -9.865873 -16.245207   0.310230   971
  5  21  -8.513650 -17.601992   1.801381   971
  5  22  -9.384967 -15.925242   2.687678   971
  5  23  -3.271533 -13.450394   2.766014   971
  5  24  -3.406862 -12.054119   2.826803   971
  5  25  -2.330545 -11.188058   2.606392   971
  5  26  -1.076337 -11.721613   2.305757   971
  5  27  -0.927210 -13.107660   2.294010   971
  5  28  -1.996285 -13.982536   2.506068   971
  5  29  -1.768595 -15.425699   2.526957   971
  5  30  -0.650892 -15.847293   2.324968   971
  5  31  -2.627016 -16.231659   2.848897   971
  5  32   0.035363 -13.567255   2.129316   971
  5  33   0.128970 -10.950694   2.034246   971
  5  34   1.226461 -11.421268   1.770676   971
  5  35  -2.482155 -10.111839   2.691633   971
  5  36  -4.383231 -11.628299   3.039131   971
  5  37  -7.571219 -16.956581   6.054882   971
  5  38  -7.796706 -17.343193   7.428556   971
  5  39  -7.289863 -17.969439   5.069612   971
  5  40  -8.710925 -16.296461   5.483293   971
  5  41  -5.454797 -15.478623   6.880349   971
  5  42  -5.751053 -15.840800   8.166878   971
  5  43  -6.687002 -16.174988   8.330639   971
  5  44  -5.049695 -15.641992   8.876294   971
  5  45   0.000000   0.000000   0.000000   971
  5  46  -0.284877  -0.559049  -0.877845   971
  5  47  -0.658109   1.376044   0.000000   971
  5  48  -1.668966   1.638932   0.653649   971
  5  49  -0.565407  -0.765673   1.203768   971
  5  50  -1.624412  -0.818532   0.951943   971
  5  51  -0.444627  -0.115124   2.082174   971
  5  52   0.229276  -2.365561   1.546463   971
  5  53   1.367464  -2.233552   2.956462   971
  5  54   0.544567  -2.386132   4.247495   971
  5  55  -0.416006  -2.858255   4.020784   971
  5  56   1.404225  -3.295590   5.102815   971
  5  57   1.207502  -3.656528   6.246898   971
  5  58   2.348866  -3.807439   4.295430   971
  5  59   2.374941  -3.358353   3.030068   971
  5  60   3.197146  -3.732468   2.234510   971
  5  61   3.122096  -4.967745   4.742089   971
  5  62   3.967823  -5.062015   4.042620   971
  5  63   3.476981  -4.847942   5.761208   971
  5  64   2.351068  -6.291117   4.680437   971
  5  65   2.998761  -7.090184   5.031988   971
  5  66   1.449678  -6.231609   5.284550   971
  5  67   1.930516  -6.628801   3.235859   971
  5  68   2.859016  -6.622439   2.669512   971
  5  69   1.270545  -5.915401   2.748621   971
  5  70   1.230399  -7.996311   3.306206   971
  5  71   1.740896  -8.694792   3.983272   971
  5  72   0.289896  -7.659512   3.751318   971
  5  73   0.977045  -8.641154   1.935772   971
  5  74   1.960587  -9.073787   1.724889   971
  5  75   0.785429  -7.946919   1.108714   971
  5  76  -0.103963  -9.619555   1.995383   971
  5  77  -1.022805  -9.252267   2.199659   971
  5  78   1.449757  -0.000000   0.000000   971
  5  79   1.898660   0.017021   0.897884   971
  5  80   1.954666  -1.318507   2.834874   971
  5  81   0.400474  -1.444466   4.768555   971
  6  -1   2.852551  -8.847972   9.994302  1343
  6   0   2.065215  -7.768529  10.405896  1343
  6   1   0.683819  -7.813912  10.210229  1343
  6   2   0.033495  -8.937410   9.694256  1343
  6   3   0.843390 -10.036773   9.385591  1343
  6   4   0.400166 -10.967050   9.056901  1343
  6   5  -1.042376  -9.036258   9.548552  1343
  6   6  -0.147536  -6.747099  10.553246  1343
  6   7   0.465577  -5.625625  11.128476  1343
  6   8   1.861829  -5.555895  11.199295  1343
  6   9   2.660308  -6.637328  10.897575  1343
  6  10   2.449700  -4.388320  11.685998  1343
  6  11   1.663260  -3.317606  12.092791  1343
  6  12   0.269001  -3.402388  12.049709  1343
  6  13  -0.329943  -4.534527  11.496513  1343
  6  14  -1.414618  -4.577144  11.392766  1343
  6  15  -0.355942  -2.569083  12.355728  1343
  6  16   2.088944  -2.143493  12.641564  1343
  6  17   3.086474  -2.083080  12.800889  1343
  6  18   1.391231  -1.634946  13.191177  1343
  6  19   4.206297  -4.286635  11.849183  1343
  6  20   4.755444  -4.738212  10.605755  1343
  6  21   4.571042  -2.931531  12.161678  1343
  6  22   4.745470  -5.343848  12.642715  1343
  6  23  -1.547021  -6.816198  10.230654  1343
  6  24  -1.961152  -6.465750   8.932893  1343
  6  25  -3.286355  -6.499755   8.497827  1343
  6  26  -4.257197  -6.912461   9.421590  1343
  6  27  -3.851184  -7.217811  10.719171  1343
  6  28  -2.530177  -7.202250  11.166160  1343
  6  29  -2.287037  -7.489930  12.567953  1343
  6  30  -3.195839  -7.761302  13.329619  1343
  6  31  -1.160336  -7.413994  13.014809  1343
  6  32  -4.710395  -7.434223  11.348473  1343
  6  33  -5.662185  -6.996086   9.041043  1343
  6  34  -6.610125  -7.416844   9.692022  1343
  6  35  -3.528808  -6.263711   7.460908  1343
  6  36  -1.150569  -6.187290   8.265049  1343
  6  37   4.611004  -8.828224  10.098477  1343
  6  38   5.049345  -7.685818   9.352981  1343
  6  39   5.256101 -10.057281   9.724080  1343
  6  40   4.883926  -8.405687  11.443680  1343
  6  41   2.227813 -10.000064   9.493418  1343
  6  42   2.971198 -11.058692   9.056624  1343
  6  43   3.960817 -11.094848   9.265059  1343
  6  44   2.443166 -11.916930   8.935343  1343
  6  45   0.000000   0.000000   0.000000  1343
  6  46  -0.334344  -0.314663  -0.990254  1343
  6  47  -0.458081   1.454119   0.000000  1343
  6  48   0.159641   2.356842   0.557146  1343
  6  49  -0.606373  -0.874116   1.101424  1343
  6  50  -0.665800  -0.337792   2.052805  1343
  6  51  -0.000344  -1.775618   1.228407  1343
  6  52  -2.230566  -1.554123   0.618529  1343
  6  53  -3.615264  -0.883754   1.579319  1343
  6  54  -4.989781  -1.184514   0.974221  1343
  6  55  -4.963369  -2.177143   0.513039  1343
  6  56  -5.893839  -1.216033   2.175714  1343
  6  57  -7.106447  -1.305897   2.113210  1343
  6  58  -5.138968  -1.752583   3.146119  1343
  6  59  -3.825458  -1.603700   2.890920  1343
  6  60  -2.919064  -1.772254   3.678789  1343
  6  61  -5.642719  -2.175079   4.445554  1343
  6  62  -4.868727  -1.868879   5.158070  1343
  6  63  -6.573668  -1.614706   4.607461  1343
  6  64  -5.997629  -3.666688   4.487277  1343
  6  65  -6.761577  -3.922410   3.747353  1343
  6  66  -5.164416  -4.331435   4.246925  1343
  6  67  -6.525315  -4.093148   5.872801  1343
  6  68  -7.352890  -3.444917   6.165070  1343
  6  69  -5.732822  -4.098356   6.613290  1343
  6  70  -6.867365  -5.591502   5.866679  1343
  6  71  -7.714472  -5.859530   5.237811  1343
  6  72  -6.031400  -6.156697   5.445823  1343
  6  73  -7.238163  -6.082767   7.274254  1343
  6  74  -7.686203  -7.079203   7.252482  1343
  6  75  -7.894264  -5.453414   7.882815  1343
  6  76  -5.967160  -6.219260   7.988412  1343
  6  77  -5.241796  -5.579783   7.731669  1343
  6  78   1.453892   0.000000  -0.000000  1343
  6  79   1.868091   0.155720   0.898271  1343
  6  80  -3.598825   0.186674   1.823681  1343
  6  81  -5.389466  -0.463314   0.255110  1343
  7  -1   7.919409 -10.863077   7.664464  1557
  7   0   6.752849 -11.509839   8.039339  1557
  7   1   5.621991 -11.413705   7.218965  1557
  7   2   5.655410 -10.614151   6.078352  1557
  7   3   6.837786  -9.964801   5.730736  1557
  7   4   6.867962  -9.358274   4.830395  1557
  7   5   4.793316 -10.444358   5.443557  1557
  7   6   4.459847 -12.146743   7.518764  1557
  7   7   4.438096 -12.911489   8.693324  1557
  7   8   5.564399 -12.962070   9.515689  1557
  7   9   6.735655 -12.387890   9.104623  1557
  7  10   5.537330 -13.718671  10.692560  1557
  7  11   4.319046 -14.313940  11.026532  1557
  7  12   3.179968 -14.217440  10.229230  1557
  7  13   3.225130 -13.514908   9.024982  1557
  7  14   2.333412 -13.454011   8.403028  1557
  7  15   2.246470 -14.693075  10.537052  1557
  7  16   4.252269 -15.102372  12.137753  1557
  7  17   5.092681 -15.293994  12.669817  1557
  7  18   3.531740 -15.789092  12.338392  1557
  7  19   6.991922 -13.902990  11.659972  1557
  7  20   6.883921 -15.034698  12.545222  1557
  7  21   8.222638 -13.607634  10.984096  1557
  7  22   6.786621 -12.705407  12.417431  1557
  7  23   3.300122 -12.020967   6.657301  1557
  7  24   2.481050 -10.945141   7.037715  1557
  7  25   1.244810 -10.773124   6.399653  1557
  7  26   0.952496 -11.536164   5.258723  1557
  7  27   1.835792 -12.554222   4.908937  1557
  7  28   2.997103 -12.905885   5.618505  1557
  7  29   3.813345 -14.053572   5.268557  1557
  7  30   3.422419 -14.812241   4.404496  1557
  7  31   4.840828 -14.347427   5.855863  1557
  7  32   1.606457 -13.185114   4.052736  1557
  7  33  -0.315369 -11.369322   4.566135  1557
  7  34  -0.531999 -11.948680   3.514273  1557
  7  35   0.623515  -9.947656   6.733105  1557
  7  36   2.714944 -10.258679   7.838317  1557
  7  37   9.333331 -10.957786   8.698318  1557
  7  38   8.833917 -10.607746   9.992870  1557
  7  39  10.486633 -10.323191   8.119538  1557
  7  40   9.507421 -12.374122   8.856377  1557
  7  41   7.997304 -10.067224   6.509407  1557
  7  42   9.056481  -9.308610   6.142194  1557
  7  43   9.875625  -9.298762   6.737181  1557
  7  44   8.926795  -8.541771   5.477105  1557
  7  45   0.000000   0.000000   0.000000  1557
  7  46  -0.363096  -0.569407  -0.861473  1557
  7  47  -0.582903   1.399259   0.000000  1557
  7  48  -1.807402   1.441880  -0.111736  1557
  7  49  -0.598093  -0.763637   1.185978  1557
  7  50  -1.579584  -1.073167   0.797950  1557
  7  51  -0.715626  -0.069780   2.017330  1557
  7  52   0.165736  -2.330442   1.716823  1557
  7  53   0.536220  -3.326357   0.239193  1557
  7  54   1.926248  -3.924568   0.483672  1557
  7  55   2.342379  -3.409606   1.356226  1557
  7  56   1.659969  -5.359479   0.862252  1557
  7  57   2.250675  -5.866018   1.800116  1557
  7  58   0.354190  -5.607211   0.678478  1557
  7  59  -0.322144  -4.557826   0.182635  1557
  7  60  -1.491467  -4.464775  -0.152961  1557
  7  61  -0.189485  -6.933206   0.943535  1557
  7  62  -0.781226  -7.220019   0.074179  1557
  7  63   0.575378  -7.707659   0.976805  1557
  7  64  -1.135205  -6.962407   2.158797  1557
  7  65  -0.842615  -6.287798   2.963156  1557
  7  66  -2.094254  -6.571580   1.819711  1557
  7  67  -1.308741  -8.419933   2.614107  1557
  7  68  -0.330082  -8.790009   2.925178  1557
  7  69  -1.723285  -9.025281   1.804225  1557
  7  70  -2.332357  -8.539111   3.751037  1557
  7  71  -2.082650  -7.951190   4.632509  1557
  7  72  -3.270482  -8.130494   3.354110  1557
  7  73  -2.441741  -9.975916   4.280879  1557
  7  74  -2.676738 -10.548276   3.378393  1557
  7  75  -3.298311 -10.003499   4.960093  1557
  7  76  -1.242998 -10.475716   4.949770  1557
  7  77  -0.977961  -9.976670   5.790432  1557
  7  78   1.448102   0.000000   0.000000  1557
  7  79   1.867133  -0.456129   0.797908  1557
  7  80   0.442927  -2.725385  -0.666030  1557
  7  81   2.572264  -3.905084  -0.391759  1557
  8  -1  -3.567460   2.658456  21.433121  1633
  8   0  -3.763828   3.031258  20.100958  1633
  8   1  -3.662130   2.098544  19.062880  1633
  8   2  -3.216611   0.799577  19.326706  1633
  8   3  -2.921987   0.476867  20.652775  1633
  8   4  -2.544821  -0.495303  20.941784  1633
  8   5  -3.083630   0.100127  18.511366  1633
  8   6  -4.070164   2.426573  17.757046  1633
  8   7  -4.429142   3.760601  17.519329  1633
  8   8  -4.409436   4.710761  18.541386  1633
  8   9  -4.142097   4.318232  19.821838  1633
  8  10  -4.621238   6.064821  18.248545  1633
  8  11  -4.980079   6.414526  16.945877  1633
  8  12  -5.033959   5.459238  15.921417  1633
  8  13  -4.783020   4.118067  16.212770  1633
  8  14  -4.852060   3.402860  15.391121  1633
  8  15  -5.297439   5.739148  14.909670  1633
  8  16  -5.284350   7.696776  16.623150  1633
  8  17  -5.198773   8.376307  17.368948  1633
  8  18  -5.575113   7.895892  15.672462  1633
  8  19  -4.605530   7.209898  19.577511  1633
  8  20  -3.515922   6.774688  20.407356  1633
  8  21  -4.855230   8.577545  19.212011  1633
  8  22  -5.626101   6.641523  20.406778  1633
  8  23  -4.103787   1.416897  16.726990  1633
  8  24  -2.978073   1.144199  15.947117  1633
  8  25  -3.075500   0.141287  14.977749  1633
  8  26  -4.247515  -0.563521  14.672753  1633
  8  27  -5.339192  -0.213741  15.469930  1633
  8  28  -5.312458   0.730200  16.488539  1633
  8  29  -6.500049   0.795803  17.341785  1633
  8  30  -7.479003   0.109236  17.165218  1633
  8  31  -6.521684   1.481967  18.349810  1633
  8  32  -6.215620  -0.808736  15.221229  1633
  8  33  -4.317931  -1.613559  13.669477  1633
  8  34  -5.308188  -2.248221  13.376385  1633
  8  35  -2.169579  -0.148941  14.448240  1633
  8  36  -2.060992   1.699859  16.117712  1633
  8  37  -3.743711   3.796561  22.760433  1633
  8  38  -4.985593   4.438646  22.406527  1633
  8  39  -2.904764   4.864000  22.284365  1633
  8  40  -3.509721   3.228019  24.058397  1633
  8  41  -3.111742   1.361532  21.714031  1633
  8  42  -2.862459   0.872239  22.958275  1633
  8  43  -3.154877   1.433169  23.756554  1633
  8  44  -2.550745  -0.077463  23.131485  1633
  8  45   0.000000   0.000000   0.000000  1633
  8  46  -0.363387  -0.320093  -0.974109  1633
  8  47  -0.557139   1.412266  -0.000000  1633
  8  48  -1.776008   1.528051  -0.140888  1633
  8  49  -0.715889  -0.837765   1.065905  1633
  8  50  -0.597791  -1.887216   0.792946  1633
  8  51  -1.776424  -0.616677   1.028656  1633
  8  52   0.045060  -0.637977   2.718521  1633
  8  53  -0.949603  -0.189028   4.171789  1633
  8  54  -2.389235   0.261189   3.876886  1633
  8  55  -2.645135  -0.100975   2.878761  1633
  8  56  -3.209716  -0.566997   4.828473  1633
  8  57  -4.333776  -0.320344   5.224133  1633
  8  58  -2.384411  -1.389500   5.499415  1633
  8  59  -1.106837  -1.392980   5.065030  1633
  8  60  -0.132430  -1.919877   5.564840  1633
  8  61  -2.688268  -2.183959   6.688828  1633
  8  62  -3.619404  -2.749130   6.738486  1633
  8  63  -1.887355  -2.923466   6.697114  1633
  8  64  -2.571412  -1.445497   8.029395  1633
  8  65  -1.606237  -0.955619   8.155728  1633
  8  66  -3.402780  -0.729828   8.088964  1633
  8  67  -2.789278  -2.384541   9.219870  1633
  8  68  -2.022818  -3.137638   9.414242  1633
  8  69  -3.684587  -2.992579   9.101067  1633
  8  70  -2.951197  -1.609412  10.535148  1633
  8  71  -2.053686  -1.033076  10.773492  1633
  8  72  -3.861803  -1.002750  10.456012  1633
  8  73  -3.203517  -2.605309  11.671027  1633
  8  74  -2.360571  -3.310180  11.673500  1633
  8  75  -4.072641  -3.220013  11.443732  1633
  8  76  -3.217711  -1.902332  12.953571  1633
  8  77  -2.410598  -1.346577  13.189799  1633
  8  78   1.451345   0.000000  -0.000000  1633
  8  79   1.957358  -0.220552   0.848180  1633
  8  80  -0.534265   0.627392   4.762934  1633
  8  81  -2.610133   1.330696   3.904428  1633
  9  -1  -1.475214  11.017847  11.631545  2908
  9   0  -1.295745   9.959834  10.736839  2908
  9   1  -1.959677   8.748243  10.897591  2908
  9   2  -2.791025   8.519073  12.005399  2908
  9   3  -3.039152   9.596084  12.857386  2908
  9   4  -3.681463   9.502125  13.721510  2908
  9   5  -3.290848   7.568335  12.161197  2908
  9   6  -1.766300   7.742055   9.942712  2908
  9   7  -0.952235   7.983893   8.828524  2908
  9   8  -0.277426   9.194338   8.745749  2908
  9   9  -0.464467  10.198524   9.663804  2908
  9  10   0.626644   9.419564   7.699549  2908
  9  11   0.817063   8.455710   6.695691  2908
  9  12   0.129442   7.250831   6.808553  2908
  9  13  -0.741984   6.987198   7.862456  2908
  9  14  -1.196565   6.003569   7.987086  2908
  9  15   0.343548   6.559858   6.000330  2908
  9  16   1.683533   8.635822   5.661772  2908
  9  17   1.948524   9.612786   5.567346  2908
  9  18   1.926148   7.918396   4.990254  2908
  9  19   1.395458  10.987424   7.507603  2908
  9  20   2.758655  10.589666   7.679594  2908
  9  21   1.524308  11.228889   6.101724  2908
  9  22   0.853068  12.057361   8.312055  2908
  9  23  -2.347522   6.421935  10.055701  2908
  9  24  -1.584901   5.404202  10.655056  2908
  9  25  -1.995475   4.069745  10.700418  2908
  9  26  -3.196836   3.766840  10.062076  2908
  9  27  -3.974193   4.777071   9.487752  2908
  9  28  -3.587241   6.126201   9.472832  2908
  9  29  -4.514310   7.018038   8.786848  2908
  9  30  -5.373133   6.497667   8.105205  2908
  9  31  -4.267567   8.210833   8.794324  2908
  9  32  -4.916137   4.422359   9.062522  2908
  9  33  -3.748170   2.422085  10.029460  2908
  9  34  -4.767866   2.102140   9.445028  2908
  9  35  -1.422236   3.261407  11.147167  2908
  9  36  -0.635797   5.712591  11.078601  2908
  9  37  -0.635330  12.548093  11.470163  2908
  9  38  -1.327569  13.099142  10.348845  2908
  9  39   0.687031  12.203048  11.026647  2908
  9  40  -0.684847  13.398374  12.634797  2908
  9  41  -2.351668  10.802526  12.700967  2908
  9  42  -2.633608  11.747763  13.649352  2908
  9  43  -2.041296  12.566408  13.780083  2908
  9  44  -3.228539  11.483105  14.422277  2908
  9  45   0.000000   0.000000   0.000000  2908
  9  46  -0.365672  -0.463629  -0.917625  2908
  9  47  -0.694098   1.349824  -0.000000  2908
  9  48  -1.850766   1.474619  -0.395911  2908
  9  49  -0.530402  -0.883271   1.140838  2908
  9  50  -0.123883  -1.887872   0.991112  2908
  9  51  -1.612008  -0.963679   1.246979  2908
  9  52   0.059773  -0.223745   2.732794  2908
  9  53  -0.711177  -1.234332   4.037418  2908
  9  54   0.146065  -2.487079   4.258463  2908
  9  55   1.001309  -2.345562   3.585908  2908
  9  56   0.561119  -2.347813   5.699205  2908
  9  57   1.211829  -3.170317   6.331151  2908
  9  58   0.114519  -1.185428   6.208233  2908
  9  59  -0.649822  -0.488913   5.351756  2908
  9  60  -1.140628   0.598511   5.596536  2908
  9  61   0.530051  -0.710901   7.514051  2908
  9  62   1.599399  -0.875789   7.690718  2908
  9  63   0.322420   0.360854   7.493378  2908
  9  64  -0.240829  -1.224281   8.740053  2908
  9  65  -0.382827  -2.303876   8.736299  2908
  9  66   0.397413  -0.883120   9.553720  2908
  9  67  -1.568564  -0.468831   8.915913  2908
  9  68  -2.290549  -0.768376   8.145322  2908
  9  69  -1.501558   0.614278   8.800656  2908
  9  70  -2.205089  -0.838077  10.252248  2908
  9  71  -2.520697  -1.878481  10.154028  2908
  9  72  -1.495429  -0.686965  11.074956  2908
  9  73  -3.454935   0.003351  10.591633  2908
  9  74  -3.897604  -0.285393  11.546865  2908
  9  75  -4.194482  -0.140608   9.801414  2908
  9  76  -3.124384   1.424600  10.669003  2908
  9  77  -2.313560   1.607214  11.233112  2908
  9  78   1.452106  -0.000000   0.000000  2908
  9  79   1.927826   0.368124   0.805964  2908
  9  80  -1.744641  -1.555213   3.896054  2908
  9  81  -0.430063  -3.393264   4.051090  2908
 10  -1   6.981699 -16.888012  11.752461  2532
 10   0   6.622844 -16.403267  10.487412  2532
 10   1   6.685949 -15.054794  10.131553  2532
 10   2   7.140598 -14.144881  11.098174  2532
 10   3   7.500212 -14.592229  12.362319  2532
 10   4   7.786079 -13.891920  13.144333  2532
 10   5   7.156564 -13.075260  10.892385  2532
 10   6   6.313407 -14.666742   8.837129  2532
 10   7   5.846595 -15.589449   7.884235  2532
 10   8   5.824547 -16.921822   8.276911  2532
 10   9   6.270832 -17.307381   9.515162  2532
 10  10   5.340248 -17.854225   7.350477  2532
 10  11   4.880272 -17.477066   6.084980  2532
 10  12   4.859748 -16.138189   5.704348  2532
 10  13   5.396509 -15.223403   6.609863  2532
 10  14   5.401069 -14.170744   6.356300  2532
 10  15   4.490248 -15.889954   4.712153  2532
 10  16   4.326025 -18.369085   5.221609  2532
 10  17   4.341234 -19.364782   5.414633  2532
 10  18   3.961850 -18.105728   4.306503  2532
 10  19   5.112920 -19.533146   7.835697  2532
 10  20   6.474594 -19.832907   8.194860  2532
 10  21   4.437026 -19.390146   9.089219  2532
 10  22   4.583762 -20.389515   6.809232  2532
 10  23   6.404645 -13.282288   8.445026  2532
 10  24   5.232284 -12.531658   8.644598  2532
 10  25   5.204151 -11.190234   8.252313  2532
 10  26   6.264751 -10.627243   7.545862  2532
 10  27   7.426469 -11.371691   7.371757  2532
 10  28   7.525308 -12.688779   7.834809  2532
 10  29   8.775217 -13.394039   7.585958  2532
 10  30   9.724815 -12.826161   7.098948  2532
 10  31   8.959967 -14.510155   8.028294  2532
 10  32   8.234653 -10.964140   6.770305  2532
 10  33   6.081524  -9.268861   7.061075  2532
 10  34   6.925441  -8.651287   6.439298  2532
 10  35   4.297129 -10.639003   8.501229  2532
 10  36   4.405852 -13.129246   9.001810  2532
 10  37   6.898066 -18.586613  12.208276  2532
 10  38   7.360320 -18.865826  13.545198  2532
 10  39   7.896322 -18.988289  11.254368  2532
 10  40   5.687693 -19.107670  11.648194  2532
 10  41   7.431787 -15.946723  12.685999  2532
 10  42   7.843099 -16.240030  13.950078  2532
 10  43   7.735901 -17.210196  14.211401  2532
 10  44   8.038494 -15.448402  14.562162  2532
 10  45   0.000000   0.000000   0.000000  2532
 10  46  -0.424239  -0.366989  -0.936453  2532
 10  47  -0.675134   1.361391  -0.000000  2532
 10  48  -1.902996   1.428110  -0.042478  2532
 10  49  -0.466817  -0.977650   1.086684  2532
 10  50  -0.188550  -1.985245   0.787817  2532
 10  51  -1.547182  -0.994245   0.929734  2532
 10  52   0.069183  -0.698475   2.797989  2532
 10  53   0.968602  -2.147851   3.439281  2532
 10  54   2.350042  -1.680348   3.918935  2532
 10  55   2.381213  -0.598777   4.109281  2532
 10  56   2.551516  -2.442052   5.208977  2532
 10  57   3.503392  -2.245749   5.944026  2532
 10  58   1.353305  -2.903163   5.589726  2532
 10  59   0.422716  -2.915849   4.614817  2532
 10  60  -0.531443  -3.659048   4.482760  2532
 10  61   1.212651  -3.399393   6.955073  2532
 10  62   1.744851  -2.801251   7.699916  2532
 10  63   0.158132  -3.256994   7.202291  2532
 10  64   1.553259  -4.870416   7.226684  2532
 10  65   1.260549  -4.980760   8.277750  2532
 10  66   0.881165  -5.592876   6.751978  2532
 10  67   3.031253  -5.256163   7.113427  2532
 10  68   3.552049  -4.689242   7.884642  2532
 10  69   3.424324  -4.880832   6.157800  2532
 10  70   3.249456  -6.761447   7.302924  2532
 10  71   2.757551  -7.020523   8.228292  2532
 10  72   2.817616  -7.205074   6.397601  2532
 10  73   4.732773  -7.164535   7.251076  2532
 10  74   5.125841  -6.839008   8.215975  2532
 10  75   5.146373  -6.764921   6.321697  2532
 10  76   4.924368  -8.611619   7.281812  2532
 10  77   4.123785  -9.228413   7.308930  2532
 10  78   1.446824  -0.000000   0.000000  2532
 10  79   1.875626  -0.147428   0.898276  2532
 10  80   1.096331  -2.828597   2.597634  2532
 10  81   3.123253  -1.802559   3.164410  2532
 11  -1   0.521315  -7.754936   1.187774   875
 11   0   1.373262  -6.770692   0.684832   875
 11   1   1.961653  -5.855169   1.567393   875
 11   2   1.594995  -5.797595   2.909089   875
 11   3   0.691496  -6.742325   3.403029   875
 11   4   0.442227  -6.650997   4.453897   875
 11   5   1.980286  -5.045500   3.593050   875
 11   6   2.904696  -4.935126   1.094114   875
 11   7   3.221666  -4.948105  -0.278279   875
 11   8   2.619404  -5.901148  -1.101681   875
 11   9   1.656485  -6.774992  -0.656162   875
 11  10   3.017115  -5.985244  -2.437701   875
 11  11   3.922684  -5.055876  -2.944279   875
 11  12   4.441927  -4.043178  -2.127866   875
 11  13   4.135722  -4.016903  -0.769872   875
 11  14   4.616457  -3.285643  -0.124074   875
 11  15   5.137356  -3.312796  -2.537770   875
 11  16   4.324539  -5.086970  -4.249095   875
 11  17   3.858711  -5.704667  -4.903892   875
 11  18   5.034874  -4.432091  -4.564781   875
 11  19   2.387525  -7.189239  -3.561895   875
 11  20   2.880474  -8.370373  -2.915812   875
 11  21   0.997702  -7.355831  -3.254745   875
 11  22   2.730787  -7.089418  -4.956314   875
 11  23   3.583767  -3.995652   1.962417   875
 11  24   2.970324  -2.737468   2.089150   875
 11  25   3.499711  -1.744679   2.915600   875
 11  26   4.702167  -1.959602   3.595384   875
 11  27   5.292422  -3.222635   3.502398   875
 11  28   4.762208  -4.228186   2.691325   875
 11  29   5.469851  -5.489889   2.631778   875
 11  30   6.461134  -5.576057   3.342015   875
 11  31   5.074003  -6.406715   1.940596   875
 11  32   6.247058  -3.359635   3.999390   875
 11  33   5.309398  -0.940797   4.434613   875
 11  34   6.353267  -1.194345   5.008768   875
 11  35   2.976328  -0.794193   2.908872   875
 11  36   2.064135  -2.606133   1.512026   875
 11  37  -0.216555  -8.983298   0.154585   875
 11  38   0.947186  -9.623928  -0.379456   875
 11  39  -0.650914  -8.486732  -1.121525   875
 11  40  -1.095209  -9.919271   0.800203   875
 11  41   0.174740  -7.716736   2.540484   875
 11  42  -0.696254  -8.605562   3.082572   875
 11  43  -1.096246  -9.371481   2.555431   875
 11  44  -0.910329  -8.476945   4.062230   875
 11  45   0.000000   0.000000   0.000000   875
 11  46  -0.326907  -0.426358  -0.943743   875
 11  47  -0.617998   1.387869   0.000000   875
 11  48  -1.770974   1.659626   0.319525   875
 11  49  -0.478251  -0.960435   1.089101   875
 11  50  -0.005589  -1.931563   0.906881   875
 11  51  -1.550273  -1.140791   1.037761   875
 11  52  -0.015113  -0.552388   2.805377   875
 11  53  -0.805987   0.950092   3.476480   875
 11  54  -1.559592   0.616251   4.771636   875
 11  55  -1.183823  -0.339515   5.156228   875
 11  56  -1.227303   1.791330   5.660721   875
 11  57  -1.693543   1.885621   6.767396   875
 11  58  -0.094409   2.357324   5.189972   875
 11  59   0.118836   2.070111   3.896552   875
 11  60   0.976166   2.649797   3.253241   875
 11  61   0.595429   3.462702   5.858375   875
 11  62   1.133511   4.100684   5.155206   875
 11  63  -0.073707   3.976782   6.548142   875
 11  64   1.752752   2.973624   6.737412   875
 11  65   2.204500   3.763309   7.339093   875
 11  66   1.311354   2.323142   7.487441   875
 11  67   2.682337   2.217703   5.782920   875
 11  68   2.835749   2.926782   4.961963   875
 11  69   2.270131   1.297989   5.361598   875
 11  70   4.072160   1.894047   6.356541   875
 11  71   4.446685   2.785454   6.869400   875
 11  72   3.971334   1.101313   7.097896   875
 11  73   5.058058   1.468418   5.262994   875
 11  74   6.071078   1.373556   5.655030   875
 11  75   5.104847   2.225923   4.476484   875
 11  76   4.630324   0.198025   4.679859   875
 11  77   3.682108   0.115887   4.339511   875
 11  78   1.449035  -0.000000  -0.000000   875
 11  79   1.890638   0.431461   0.798078   875
 11  80  -1.464563   1.329163   2.702089   875
 11  81  -2.631409   0.473527   4.595461   875
 12  -1  -4.855925   0.681403  -2.216978  1256
 12   0  -3.997300   0.300254  -3.252007  1256
 12   1  -3.087237  -0.743643  -3.053860  1256
 12   2  -2.960119  -1.412202  -1.832481  1256
 12   3  -3.767994  -0.942090  -0.786951  1256
 12   4  -3.653754  -1.327279   0.229159  1256
 12   5  -2.221795  -2.193393  -1.687173  1256
 12   6  -2.251680  -1.074791  -4.134363  1256
 12   7  -2.345398  -0.434572  -5.381856  1256
 12   8  -3.386366   0.468037  -5.578789  1256
 12   9  -4.138188   0.842622  -4.499600  1256
 12  10  -3.550532   1.141173  -6.802732  1256
 12  11  -2.627174   0.861644  -7.811635  1256
 12  12  -1.588617  -0.045921  -7.627726  1256
 12  13  -1.448760  -0.720620  -6.406365  1256
 12  14  -0.611139  -1.409607  -6.322201  1256
 12  15  -0.900423  -0.243964  -8.447522  1256
 12  16  -2.720757   1.355691  -9.087981  1256
 12  17  -3.456466   2.028314  -9.230845  1256
 12  18  -2.239282   0.924105  -9.872785  1256
 12  19  -4.698990   2.423795  -7.147427  1256
 12  20  -5.938346   1.935358  -6.609354  1256
 12  21  -4.311375   3.273086  -6.045129  1256
 12  22  -4.715517   3.028899  -8.441906  1256
 12  23  -1.266007  -2.124387  -4.024823  1256
 12  24  -0.013908  -1.710586  -3.554056  1256
 12  25   1.020655  -2.626448  -3.366250  1256
 12  26   0.825365  -3.974968  -3.692224  1256
 12  27  -0.451313  -4.342224  -4.114732  1256
 12  28  -1.520239  -3.464941  -4.342923  1256
 12  29  -2.804356  -3.977778  -4.800789  1256
 12  30  -2.940012  -5.120948  -5.192910  1256
 12  31  -3.782662  -3.270966  -4.965516  1256
 12  32  -0.579119  -5.388148  -4.368718  1256
 12  33   1.876871  -4.969436  -3.577455  1256
 12  34   1.554876  -6.108755  -3.844421  1256
 12  35   1.998753  -2.341066  -2.987857  1256
 12  36   0.173254  -0.655439  -3.322240  1256
 12  37  -5.995090   1.999315  -2.477005  1256
 12  38  -6.810334   2.290969  -1.331483  1256
 12  39  -6.735275   1.395573  -3.546078  1256
 12  40  -5.370108   3.070249  -3.199847  1256
 12  41  -4.776254  -0.004130  -1.003388  1256
 12  42  -5.613876   0.306600   0.031519  1256
 12  43  -6.167172   1.145675  -0.031850  1256
 12  44  -5.470440  -0.180412   0.912056  1256
 12  45   0.000000   0.000000   0.000000  1256
 12  46  -0.371022  -0.587769  -0.836344  1256
 12  47  -0.644399   1.382660  -0.000000  1256
 12  48  -1.840580   1.442460  -0.277444  1256
 12  49  -0.445668  -0.830854   1.212544  1256
 12  50  -1.514179  -0.654203   1.366080  1256
 12  51   0.094821  -0.412683   2.066712  1256
 12  52  -0.138273  -2.619157   1.106796  1256
 12  53   0.811179  -3.162151   2.565870  1256
 12  54   0.330118  -4.536239   3.047287  1256
 12  55  -0.528782  -4.932052   2.504588  1256
 12  56   1.542482  -5.423988   2.861331  1256
 12  57   1.563277  -6.634841   2.895990  1256
 12  58   2.584344  -4.677978   2.438378  1256
 12  59   2.298367  -3.365859   2.398898  1256
 12  60   3.126418  -2.558722   2.015281  1256
 12  61   3.914322  -5.256546   2.235847  1256
 12  62   4.728118  -4.545011   2.121596  1256
 12  63   4.087024  -5.878254   3.116160  1256
 12  64   3.964728  -6.173775   1.001566  1256
 12  65   4.964380  -6.623940   0.964858  1256
 12  66   3.303183  -7.041378   1.016508  1256
 12  67   3.750571  -5.343637  -0.272878  1256
 12  68   4.422515  -4.487244  -0.224055  1256
 12  69   2.713253  -5.004036  -0.279262  1256
 12  70   3.988279  -6.230564  -1.507283  1256
 12  71   4.842014  -6.886585  -1.285085  1256
 12  72   3.139294  -6.916768  -1.580434  1256
 12  73   4.186392  -5.440735  -2.804288  1256
 12  74   4.402064  -6.163198  -3.582770  1256
 12  75   5.104168  -4.856199  -2.697498  1256
 12  76   3.074358  -4.554829  -3.135276  1256
 12  77   3.275501  -3.567445  -3.187386  1256
 12  78   1.452205  -0.000000  -0.000000  1256
 12  79   1.956679  -0.177642   0.857234  1256
 12  80   0.743764  -2.425341   3.372883  1256
 12  81   0.018383  -4.486176   4.091759  1256
 13  -1   5.790787   5.975528   2.056591  1863
 13   0   4.574646   5.578907   2.622539  1863
 13   1   4.564460   4.765911   3.763737  1863
 13   2   5.802915   4.367704   4.266785  1863
 13   3   7.017737   4.888673   3.813246  1863
 13   4   7.948607   4.666312   4.324555  1863
 13   5   5.912906   3.726800   5.130060  1863
 13   6   3.392815   4.216100   4.308401  1863
 13   7   2.155051   4.459733   3.683673  1863
 13   8   2.199338   5.252122   2.531866  1863
 13   9   3.356982   5.795940   2.029251  1863
 13  10   0.998447   5.393330   1.828717  1863
 13  11  -0.191356   4.775998   2.238803  1863
 13  12  -0.205773   4.002284   3.403217  1863
 13  13   0.971209   3.891116   4.150249  1863
 13  14   0.970098   3.281748   5.047618  1863
 13  15  -1.089792   3.473886   3.718506  1863
 13  16  -1.347615   4.890792   1.532481  1863
 13  17  -1.328903   5.352654   0.629468  1863
 13  18  -2.196147   4.404919   1.803812  1863
 13  19   0.977722   6.321138   0.336858  1863
 13  20   1.872414   7.423001   0.534917  1863
 13  21   1.894314   5.562275  -0.464943  1863
 13  22  -0.271130   6.479644  -0.365526  1863
 13  23   3.393369   3.379376   5.483089  1863
 13  24   3.606627   1.994728   5.323485  1863
 13  25   3.579320   1.108596   6.391485  1863
 13  26   3.482013   1.649089   7.677526  1863
 13  27   3.311863   3.025497   7.850308  1863
 13  28   3.217259   3.903504   6.773855  1863
 13  29   2.897612   5.307950   7.005500  1863
 13  30   2.702512   5.752250   8.126362  1863
 13  31   2.935872   6.068446   6.065934  1863
 13  32   3.110733   3.441681   8.836735  1863
 13  33   3.433360   0.769207   8.834436  1863
 13  34   3.036297   1.128566   9.933029  1863
 13  35   3.628181   0.046365   6.151744  1863
 13  36   3.722718   1.592091   4.320189  1863
 13  37   5.864529   6.950305   0.588609  1863
 13  38   7.171255   7.209853   0.042801  1863
 13  39   4.937817   8.018868   0.812843  1863
 13  40   5.016412   6.107747  -0.199105  1863
 13  41   7.014966   5.649957   2.636581  1863
 13  42   8.236303   5.938293   2.099741  1863
 13  43   8.416713   6.515014   1.285956  1863
 13  44   9.022458   5.795621   2.716916  1863
 13  45   0.000000   0.000000   0.000000  1863
 13  46  -0.383688  -0.350448  -0.967248  1863
 13  47  -0.646223   1.376371   0.000000  1863
 13  48  -1.837066   1.520555  -0.271304  1863
 13  49  -0.575738  -0.910260   1.086486  1863
 13  50  -0.358668  -1.966170   0.922677  1863
 13  51  -1.664770  -0.859224   1.068871  1863
 13  52   0.020517  -0.340855   2.716965  1863
 13  53  -1.191535  -0.786995   4.004946  1863
 13  54  -1.742530  -2.200035   3.762823  1863
 13  55  -1.102545  -2.874582   3.190106  1863
 13  56  -1.723125  -2.751529   5.160421  1863
 13  57  -1.920028  -3.907644   5.491369  1863
 13  58  -1.135880  -1.894863   6.005979  1863
 13  59  -0.584053  -0.834244   5.380058  1863
 13  60  -0.016355   0.059744   5.986608  1863
 13  61  -1.122782  -2.147654   7.444041  1863
 13  62  -1.306515  -1.317015   8.124322  1863
 13  63  -2.029811  -2.734517   7.638698  1863
 13  64   0.117269  -2.916815   7.937565  1863
 13  65  -0.066950  -3.614191   8.756670  1863
 13  66   0.476767  -3.519331   7.105738  1863
 13  67   1.238873  -1.933644   8.313171  1863
 13  68   0.896356  -1.216790   9.062304  1863
 13  69   1.505776  -1.368042   7.421961  1863
 13  70   2.411002  -2.700112   8.931913  1863
 13  71   2.060308  -3.315810   9.754792  1863
 13  72   2.986534  -3.316284   8.227143  1863
 13  73   3.364606  -1.660973   9.535430  1863
 13  74   4.296169  -2.202109   9.716160  1863
 13  75   2.809106  -1.302768  10.400362  1863
 13  76   3.499340  -0.552065   8.596776  1863
 13  77   3.663183  -0.829985   7.636664  1863
 13  78   1.442843  -0.000000  -0.000000  1863
 13  79   2.000769  -0.483777   0.687589  1863
 13  80  -1.994742  -0.037379   4.020326  1863
 13  81  -2.761767  -2.141224   3.370016  1863
 14  -1  -3.629449 -17.822580  -0.999695  2333
 14   0  -4.509134 -17.422829   0.013887  2333
 14   1  -5.122759 -16.182770  -0.071663  2333
 14   2  -4.911194 -15.287522  -1.119694  2333
 14   3  -3.960780 -15.703604  -2.063775  2333
 14   4  -3.687953 -15.011148  -2.857795  2333
 14   5  -5.390891 -14.321998  -1.277995  2333
 14   6  -6.029452 -15.729730   0.902793  2333
 14   7  -6.316234 -16.564606   1.995513  2333
 14   8  -5.660753 -17.793255   2.095823  2333
 14   9  -4.817260 -18.210999   1.090383  2333
 14  10  -5.915832 -18.602871   3.201066  2333
 14  11  -6.830329 -18.171385   4.166889  2333
 14  12  -7.463086 -16.939709   4.026899  2333
 14  13  -7.204277 -16.079000   2.952888  2333
 14  14  -7.712294 -15.119599   2.974479  2333
 14  15  -8.156488 -16.635624   4.809731  2333
 14  16  -7.223964 -18.905010   5.254015  2333
 14  17  -6.720022 -19.761324   5.442083  2333
 14  18  -8.002531 -18.551199   5.792767  2333
 14  19  -5.281417 -20.230312   3.296725  2333
 14  20  -5.804283 -20.909575   4.457636  2333
 14  21  -5.557628 -20.893799   2.052180  2333
 14  22  -3.856487 -20.177202   3.103706  2333
 14  23  -6.625326 -14.418427   0.820236  2333
 14  24  -5.925295 -13.366454   1.429836  2333
 14  25  -6.405131 -12.048342   1.399131  2333
 14  26  -7.600814 -11.761766   0.733686  2333
 14  27  -8.287030 -12.842632   0.195321  2333
 14  28  -7.851953 -14.178700   0.183903  2333
 14  29  -8.650338 -15.232370  -0.436790  2333
 14  30  -9.681358 -14.850253  -0.945210  2333
 14  31  -8.230113 -16.371183  -0.545011  2333
 14  32  -9.200698 -12.656255  -0.359094  2333
 14  33  -8.156765 -10.418150   0.580689  2333
 14  34  -9.160982 -10.248687  -0.069715  2333
 14  35  -5.888274 -11.254154   1.914425  2333
 14  36  -5.057284 -13.495336   2.055732  2333
 14  37  -2.930451 -19.435587  -0.928957  2333
 14  38  -2.357650 -19.444414   0.393889  2333
 14  39  -1.975615 -19.663126  -1.977106  2333
 14  40  -4.140362 -20.192463  -0.794958  2333
 14  41  -3.295905 -16.924520  -2.002858  2333
 14  42  -2.325668 -17.157990  -2.934271  2333
 14  43  -1.878917 -18.066233  -2.808115  2333
 14  44  -2.251622 -16.580294  -3.760150  2333
 14  45   0.000000   0.000000   0.000000  2333
 14  46  -0.374018  -0.363543  -0.955117  2333
 14  47  -0.566243   1.411336  -0.000000  2333
 14  48  -1.722971   1.700503  -0.290112  2333
 14  49  -0.588207  -0.821469   1.158015  2333
 14  50  -1.668473  -0.677486   1.230775  2333
 14  51  -0.160801  -0.410641   2.074225  2333
 14  52  -0.090759  -2.572876   1.107822  2333
 14  53  -1.249833  -3.362848  -0.042086  2333
 14  54  -0.819590  -4.833921  -0.152248  2333
 14  55   0.105058  -5.175741   0.328565  2333
 14  56  -2.020523  -5.607599   0.328358  2333
 14  57  -2.094567  -6.814983   0.340118  2333
 14  58  -3.058865  -4.751852   0.416363  2333
 14  59  -2.716965  -3.459319   0.297351  2333
 14  60  -3.563910  -2.598416   0.129933  2333
 14  61  -4.356704  -5.225228   0.871918  2333
 14  62  -4.284938  -6.158998   1.424024  2333
 14  63  -4.775342  -4.589624   1.655912  2333
 14  64  -5.417423  -5.229920  -0.242471  2333
 14  65  -5.810848  -4.264718  -0.570645  2333
 14  66  -5.133400  -5.838758  -1.099002  2333
 14  67  -6.698822  -5.914367   0.261858  2333
 14  68  -7.446167  -5.690450  -0.501908  2333
 14  69  -7.010124  -5.516781   1.230319  2333
 14  70  -6.498170  -7.417045   0.461356  2333
 14  71  -6.104050  -7.902493  -0.443690  2333
 14  72  -5.648118  -7.702989   1.090201  2333
 14  73  -7.826746  -8.000815   0.953899  2333
 14  74  -8.670791  -7.802091   0.294128  2333
 14  75  -8.011167  -7.585413   1.948499  2333
 14  76  -7.487124  -9.407845   1.159628  2333
 14  77  -6.580711  -9.647370   1.552106  2333
 14  78   1.447790   0.000000   0.000000  2333
 14  79   1.913327  -0.263078   0.861492  2333
 14  80  -1.167294  -2.961640  -1.060527  2333
 14  81  -0.677235  -5.197188  -1.169486  2333
 15  -1   1.795139  -1.425021  -4.105703  1674
 15   0   2.985444  -2.066271  -3.766185  1674
 15   1   2.980602  -3.035046  -2.756703  1674
 15   2   1.807367  -3.424126  -2.101923  1674
 15   3   0.628606  -2.779235  -2.485640  1674
 15   4  -0.335253  -3.055344  -2.072313  1674
 15   5   1.746605  -4.211637  -1.361357  1674
 15   6   4.194823  -3.664990  -2.441684  1674
 15   7   5.376007  -3.354192  -3.116672  1674
 15   8   5.327071  -2.388146  -4.126849  1674
 15   9   4.149210  -1.747911  -4.417949  1674
 15  10   6.483026  -2.147803  -4.875318  1674
 15  11   7.674229  -2.801388  -4.556945  1674
 15  12   7.728073  -3.757621  -3.533366  1674
 15  13   6.571428  -4.019358  -2.791362  1674
 15  14   6.630387  -4.760019  -2.002095  1674
 15  15   8.673958  -4.238854  -3.325956  1674
 15  16   8.819815  -2.619432  -5.281256  1674
 15  17   8.814701  -2.015986  -6.101701  1674
 15  18   9.694088  -3.028369  -4.996095  1674
 15  19   6.552290  -0.920839  -6.127264  1674
 15  20   5.519930  -1.560727  -6.899841  1674
 15  21   5.794907   0.152741  -5.546579  1674
 15  22   7.816077  -0.578519  -6.698894  1674
 15  23   4.146710  -4.726732  -1.460209  1674
 15  24   4.320278  -4.346549  -0.123334  1674
 15  25   4.237674  -5.320672   0.881235  1674
 15  26   4.004654  -6.668706   0.603006  1674
 15  27   3.847608  -7.044118  -0.735949  1674
 15  28   3.929521  -6.091387  -1.746986  1674
 15  29   3.636921  -6.620606  -3.072924  1674
 15  30   3.257775  -7.761001  -3.218364  1674
 15  31   3.732659  -5.880949  -4.030025  1674
 15  32   3.618529  -8.098802  -0.887174  1674
 15  33   3.982185  -7.727445   1.602735  1674
 15  34   3.784422  -8.895542   1.344011  1674
 15  35   4.365620  -4.946999   1.888903  1674
 15  36   4.476501  -3.287404   0.036379  1674
 15  37   1.760789  -0.033744  -5.178860  1674
 15  38   3.019944   0.673165  -5.239752  1674
 15  39   0.500877   0.636760  -5.283007  1674
 15  40   1.966776  -0.738788  -6.409422  1674
 15  41   0.598540  -1.786648  -3.477389  1674
 15  42  -0.567088  -1.113703  -3.692463  1674
 15  43  -0.541233  -0.294704  -4.301537  1674
 15  44  -1.445303  -1.454062  -3.323147  1674
 15  45   0.000000   0.000000   0.000000  1674
 15  46  -0.351010  -0.429877  -0.937069  1674
 15  47  -0.726278   1.341612  -0.000000  1674
 15  48  -1.930271   1.421716  -0.244509  1674
 15  49  -0.439699  -0.903869   1.165967  1674
 15  50  -1.523279  -0.863755   1.257318  1674
 15  51  -0.109702  -0.424768   2.097076  1674
 15  52   0.158977  -2.616508   0.984428  1674
 15  53   0.625418  -3.347673   2.580027  1674
 15  54  -0.491963  -3.137128   3.611011  1674
 15  55  -1.332434  -2.590033   3.189944  1674
 15  56  -0.932075  -4.544646   3.907301  1674
 15  57  -1.847481  -4.868615   4.643834  1674
 15  58  -0.100522  -5.439959   3.362936  1674
 15  59   0.767603  -4.852678   2.518090  1674
 15  60   1.361510  -5.495605   1.674515  1674
 15  61  -0.130802  -6.869949   3.689752  1674
 15  62  -1.157148  -7.237502   3.685548  1674
 15  63   0.354168  -7.429856   2.892438  1674
 15  64   0.533820  -7.295711   5.011573  1674
 15  65   0.136083  -6.659732   5.810787  1674
 15  66   0.340479  -8.347145   5.247793  1674
 15  67   2.063662  -7.233106   4.950212  1674
 15  68   2.607314  -7.155629   5.888207  1674
 15  69   2.285965  -6.332206   4.358465  1674
 15  70   2.627982  -8.527776   4.348406  1674
 15  71   2.518004  -9.388364   5.011273  1674
 15  72   2.145292  -8.817102   3.408884  1674
 15  73   4.099555  -8.305676   3.997622  1674
 15  74   4.563993  -9.240216   3.668633  1674
 15  75   4.627864  -7.909288   4.871901  1674
 15  76   4.185684  -7.372207   2.879761  1674
 15  77   4.543193  -6.459830   3.147833  1674
 15  78   1.446686   0.000000  -0.000000  1674
 15  79   1.872071  -0.321372   0.862944  1674
 15  80   1.586375  -2.954773   2.940296  1674
 15  81  -0.137706  -2.697813   4.547444  1674
 16  -1  -5.094769   0.493047   4.402253  2080
 16   0  -5.734987  -0.392686   3.534956  2080
 16   1  -5.036334  -1.532057   3.113638  2080
 16   2  -3.729642  -1.762241   3.548913  2080
 16   3  -3.096848  -0.905739   4.449232  2080
 16   4  -2.089223  -1.082658   4.797791  2080
 16   5  -3.132738  -2.634755   3.280336  2080
 16   6  -5.642452  -2.403365   2.194101  2080
 16   7  -6.946396  -2.184908   1.724839  2080
 16   8  -7.571345  -1.010538   2.169478  2080
 16   9  -6.985440  -0.123658   3.043748  2080
 16  10  -8.862366  -0.767280   1.725075  2080
 16  11  -9.458306  -1.614743   0.780479  2080
 16  12  -8.775194  -2.706043   0.258922  2080
 16  13  -7.502737  -3.026600   0.757920  2080
 16  14  -6.977612  -3.898333   0.389104  2080
 16  15  -9.243805  -3.358176  -0.472057  2080
 16  16 -10.719898  -1.393787   0.310836  2080
 16  17 -11.279399  -0.686259   0.768840  2080
 16  18 -10.993947  -1.879788  -0.538224  2080
 16  19  -9.847160   0.505122   2.448096  2080
 16  20 -11.172421   0.630529   1.885633  2080
 16  21  -9.514952   0.647108   3.835460  2080
 16  22  -8.982539   1.618782   2.186770  2080
 16  23  -4.968688  -3.572344   1.698590  2080
 16  24  -4.278557  -3.407669   0.479405  2080
 16  25  -3.481178  -4.433980  -0.037674  2080
 16  26  -3.478981  -5.705132   0.533521  2080
 16  27  -4.221498  -5.828658   1.710724  2080
 16  28  -4.990413  -4.829850   2.324929  2080
 16  29  -5.699105  -5.076054   3.570737  2080
 16  30  -5.778582  -6.241632   3.889976  2080
 16  31  -6.391019  -4.266054   4.156278  2080
 16  32  -4.189323  -6.831007   2.126857  2080
 16  33  -2.798614  -6.810073  -0.121853  2080
 16  34  -2.753788  -7.945858   0.300150  2080
 16  35  -2.932815  -4.221256  -0.949455  2080
 16  36  -4.294234  -2.465105  -0.070716  2080
 16  37  -5.897923   1.915236   5.038269  2080
 16  38  -5.204354   2.784045   5.951034  2080
 16  39  -7.142742   1.350886   5.488312  2080
 16  40  -6.461548   2.659412   3.953178  2080
 16  41  -3.789038   0.240752   4.848024  2080
 16  42  -3.106468   1.118410   5.645024  2080
 16  43  -3.554317   1.957462   5.990175  2080
 16  44  -2.120023   0.894795   5.693134  2080
 16  45   0.000000   0.000000   0.000000  2080
 16  46  -0.347747  -0.523103  -0.886358  2080
 16  47  -0.659465   1.371865   0.000000  2080
 16  48  -1.780528   1.552570   0.458979  2080
 16  49  -0.568026  -0.889148   1.114160  2080
 16  50  -1.654302  -0.893566   1.071922  2080
 16  51  -0.325469  -0.488336   2.104828  2080
 16  52   0.036572  -2.601703   0.915369  2080
 16  53   0.833404  -3.105187   2.471828  2080
 16  54  -0.339773  -3.712442   3.257316  2080
 16  55  -1.342585  -3.408052   2.968154  2080
 16  56  -0.098456  -5.202359   3.246562  2080
 16  57  -0.838501  -6.170262   3.349978  2080
 16  58   1.044744  -5.392465   2.560159  2080
 16  59   1.761139  -4.286497   2.307144  2080
 16  60   2.767663  -4.199924   1.628975  2080
 16  61   1.477879  -6.740461   2.227586  2080
 16  62   2.547655  -6.739676   1.984316  2080
 16  63   1.372413  -7.424820   3.081946  2080
 16  64   0.766572  -7.279497   0.978914  2080
 16  65   1.344085  -8.175471   0.763942  2080
 16  66  -0.238438  -7.608880   1.279009  2080
 16  67   0.784309  -6.275172  -0.181266  2080
 16  68   1.815999  -5.918313  -0.220914  2080
 16  69   0.126634  -5.421304   0.032917  2080
 16  70   0.501051  -6.847459  -1.575091  2080
 16  71   0.544091  -6.048705  -2.318017  2080
 16  72   1.324833  -7.492894  -1.906603  2080
 16  73  -0.921284  -7.403694  -1.648332  2080
 16  74  -0.928709  -8.416039  -1.237839  2080
 16  75  -1.186390  -7.551473  -2.698704  2080
 16  76  -1.937982  -6.499287  -1.112823  2080
 16  77  -1.842276  -5.513684  -1.333338  2080
 16  78   1.454510  -0.000000  -0.000000  2080
 16  79   1.899473   0.310263   0.847020  2080
 16  80   1.311644  -2.253074   2.958029  2080
 16  81  -0.312959  -3.484296   4.331296  2080
