  1   0   1.446133   0.000000  -0.000000   214
  1   1   1.894156   0.089136   0.897067   214
  1   2   0.000000   0.000000   0.000000   214
  1   3  -0.494630  -0.429566  -0.868166   214
  1   4  -0.595035  -0.676348   1.228977   214
  1   5  -1.671215  -0.627063   1.070527   214
  1   6  -0.256891  -0.142793   2.111236   214
  1   7  -0.263807  -2.447997   1.354075   214
  1   8  -0.489374   1.445550   0.000000   214
  1   9   0.186912   2.329959   0.522452   214
  1  10  -2.529920  -3.116795  -3.036692   214
  1  11  -3.569798  -3.059647  -3.971297   214
  1  12  -1.214136  -3.249609  -3.475747   214
  1  13  -3.248667  -2.835405  -5.310174   214
  1  14  -0.909738  -3.032970  -4.830817   214
  1  15  -1.916008  -2.841376  -5.795343   214
  1  16  -0.120806  -3.581837  -2.671040   214
  1  17   1.192489  -3.645348  -3.152415   214
  1  18   1.505254  -3.418612  -4.496167   214
  1  19   0.381568  -3.254317  -5.314174   214
  1  20   0.474228  -3.283479  -6.390586   214
  1  21  -0.317260  -3.734401  -1.612019   214
  1  22   2.745873  -3.346787  -5.009203   214
  1  23   2.991701  -3.188231  -6.437044   214
  1  24   2.424325  -3.973233  -6.951977   214
  1  25   2.639590  -2.200451  -6.722188   214
  1  26   4.056679  -3.246705  -6.633263   214
  1  27  -4.924929  -3.235473  -3.643115   214
  1  28  -5.986035  -3.035949  -4.529988   214
  1  29  -5.650797  -2.967355  -5.890654   214
  1  30  -4.304033  -2.789035  -6.223712   214
  1  31  -4.009039  -2.579799  -7.238255   214
  1  32  -5.167091  -3.359376  -2.593542   214
  1  33  -6.588263  -2.957859  -6.840795   214
  1  34  -6.216928  -2.962618  -8.259910   214
  1  35  -5.316459  -3.526094  -8.493677   214
  1  36  -6.953514  -3.523004  -8.841295   214
  1  37  -6.231450  -1.912088  -8.559034   214
  1  38  -7.994981  -3.234785  -6.516821   214
  1  39  -8.305118  -3.122006  -5.044919   214
  1  40  -7.302580  -3.052264  -4.063361   214
  1  41  -8.967645  -2.254048  -7.176352   214
  1  42  -8.356081  -4.660135  -6.913409   214
  1  43  -9.333376  -2.918141  -4.775807   214
  1  44  -8.782529  -1.228839  -6.867033   214
  1  45  -9.960843  -2.485965  -6.800631   214
  1  46  -9.023862  -2.431568  -8.257753   214
  1  47  -9.398725  -4.790910  -6.626716   214
  1  48  -7.693003  -5.221241  -6.266815   214
  1  49  -8.297028  -4.874104  -7.985666   214
  1  50   3.876544  -3.516326  -4.103311   214
  1  51   3.544901  -3.940316  -2.684493   214
  1  52   2.211622  -4.052364  -2.279142   214
  1  53   4.729301  -4.675529  -4.600964   214
  1  54   4.673428  -2.216216  -4.067428   214
  1  55   4.389845  -4.223326  -2.084680   214
  1  56   5.368108  -4.469783  -5.468946   214
  1  57   4.131292  -5.552185  -4.843571   214
  1  58   5.353656  -5.125085  -3.830845   214
  1  59   5.565463  -2.374053  -3.463886   214
  1  60   4.037110  -1.389746  -3.742239   214
  1  61   5.009012  -2.016274  -5.094854   214
  1  62   2.048705  -4.624207  -0.897347   214
  1  63   1.540176  -6.365247  -0.956291   214
  1  64   0.478309  -6.629612  -1.976611   214
  1  65   1.101627  -6.931546   0.368088   214
  1  66   2.524317  -7.419508  -1.379608   214
  1  67   2.977734  -4.448534  -0.371284   214
  1  68   1.286949  -4.106675  -0.309817   214
  1  69  -7.731863  -2.962387  -2.624320   214
  1  70  -8.144549  -4.583125  -1.924751   214
  1  71  -7.023423  -5.565623  -2.115722   214
  1  72  -9.341122  -5.271217  -2.520441   214
  1  73  -8.344532  -4.449656  -0.446713   214
  1  74  -8.646303  -2.375829  -2.559881   214
  1  75  -7.012150  -2.478481  -1.971059   214
  1  76  -2.808595  -3.462113  -1.709553   214
  1  77  -2.733152  -4.806778  -1.316764   214
  1  78  -3.229509  -5.294623  -0.099170   214
  1  79  -3.838029  -4.369156   0.762235   214
  1  80  -3.818805  -3.014580   0.396649   214
  1  81  -2.416515  -5.559258  -2.019484   214
  1  82  -3.048130  -6.318273   0.193989   214
  1  83  -4.276577  -2.342118   1.116050   214
  1  84  -3.363662  -2.522148  -0.829912   214
  1  85  -3.496568  -1.143946  -1.086418   214
  1  86  -3.026832  -0.619526  -2.096038   214
  1  87  -3.734165  -0.347900  -0.189394   214
  1  88  -4.458650  -4.835356   1.937519   214
  1  89  -5.003966  -4.021038   2.674618   214
  1  90  -4.542805  -6.137341   2.215821   214
  1  91  -4.193944  -6.795898   1.546869   214
  1  92  -5.037296  -6.623653   3.492529   214
  1  93  -5.617464  -7.539582   3.404319   214
  1  94  -5.623549  -5.830666   3.960800   214
  1  95  -3.921630  -6.981458   4.471439   214
  1  96  -3.096050  -7.403983   3.884510   214
  1  97  -4.292551  -7.764700   5.117542   214
  1  98  -3.577195  -5.733793   5.277481   214
  1  99  -4.411902  -5.420131   5.906428   214
  1 100  -3.444565  -4.870451   4.630064   214
  1 101  -2.334984  -5.753989   6.170904   214
  1 102  -2.274271  -6.708497   6.686005   214
  1 103  -2.419070  -4.941046   6.895162   214
  1 104  -1.077217  -5.619011   5.332572   214
  1 105  -0.999769  -6.521989   4.737734   214
  1 106  -0.210283  -5.593101   6.011655   214
  1 107  -0.961045  -4.361115   4.628085   214
  1 108  -0.893969  -3.090923   5.203770   214
  1 109  -0.171559  -2.903430   6.172517   214
  1 110  -1.089871  -2.124695   4.044707   214
  1 111  -1.943250  -1.486407   4.256438   214
  1 112  -0.266157  -1.415620   3.978326   214
  1 113  -1.272496  -2.948654   2.767506   214
  1 114  -2.349299  -2.853714   2.612970   214
  1 115  -0.992992  -4.374076   3.240529   214
  1 116  -1.476697  -5.360284   2.684181   214
  2   0   1.450998  -0.000000   0.000000   292
  2   1   1.924328  -0.554259   0.689174   292
  2   2   0.000000   0.000000   0.000000   292
  2   3  -0.321432  -0.444140  -0.944363   292
  2   4  -0.402622  -0.900007   1.158394   292
  2   5  -1.491389  -0.932353   1.209785   292
  2   6   0.064916  -0.529256   2.071659   292
  2   7   0.087800  -2.638579   1.053706   292
  2   8  -0.651414   1.373849   0.000000   292
  2   9  -0.415648   2.187388   0.895304   292
  2  10   1.100073  -2.597222  -3.233788   292
  2  11   2.089046  -1.831613  -3.863765   292
  2  12  -0.170569  -2.060054  -2.991670   292
  2  13   1.774093  -0.563614  -4.367740   292
  2  14  -0.425497  -0.814912  -3.580933   292
  2  15   0.512480   0.030314  -4.223585   292
  2  16  -1.206752  -2.726564  -2.338225   292
  2  17  -2.477393  -2.189396  -2.096108   292
  2  18  -2.750652  -0.937661  -2.664868   292
  2  19  -1.686971  -0.282933  -3.289938   292
  2  20  -1.863332   0.714133  -3.670672   292
  2  21  -1.049480  -3.764780  -2.107636   292
  2  22  -3.933147  -0.321649  -2.574122   292
  2  23  -4.191796   0.996847  -3.161038   292
  2  24  -3.551964   1.716864  -2.664462   292
  2  25  -4.071395   0.959822  -4.241192   292
  2  26  -5.222603   1.303737  -3.010849   292
  2  27   3.407379  -2.309483  -3.838470   292
  2  28   4.419579  -1.501052  -4.363917   292
  2  29   4.157484  -0.225533  -4.891325   292
  2  30   2.839496   0.228843  -4.820975   292
  2  31   2.515720   1.227125  -5.090053   292
  2  32   3.603520  -3.301026  -3.471091   292
  2  33   5.090221   0.582414  -5.399875   292
  2  34   4.763137   1.974805  -5.720601   292
  2  35   4.205314   2.486231  -4.949969   292
  2  36   5.623096   2.576465  -6.032813   292
  2  37   4.174509   1.962185  -6.642695   292
  2  38   6.354729   0.024069  -5.884508   292
  2  39   6.668375  -1.317992  -5.240846   292
  2  40   5.738807  -1.979879  -4.435050   292
  2  41   6.297185  -0.196612  -7.386569   292
  2  42   7.566929   0.926747  -5.715245   292
  2  43   7.663345  -1.709274  -5.366679   292
  2  44   7.199115  -0.708583  -7.722587   292
  2  45   6.232610   0.753301  -7.905796   292
  2  46   5.398633  -0.696613  -7.756030   292
  2  47   8.380024   0.386703  -6.209442   292
  2  48   7.668926   0.979184  -4.636290   292
  2  49   7.437502   1.939151  -6.117475   292
  2  50  -5.045417  -1.040395  -1.942645   292
  2  51  -4.686078  -2.344558  -1.260565   292
  2  52  -3.439213  -2.947082  -1.415143   292
  2  53  -5.724330  -0.180296  -0.885192   292
  2  54  -6.129977  -1.435631  -2.941252   292
  2  55  -5.466714  -2.895141  -0.757308   292
  2  56  -4.959892   0.313618  -0.282543   292
  2  57  -6.279397  -0.811355  -0.193406   292
  2  58  -6.321917   0.570896  -1.407396   292
  2  59  -5.696551  -2.181535  -3.611156   292
  2  60  -6.576084  -0.540554  -3.374293   292
  2  61  -6.989317  -1.931382  -2.486974   292
  2  62  -3.208408  -4.239765  -0.656591   292
  2  63  -3.777393  -5.661204  -1.615324   292
  2  64  -5.165472  -5.400848  -2.110963   292
  2  65  -3.605031  -6.971408  -0.913144   292
  2  66  -2.997792  -5.760309  -2.905478   292
  2  67  -2.165335  -4.258565  -0.332488   292
  2  68  -3.766577  -4.203882   0.276393   292
  2  69   6.276574  -3.166904  -3.679883   292
  2  70   6.784635  -2.967353  -1.953570   292
  2  71   7.368922  -4.208384  -1.354026   292
  2  72   5.722745  -2.412365  -1.042867   292
  2  73   7.933773  -2.004100  -1.860163   292
  2  74   7.205177  -3.339772  -4.218133   292
  2  75   5.560448  -3.992755  -3.674184   292
  2  76   1.388631  -3.825400  -2.610157   292
  2  77   1.983945  -3.778530  -1.341968   292
  2  78   2.215023  -4.939919  -0.596127   292
  2  79   1.948727  -6.212451  -1.127300   292
  2  80   1.469749  -6.235460  -2.445460   292
  2  81   2.254309  -2.842897  -0.884152   292
  2  82   2.594486  -4.797120   0.399473   292
  2  83   1.166648  -7.194694  -2.856677   292
  2  84   1.128811  -5.088892  -3.157952   292
  2  85   0.642183  -5.247494  -4.468615   292
  2  86   0.311171  -4.296533  -5.187367   292
  2  87   0.420406  -6.364841  -4.922100   292
  2  88   2.125293  -7.428149  -0.432241   292
  2  89   1.694487  -8.469699  -0.901901   292
  2  90   2.631978  -7.376572   0.803967   292
  2  91   2.853963  -6.464607   1.157865   292
  2  92   2.612748  -8.380342   1.850810   292
  2  93   3.623635  -8.407781   2.265962   292
  2  94   2.409439  -9.314825   1.335532   292
  2  95   1.545619  -8.108365   2.906350   292
  2  96   1.499720  -8.942737   3.601775   292
  2  97   0.577530  -8.063473   2.397051   292
  2  98   1.744859  -6.844554   3.731505   292
  2  99   1.543758  -5.991476   3.082342   292
  2 100   2.808126  -6.780919   3.939868   292
  2 101   0.887244  -6.731924   4.986580   292
  2 102   1.386553  -5.926628   5.534929   292
  2 103   0.842515  -7.679800   5.524474   292
  2 104  -0.544254  -6.354878   4.609674   292
  2 105  -1.039704  -6.357968   5.582002   292
  2 106  -0.959621  -7.179623   4.035336   292
  2 107  -0.632466  -5.031343   4.007701   292
  2 108  -0.694496  -3.829615   4.697268   292
  2 109  -0.385811  -3.618400   5.870938   292
  2 110  -0.831226  -2.707850   3.677880   292
  2 111  -1.746457  -2.190468   3.951498   292
  2 112   0.014605  -2.014554   3.674704   292
  2 113  -1.004139  -3.355764   2.307583   292
  2 114  -2.035565  -3.145322   2.020053   292
  2 115  -0.953624  -4.841368   2.674370   292
  2 116  -0.885117  -5.786429   1.898314   292
  3   0   1.446305   0.000000   0.000000   339
  3   1   1.942189  -0.481168   0.740120   339
  3   2   0.000000   0.000000   0.000000   339
  3   3  -0.273663  -0.392433  -0.976220   339
  3   4  -0.355251  -0.993272   1.099867   339
  3   5  -1.443056  -1.058861   1.108604   339
  3   6   0.023575  -0.718594   2.084722   339
  3   7   0.267300  -2.672234   0.813467   339
  3   8  -0.710915   1.351443  -0.000000   339
  3   9  -1.749285   1.531996  -0.618296   339
  3  10   2.692031  -3.663266  -2.810045   339
  3  11   3.911552  -3.010057  -3.033845   339
  3  12   1.488136  -2.965544  -2.895014   339
  3  13   3.879955  -1.735984  -3.607118   339
  3  14   1.525335  -1.701528  -3.505247   339
  3  15   2.693760  -1.033686  -3.914722   339
  3  16   0.228168  -3.462809  -2.553544   339
  3  17  -0.979530  -2.790396  -2.798341   339
  3  18  -0.987965  -1.525228  -3.404541   339
  3  19   0.306505  -1.009886  -3.583893   339
  3  20   0.444513   0.030270  -3.807571   339
  3  21   0.110211  -4.420643  -2.076843   339
  3  22  -2.111103  -0.843629  -3.662191   339
  3  23  -2.118224   0.537588  -4.137889   339
  3  24  -3.094367   1.012817  -4.136109   339
  3  25  -1.509224   1.130841  -3.441706   339
  3  26  -1.642390   0.645974  -5.108010   339
  3  27   5.143381  -3.550718  -2.652816   339
  3  28   6.332895  -2.841816  -2.909748   339
  3  29   6.308488  -1.541467  -3.409144   339
  3  30   5.053981  -0.986690  -3.703649   339
  3  31   4.868405   0.028279  -4.035769   339
  3  32   5.170622  -4.611239  -2.437979   339
  3  33   7.434183  -0.808642  -3.477516   339
  3  34   7.364074   0.642220  -3.718732   339
  3  35   8.284626   1.182261  -3.523951   339
  3  36   6.920737   0.828408  -4.697449   339
  3  37   6.715940   1.043148  -2.934654   339
  3  38   8.767926  -1.376052  -3.324298   339
  3  39   8.757624  -2.835398  -2.949060   339
  3  40   7.553660  -3.447494  -2.585732   339
  3  41   9.670986  -1.262027  -4.545110   339
  3  42   9.531320  -0.626626  -2.239820   339
  3  43   9.708668  -3.254496  -2.655679   339
  3  44   9.940362  -0.225283  -4.793897   339
  3  45   9.138734  -1.712055  -5.380923   339
  3  46  10.555446  -1.886563  -4.400936   339
  3  47   8.965257  -0.676291  -1.315642   339
  3  48   9.727890   0.416737  -2.496058   339
  3  49  10.476693  -1.140608  -2.082693   339
  3  50  -3.435304  -1.406429  -3.408922   339
  3  51  -3.366923  -2.864490  -3.036386   339
  3  52  -2.184946  -3.483247  -2.626788   339
  3  53  -4.060207  -0.672438  -2.233910   339
  3  54  -4.278003  -1.348630  -4.679401   339
  3  55  -4.243639  -3.491427  -2.958169   339
  3  56  -5.053013  -1.086587  -2.067125   339
  3  57  -4.165785   0.394748  -2.469212   339
  3  58  -3.579120  -0.901960  -1.286770   339
  3  59  -3.744506  -1.458979  -5.628772   339
  3  60  -4.763792  -0.386662  -4.822675   339
  3  61  -5.085440  -2.078085  -4.631023   339
  3  62  -2.270959  -4.899176  -2.103959   339
  3  63  -1.914327  -6.339610  -3.136947   339
  3  64  -2.199675  -7.663790  -2.490636   339
  3  65  -0.575951  -6.161155  -3.789560   339
  3  66  -2.940320  -6.436760  -4.230245   339
  3  67  -1.596897  -5.135884  -1.277273   339
  3  68  -3.322120  -5.012820  -1.865117   339
  3  69   7.691389  -4.763780  -1.865646   339
  3  70   7.919695  -6.207787  -2.936309   339
  3  71   6.778719  -6.377484  -3.896506   339
  3  72   8.079067  -7.496928  -2.202266   339
  3  73   9.187478  -6.140539  -3.736063   339
  3  74   6.829468  -4.988246  -1.238981   339
  3  75   8.554832  -4.599041  -1.217780   339
  3  76   2.656976  -4.863183  -2.069863   339
  3  77   2.803763  -4.781305  -0.679809   339
  3  78   2.727430  -5.936118   0.101138   339
  3  79   2.617218  -7.180531  -0.517567   339
  3  80   2.561699  -7.264713  -1.915683   339
  3  81   2.828239  -3.827657  -0.179452   339
  3  82   2.737110  -5.831872   1.173071   339
  3  83   2.409034  -8.224672  -2.376954   339
  3  84   2.632500  -6.109852  -2.709646   339
  3  85   2.684356  -6.169147  -4.114883   339
  3  86   2.740500  -5.156073  -4.810965   339
  3  87   2.696594  -7.287654  -4.623796   339
  3  88   2.425972  -8.361902   0.235284   339
  3  89   2.005591  -9.361468  -0.342860   339
  3  90   2.709177  -8.321252   1.544153   339
  3  91   3.224904  -7.535030   1.873510   339
  3  92   2.570062  -9.460848   2.428674   339
  3  93   3.320181  -9.472562   3.208536   339
  3  94   2.397278 -10.418887   1.937545   339
  3  95   1.264114  -9.183527   3.169141   339
  3  96   1.110206 -10.041878   3.830534   339
  3  97   0.380416  -9.083141   2.538588   339
  3  98   1.311753  -8.040477   4.175157   339
  3  99   1.785306  -7.111430   3.862234   339
  3 100   1.998400  -8.378451   4.950006   339
  3 101  -0.043286  -7.681688   4.783137   339
  3 102   0.035949  -7.200033   5.765497   339
  3 103  -0.606030  -8.593277   4.949637   339
  3 104  -0.905757  -6.897744   3.800450   339
  3 105  -1.894900  -6.860594   4.251692   339
  3 106  -0.893452  -7.517417   2.901586   339
  3 107  -0.397913  -5.573581   3.489839   339
  3 108  -0.469199  -4.525647   4.392366   339
  3 109  -1.082969  -4.621867   5.459572   339
  3 110  -0.337967  -3.265443   3.557761   339
  3 111  -1.054482  -2.510457   3.888222   339
  3 112   0.683602  -2.908975   3.609025   339
  3 113  -0.518840  -3.666635   2.096449   339
  3 114  -1.605264  -3.700417   2.012524   339
  3 115  -0.141673  -5.143845   2.199386   339
  3 116  -0.280025  -5.907811   1.248748   339
  4   0   1.444991   0.000000  -0.000000   268
  4   1   1.935790  -0.028399   0.888432   268
  4   2   0.000000   0.000000   0.000000   268
  4   3  -0.252182  -0.506310  -0.933677   268
  4   4  -0.553636  -0.892023   1.110939   268
  4   5  -1.644577  -0.901137   1.156383   268
  4   6  -0.358202  -0.508580   2.116610   268
  4   7  -0.020207  -2.618253   1.049448   268
  4   8  -0.553084   1.424185  -0.000000   268
  4   9   0.201800   2.359676   0.245568   268
  4  10  -0.915993  -2.752753  -3.729504   268
  4  11  -1.689701  -2.274954  -4.794861   268
  4  12   0.472528  -2.599355  -3.780300   268
  4  13  -1.082362  -1.512475  -5.795643   268
  4  14   1.066025  -1.882135  -4.827561   268
  4  15   0.295363  -1.205146  -5.790870   268
  4  16   1.399593  -3.051652  -2.824173   268
  4  17   2.765137  -2.787598  -2.907026   268
  4  18   3.326801  -2.152537  -4.015418   268
  4  19   2.436553  -1.648165  -4.977273   268
  4  20   2.722506  -1.005654  -5.799959   268
  4  21   1.003189  -3.596625  -1.981814   268
  4  22   4.637258  -2.119049  -4.296271   268
  4  23   5.224389  -1.623798  -5.534296   268
  4  24   6.293184  -1.851554  -5.536132   268
  4  25   4.684040  -2.125810  -6.343310   268
  4  26   5.107848  -0.546168  -5.477452   268
  4  27  -3.003479  -2.677451  -5.061655   268
  4  28  -3.783831  -2.226387  -6.133426   268
  4  29  -3.250956  -1.237733  -6.970809   268
  4  30  -1.872956  -1.006548  -6.836028   268
  4  31  -1.294682  -0.384486  -7.502091   268
  4  32  -3.451094  -3.457242  -4.465949   268
  4  33  -3.977604  -0.571599  -7.872111   268
  4  34  -3.221891   0.165016  -8.887590   268
  4  35  -3.913108   0.733059  -9.510283   268
  4  36  -2.757668   1.007080  -8.356910   268
  4  37  -2.527908  -0.503769  -9.406932   268
  4  38  -5.377199  -0.903782  -8.155998   268
  4  39  -5.900938  -1.948078  -7.189695   268
  4  40  -5.115880  -2.642860  -6.260682   268
  4  41  -6.186062   0.380907  -7.995631   268
  4  42  -5.575955  -1.510537  -9.537064   268
  4  43  -6.954785  -2.017286  -6.963383   268
  4  44  -7.227175   0.055369  -7.992557   268
  4  45  -5.875749   1.145997  -8.699652   268
  4  46  -5.977063   0.768281  -6.989224   268
  4  47  -4.838788  -2.276509  -9.789593   268
  4  48  -5.528342  -0.808919 -10.359237   268
  4  49  -6.570839  -1.953426  -9.622821   268
  4  50   5.573459  -2.636401  -3.296734   268
  4  51   4.956707  -2.947464  -1.953842   268
  4  52   3.600575  -3.290085  -1.896259   268
  4  53   6.254155  -3.938211  -3.720689   268
  4  54   6.706199  -1.670092  -2.978539   268
  4  55   5.678373  -3.094817  -1.151728   268
  4  56   5.577611  -4.784511  -3.577276   268
  4  57   7.157689  -4.136970  -3.142139   268
  4  58   6.521007  -3.923965  -4.773631   268
  4  59   7.280044  -1.835811  -2.071489   268
  4  60   6.166402  -0.726570  -2.828580   268
  4  61   7.429524  -1.522738  -3.780652   268
  4  62   3.107839  -3.821632  -0.573545   268
  4  63   3.154899  -5.608531  -0.314937   268
  4  64   2.151986  -6.341228  -1.148855   268
  4  65   2.920988  -6.081763   1.089071   268
  4  66   4.363211  -6.427810  -0.677379   268
  4  67   3.766390  -3.416252   0.204002   268
  4  68   2.069494  -3.553822  -0.396013   268
  4  69  -5.776646  -3.615105  -5.328037   268
  4  70  -5.405985  -5.308704  -5.824661   268
  4  71  -3.952966  -5.593891  -6.078635   268
  4  72  -6.164190  -5.690644  -7.064396   268
  4  73  -5.947718  -6.208181  -4.757343   268
  4  74  -6.858727  -3.450226  -5.424535   268
  4  75  -5.428684  -3.428787  -4.313538   268
  4  76  -1.502570  -3.447344  -2.659003   268
  4  77  -1.108104  -4.781390  -2.527411   268
  4  78  -1.903679  -5.661204  -1.778021   268
  4  79  -2.852888  -5.202759  -0.865974   268
  4  80  -3.125000  -3.828009  -0.888606   268
  4  81  -0.319725  -5.170077  -3.158271   268
  4  82  -1.601947  -6.693807  -1.684276   268
  4  83  -3.799053  -3.395413  -0.153816   268
  4  84  -2.478354  -2.968956  -1.771371   268
  4  85  -2.745761  -1.591956  -1.621165   268
  4  86  -2.347143  -0.754024  -2.439623   268
  4  87  -3.265902  -1.267335  -0.564578   268
  4  88  -3.642374  -6.083650  -0.087228   268
  4  89  -4.476427  -5.585821   0.666113   268
  4  90  -3.334552  -7.371088   0.033388   268
  4  91  -2.544235  -7.707064  -0.507372   268
  4  92  -3.901197  -8.203215   1.064056   268
  4  93  -3.986180  -9.207302   0.659965   268
  4  94  -4.950338  -7.989803   1.323590   268
  4  95  -2.952540  -8.291344   2.257279   268
  4  96  -1.923053  -8.126976   1.971378   268
  4  97  -3.042229  -9.266221   2.734113   268
  4  98  -3.263408  -7.270290   3.343657   268
  4  99  -4.160022  -7.651844   3.835898   268
  4 100  -3.366662  -6.277095   2.927961   268
  4 101  -2.261048  -7.126146   4.479744   268
  4 102  -2.040977  -8.095179   4.923190   268
  4 103  -2.571638  -6.400593   5.238434   268
  4 104  -0.958342  -6.578249   3.902539   268
  4 105  -0.657717  -7.144982   3.022289   268
  4 106  -0.290933  -6.650477   4.759539   268
  4 107  -1.131077  -5.180632   3.556953   268
  4 108  -1.153499  -4.095942   4.422307   268
  4 109  -0.645537  -4.046899   5.531438   268
  4 110  -1.302705  -2.837623   3.572795   268
  4 111  -2.240565  -2.317407   3.810262   268
  4 112  -0.479447  -2.153843   3.767704   268
  4 113  -1.302152  -3.304976   2.121422   268
  4 114  -2.262988  -3.039157   1.696883   268
  4 115  -1.248449  -4.830199   2.217916   268
  4 116  -0.716127  -5.482773   1.330737   268
  5   0   1.445857   0.000000   0.000000   226
  5   1   1.943139  -0.362319   0.791415   226
  5   2   0.000000   0.000000   0.000000   226
  5   3  -0.345331  -0.532793  -0.892344   226
  5   4  -0.409723  -0.818794   1.227149   226
  5   5  -1.490466  -0.721273   1.265648   226
  5   6   0.030637  -0.331470   2.097090   226
  5   7  -0.012799  -2.587112   1.277218   226
  5   8  -0.689348   1.352404   0.000000   226
  5   9  -1.906343   1.482298   0.144744   226
  5  10  -4.129941  -1.109183  -1.242499   226
  5  11  -3.011502  -1.248271  -2.081218   226
  5  12  -4.723567   0.141542  -1.040761   226
  5  13  -2.554609  -0.116467  -2.761559   226
  5  14  -4.305543   1.239929  -1.800301   226
  5  15  -3.220303   1.128874  -2.693900   226
  5  16  -5.805417   0.371447  -0.168671   226
  5  17  -6.396276   1.613819   0.061749   226
  5  18  -5.869805   2.689181  -0.673116   226
  5  19  -4.842180   2.507870  -1.606017   226
  5  20  -4.452583   3.261911  -2.278279   226
  5  21  -6.156907  -0.482365   0.376732   226
  5  22  -6.311133   3.919634  -0.373426   226
  5  23  -5.676978   5.067260  -1.003497   226
  5  24  -4.629087   5.122984  -0.697852   226
  5  25  -5.618256   4.926977  -2.085523   226
  5  26  -6.299445   5.961670  -0.906201   226
  5  27  -2.283837  -2.432892  -2.259208   226
  5  28  -1.069815  -2.527328  -2.961657   226
  5  29  -0.661406  -1.396721  -3.693455   226
  5  30  -1.400483  -0.223759  -3.549138   226
  5  31  -1.100174   0.754435  -3.903467   226
  5  32  -2.550946  -3.286802  -1.659216   226
  5  33   0.398729  -1.471697  -4.507885   226
  5  34   0.790401  -0.292985  -5.283336   226
  5  35   1.835458  -0.424300  -5.565320   226
  5  36   0.093169  -0.266465  -6.125336   226
  5  37   0.787358   0.543158  -4.582865   226
  5  38   1.227302  -2.671431  -4.539623   226
  5  39   0.728704  -3.865385  -3.758297   226
  5  40  -0.419614  -3.768810  -2.977885   226
  5  41   1.517857  -3.104071  -5.973185   226
  5  42   2.550324  -2.460310  -3.810829   226
  5  43   1.250400  -4.814856  -3.840985   226
  5  44   0.627798  -3.126594  -6.605156   226
  5  45   1.910289  -4.117213  -6.037537   226
  5  46   2.244280  -2.442541  -6.457322   226
  5  47   3.089519  -3.400860  -3.739199   226
  5  48   2.271320  -2.018010  -2.856719   226
  5  49   3.258903  -1.776595  -4.272841   226
  5  50  -7.355500   4.225213   0.611220   226
  5  51  -7.978939   2.997130   1.244730   226
  5  52  -7.467478   1.724193   0.953799   226
  5  53  -6.802470   5.056790   1.769252   226
  5  54  -8.515505   4.965640  -0.027107   226
  5  55  -8.920940   3.128105   1.750274   226
  5  56  -7.594666   5.334149   2.470322   226
  5  57  -6.408932   6.021802   1.426500   226
  5  58  -6.096040   4.535109   2.396472   226
  5  59  -8.630243   4.713868  -1.083020   226
  5  60  -8.141467   5.991101  -0.057508   226
  5  61  -9.462210   4.908769   0.518341   226
  5  62  -8.048656   0.650376   1.837338   226
  5  63  -6.965496   0.363090   3.256540   226
  5  64  -5.475513   0.219506   3.074504   226
  5  65  -7.433178  -0.877658   3.951528   226
  5  66  -6.916113   1.411402   4.337976   226
  5  67  -9.038106   0.991491   2.143660   226
  5  68  -8.108000  -0.256457   1.247823   226
  5  69  -0.790329  -4.931001  -2.084589   226
  5  70  -2.139427  -6.029929  -2.595167   226
  5  71  -1.858831  -6.850225  -3.819865   226
  5  72  -3.412859  -5.384145  -3.058344   226
  5  73  -2.488841  -7.054379  -1.569684   226
  5  74  -1.062279  -4.469502  -1.139515   226
  5  75   0.130370  -5.492383  -1.949824   226
  5  76  -4.536136  -2.185941  -0.449911   226
  5  77  -4.293169  -2.230168   0.929333   226
  5  78  -4.594720  -3.308449   1.767168   226
  5  79  -5.132673  -4.448519   1.138480   226
  5  80  -5.425231  -4.431420  -0.226444   226
  5  81  -3.855710  -1.365663   1.414268   226
  5  82  -4.372223  -3.322145   2.819075   226
  5  83  -5.807359  -5.318593  -0.716343   226
  5  84  -5.238766  -3.263172  -0.985148   226
  5  85  -5.831769  -3.177980  -2.262918   226
  5  86  -5.809843  -2.169396  -2.958097   226
  5  87  -6.564140  -4.067254  -2.698724   226
  5  88  -5.444046  -5.613810   1.861281   226
  5  89  -5.995418  -6.549834   1.279347   226
  5  90  -5.373019  -5.583300   3.198678   226
  5  91  -5.124445  -4.713181   3.647682   226
  5  92  -5.571587  -6.626837   4.179646   226
  5  93  -6.016858  -7.491406   3.688470   226
  5  94  -6.100616  -6.446186   5.113076   226
  5  95  -4.161006  -7.095645   4.517252   226
  5  96  -3.663236  -7.276556   3.558867   226
  5  97  -4.300991  -8.050982   5.023152   226
  5  98  -3.384578  -6.082394   5.361455   226
  5  99  -3.900883  -5.971416   6.311728   226
  5 100  -3.380979  -5.098677   4.897889   226
  5 101  -1.941214  -6.515042   5.657614   226
  5 102  -1.847429  -7.564544   5.935735   226
  5 103  -1.487365  -5.817869   6.364206   226
  5 104  -1.020994  -6.387823   4.455316   226
  5 105  -1.410107  -7.032625   3.667077   226
  5 106   0.003034  -6.719075   4.650599   226
  5 107  -0.858114  -4.993286   4.092508   226
  5 108  -0.174921  -4.043010   4.829749   226
  5 109   0.472376  -4.215877   5.864070   226
  5 110  -0.164543  -2.749423   4.033866   226
  5 111  -0.509530  -1.942427   4.682131   226
  5 112   0.891438  -2.541318   3.894976   226
  5 113  -0.972577  -2.986197   2.756323   226
  5 114  -1.857520  -2.351944   2.848523   226
  5 115  -1.273508  -4.470399   2.876228   226
  5 116  -1.962234  -5.103326   2.078505   226
  6   0   1.442324   0.000000   0.000000   283
  6   1   1.962385   0.507124   0.710535   283
  6   2   0.000000   0.000000   0.000000   283
  6   3  -0.237881  -0.387883  -0.986135   283
  6   4  -0.639937  -1.049848   0.910879   283
  6   5  -1.701075  -0.825685   1.091557   283
  6   6  -0.098867  -1.040228   1.858374   283
  6   7  -0.321216  -2.707552   0.271088   283
  6   8  -0.658244   1.367373   0.000000   283
  6   9  -1.821089   1.451892   0.384769   283
  6  10  -5.325568  -4.159077   7.724601   283
  6  11  -5.107934  -4.138264   9.107027   283
  6  12  -6.627772  -4.306560   7.229511   283
  6  13  -6.177803  -4.232339  10.005373   283
  6  14  -7.694799  -4.386978   8.138127   283
  6  15  -7.498034  -4.390401   9.529341   283
  6  16  -6.957103  -4.242628   5.872435   283
  6  17  -8.275460  -4.387211   5.426645   283
  6  18  -9.327024  -4.681561   6.294094   283
  6  19  -8.995199  -4.615139   7.652431   283
  6  20  -9.729779  -4.824028   8.415884   283
  6  21  -6.195068  -4.004650   5.140605   283
  6  22 -10.579726  -4.937510   5.890570   283
  6  23 -11.618742  -5.410553   6.807125   283
  6  24 -12.454062  -5.963395   6.371226   283
  6  25 -11.052850  -6.191177   7.318392   283
  6  26 -11.913059  -4.729928   7.609766   283
  6  27  -3.848022  -4.026203   9.699872   283
  6  28  -3.600573  -4.034261  11.073483   283
  6  29  -4.663304  -4.065000  11.992755   283
  6  30  -5.908516  -4.180225  11.380573   283
  6  31  -6.823567  -4.210372  11.946587   283
  6  32  -2.965072  -3.958119   9.082568   283
  6  33  -4.512921  -4.121395  13.321177   283
  6  34  -5.652539  -4.351503  14.224960   283
  6  35  -6.454577  -3.663498  13.921674   283
  6  36  -5.981660  -5.384245  14.179908   283
  6  37  -5.488708  -4.077809  15.266568   283
  6  38  -3.207042  -3.933818  13.946954   283
  6  39  -2.069574  -4.058049  12.959875   283
  6  40  -2.298094  -4.061869  11.587078   283
  6  41  -3.192137  -2.530610  14.540660   283
  6  42  -2.963616  -4.897173  15.111773   283
  6  43  -1.041581  -4.175083  13.269120   283
  6  44  -3.173418  -1.834007  13.706642   283
  6  45  -2.257880  -2.360383  15.078143   283
  6  46  -3.975455  -2.290088  15.255615   283
  6  47  -3.158854  -5.912854  14.783023   283
  6  48  -3.383562  -4.640790  16.084812   283
  6  49  -1.886189  -4.986973  15.283484   283
  6  50 -10.769629  -5.211615   4.467227   283
  6  51  -9.680900  -4.779146   3.522697   283
  6  52  -8.443315  -4.354441   4.037093   283
  6  53 -10.927011  -6.695477   4.166259   283
  6  54 -12.050687  -4.513816   4.020606   283
  6  55  -9.803688  -4.770973   2.445495   283
  6  56 -11.057498  -6.809117   3.087621   283
  6  57 -11.632887  -7.229007   4.808121   283
  6  58  -9.959409  -7.095717   4.450069   283
  6  59 -12.171393  -4.761412   2.971307   283
  6  60 -11.964922  -3.429801   4.084319   283
  6  61 -12.947500  -4.766873   4.595571   283
  6  62  -7.337113  -4.005633   3.062643   283
  6  63  -7.019433  -2.232814   2.993467   283
  6  64  -6.384833  -1.720357   1.737213   283
  6  65  -6.283260  -1.538868   4.106609   283
  6  66  -8.259029  -1.398261   2.840408   283
  6  67  -6.418874  -4.517766   3.353085   283
  6  68  -7.565426  -4.329746   2.047496   283
  6  69  -1.056001  -4.061213  10.726318   283
  6  70  -0.605686  -5.708078  10.133066   283
  6  71   0.739918  -5.663733   9.467950   283
  6  72  -1.546528  -6.348067   9.160630   283
  6  73  -0.511879  -6.692850  11.270398   283
  6  74  -0.196072  -3.794319  11.331122   283
  6  75  -1.089353  -3.337601   9.900018   283
  6  76  -4.305065  -4.248412   6.772188   283
  6  77  -4.077306  -5.469497   6.141808   283
  6  78  -3.040301  -5.606912   5.209801   283
  6  79  -2.172881  -4.545484   4.950857   283
  6  80  -2.462623  -3.315987   5.548264   283
  6  81  -4.795661  -6.266607   6.300172   283
  6  82  -2.945660  -6.611396   4.815139   283
  6  83  -1.893748  -2.423508   5.343421   283
  6  84  -3.489644  -3.137347   6.481117   283
  6  85  -3.731477  -1.867750   7.041153   283
  6  86  -4.585930  -1.597844   7.873053   283
  6  87  -2.974504  -0.932255   6.775739   283
  6  88  -1.102733  -4.662263   4.040668   283
  6  89  -0.491429  -3.653333   3.688722   283
  6  90  -0.754407  -5.865019   3.576499   283
  6  91  -1.285978  -6.625164   3.984558   283
  6  92   0.317752  -6.295960   2.703709   283
  6  93   0.730211  -7.219114   3.106150   283
  6  94   1.142391  -5.571421   2.700057   283
  6  95  -0.117171  -6.357087   1.240284   283
  6  96   0.698802  -6.577067   0.557135   283
  6  97  -0.488100  -5.346074   1.030859   283
  6  98  -1.188983  -7.401801   0.968810   283
  6  99  -2.062227  -7.217802   1.598801   283
  6 100  -0.870607  -8.421661   1.165593   283
  6 101  -1.669737  -7.350132  -0.485841   283
  6 102  -1.796543  -8.414634  -0.661509   283
  6 103  -0.881146  -7.024852  -1.175566   283
  6 104  -3.022135  -6.690848  -0.695974   283
  6 105  -3.863207  -7.145390  -0.180135   283
  6 106  -3.303209  -6.790318  -1.751770   283
  6 107  -2.961401  -5.277864  -0.410334   283
  6 108  -3.567298  -4.710155   0.706582   283
  6 109  -4.438459  -5.154831   1.451321   283
  6 110  -2.953845  -3.326407   0.858625   283
  6 111  -3.789300  -2.606513   0.814315   283
  6 112  -2.418319  -3.191545   1.796935   283
  6 113  -1.993865  -3.105694  -0.304270   283
  6 114  -2.272580  -2.318028  -1.001763   283
  6 115  -2.120189  -4.405154  -1.092713   283
  6 116  -1.400030  -4.654293  -2.061117   283
  7   0   1.452513  -0.000000   0.000000   176
  7   1   1.945591  -0.381239   0.794438   176
  7   2   0.000000   0.000000   0.000000   176
  7   3  -0.366745  -0.443850  -0.923145   176
  7   4  -0.522953  -0.872293   1.144085   176
  7   5  -1.610310  -0.805792   1.185752   176
  7   6  -0.110567  -0.517341   2.089889   176
  7   7   0.030362  -2.590654   1.046229   176
  7   8  -0.648945   1.384474   0.000000   176
  7   9  -1.743117   1.562335  -0.522738   176
  7  10   3.515696  -3.367423  -2.468551   176
  7  11   4.492761  -2.524749  -3.001890   176
  7  12   2.150410  -3.131879  -2.651334   176
  7  13   4.049802  -1.415706  -3.733948   176
  7  14   1.719087  -2.100734  -3.505033   176
  7  15   2.686512  -1.207178  -4.013510   176
  7  16   1.202675  -4.019382  -2.123474   176
  7  17  -0.155108  -3.856813  -2.435557   176
  7  18  -0.598065  -2.747767  -3.167616   176
  7  19   0.356348  -1.823907  -3.610425   176
  7  20   0.139135  -0.929966  -4.184783   176
  7  21   1.503601  -4.885209  -1.550074   176
  7  22  -1.891823  -2.474507  -3.403885   176
  7  23  -2.203559  -1.266036  -4.155826   176
  7  24  -1.912272  -1.333189  -5.204656   176
  7  25  -3.280587  -1.083894  -4.202025   176
  7  26  -1.794612  -0.316443  -3.804908   176
  7  27   5.865139  -2.734288  -2.793155   176
  7  28   6.796350  -1.945249  -3.479860   176
  7  29   6.418591  -0.790911  -4.178786   176
  7  30   5.033956  -0.606112  -4.305439   176
  7  31   4.640844   0.128456  -4.991858   176
  7  32   6.301004  -3.524801  -2.204930   176
  7  33   7.251489   0.164689  -4.600932   176
  7  34   6.766191   1.407954  -5.197741   176
  7  35   6.355662   1.213214  -6.185132   176
  7  36   6.051981   1.885982  -4.518261   176
  7  37   7.513032   2.180779  -5.351582   176
  7  38   8.695603  -0.071393  -4.539335   176
  7  39   9.049889  -1.419259  -3.952192   176
  7  40   8.148212  -2.287846  -3.332566   176
  7  41   9.318178   0.037178  -5.927971   176
  7  42   9.352946   0.995496  -3.672530   176
  7  43  10.102682  -1.680801  -3.970089   176
  7  44   8.566517  -0.365853  -6.617298   176
  7  45  10.291527  -0.444630  -5.992444   176
  7  46   9.520998   1.074987  -6.179407   176
  7  47  10.422884   0.816893  -3.620229   176
  7  48   9.000525   0.859921  -2.642763   176
  7  49   9.208781   1.994320  -4.075233   176
  7  50  -2.982275  -3.373939  -3.067829   176
  7  51  -2.455256  -4.617728  -2.389418   176
  7  52  -1.115029  -4.793798  -2.024328   176
  7  53  -4.012282  -2.809551  -2.084187   176
  7  54  -3.602371  -3.879915  -4.364274   176
  7  55  -3.135731  -5.440198  -2.277181   176
  7  56  -3.537519  -2.253386  -1.264565   176
  7  57  -4.627075  -3.611852  -1.694137   176
  7  58  -4.554720  -2.049415  -2.647531   176
  7  59  -4.325047  -4.637227  -4.043774   176
  7  60  -2.849539  -4.290796  -5.021404   176
  7  61  -4.154862  -3.088090  -4.875708   176
  7  62  -0.807078  -5.982954  -1.140432   176
  7  63  -0.137067  -7.530547  -1.791928   176
  7  64  -1.055266  -8.350251  -2.646322   176
  7  65   0.219556  -8.388827  -0.617078   176
  7  66   1.094864  -7.415299  -2.656314   176
  7  67  -0.102782  -5.720292  -0.359166   176
  7  68  -1.729135  -6.246422  -0.616789   176
  7  69   8.591513  -3.559752  -2.653198   176
  7  70   9.144211  -3.234162  -0.953369   176
  7  71   7.927907  -3.185921  -0.083669   176
  7  72   9.897041  -1.951548  -0.756524   176
  7  73  10.058969  -4.300611  -0.435294   176
  7  74   9.461521  -3.903648  -3.212950   176
  7  75   7.923569  -4.387401  -2.851310   176
  7  76   3.883198  -4.396269  -1.592013   176
  7  77   3.707709  -4.073388  -0.245368   176
  7  78   3.760654  -5.076470   0.725985   176
  7  79   4.051529  -6.393240   0.335981   176
  7  80   4.312525  -6.650761  -1.014746   176
  7  81   3.625301  -3.044680   0.095025   176
  7  82   3.583719  -4.756866   1.744928   176
  7  83   4.329530  -7.690046  -1.326671   176
  7  84   4.167603  -5.695488  -2.032513   176
  7  85   4.400784  -6.047809  -3.376982   176
  7  86   4.130286  -5.247893  -4.270275   176
  7  87   4.693451  -7.209172  -3.641906   176
  7  88   4.032186  -7.408538   1.312352   176
  7  89   4.321341  -8.550960   0.983171   176
  7  90   3.748952  -7.168807   2.598356   176
  7  91   3.602929  -6.202059   2.867938   176
  7  92   3.436945  -8.095855   3.658749   176
  7  93   3.787852  -7.780777   4.638183   176
  7  94   3.933531  -9.037761   3.438028   176
  7  95   1.927768  -8.348205   3.722861   176
  7  96   1.788288  -9.235050   4.337475   176
  7  97   1.565639  -8.654822   2.741869   176
  7  98   1.043439  -7.150482   4.082190   176
  7  99   1.443641  -6.294049   3.542407   176
  7 100   1.164951  -7.073659   5.162668   176
  7 101  -0.430143  -7.410921   3.782478   176
  7 102  -0.680879  -8.332437   4.304246   176
  7 103  -0.676957  -7.554853   2.726416   176
  7 104  -1.332167  -6.354464   4.399935   176
  7 105  -1.138983  -6.338524   5.467891   176
  7 106  -2.369193  -6.667994   4.261478   176
  7 107  -1.220085  -5.021445   3.838959   176
  7 108  -0.915235  -3.918042   4.619068   176
  7 109  -0.435928  -3.948055   5.751220   176
  7 110  -0.641573  -2.733557   3.692675   176
  7 111  -1.080123  -1.806702   4.055189   176
  7 112   0.431874  -2.557022   3.723403   176
  7 113  -1.074340  -3.241508   2.320052   176
  7 114  -2.005415  -2.701892   2.137803   176
  7 115  -1.224148  -4.746205   2.477664   176
  7 116  -1.857945  -5.467055   1.716232   176
  8   0   1.443226   0.000000   0.000000   429
  8   1   1.928527  -0.337003   0.808587   429
  8   2   0.000000   0.000000   0.000000   429
  8   3  -0.391969  -0.436411  -0.926987   429
  8   4  -0.446223  -0.787124   1.235848   429
  8   5  -1.535864  -0.783786   1.186170   429
  8   6  -0.240918  -0.248463   2.163638   429
  8   7   0.185003  -2.469553   1.434568   429
  8   8  -0.540596   1.420899   0.000000   429
  8   9  -1.628091   1.718109  -0.483654   429
  8  10   1.681444  -3.168428  -2.937942   429
  8  11   2.770255  -2.400743  -3.379812   429
  8  12   0.401532  -2.607598  -3.014068   429
  8  13   2.532524  -1.178922  -4.015454   429
  8  14   0.173986  -1.375992  -3.649024   429
  8  15   1.232448  -0.743999  -4.328099   429
  8  16  -0.609397  -3.164501  -2.217086   429
  8  17  -1.858474  -2.545629  -2.267123   429
  8  18  -2.148866  -1.386072  -2.981825   429
  8  19  -1.079041  -0.747220  -3.635923   429
  8  20  -1.013079   0.209257  -4.120690   429
  8  21  -0.444696  -4.098249  -1.691362   429
  8  22  -3.337455  -0.771492  -2.994144   429
  8  23  -3.532020   0.277714  -3.994399   429
  8  24  -3.076097  -0.080743  -4.920164   429
  8  25  -4.588888   0.451591  -4.193886   429
  8  26  -3.032306   1.196246  -3.673176   429
  8  27   4.080514  -2.914135  -3.410589   429
  8  28   5.147845  -2.198536  -3.956504   429
  8  29   4.945312  -0.882533  -4.417819   429
  8  30   3.622580  -0.449610  -4.511415   429
  8  31   3.328378   0.490607  -4.955978   429
  8  32   4.262191  -3.931509  -3.109850   429
  8  33   5.867690  -0.133686  -5.035031   429
  8  34   5.598293   1.237815  -5.441125   429
  8  35   6.486303   1.779057  -5.793532   429
  8  36   4.821145   1.323306  -6.200026   429
  8  37   5.312267   1.800116  -4.552527   429
  8  38   7.231441  -0.628134  -5.255493   429
  8  39   7.470767  -2.018398  -4.718464   429
  8  40   6.438704  -2.716356  -4.073328   429
  8  41   7.752773  -0.498479  -6.681326   429
  8  42   8.206548   0.253938  -4.475934   429
  8  43   8.389058  -2.503986  -5.010945   429
  8  44   7.454345   0.464061  -7.090057   429
  8  45   7.262968  -1.154252  -7.399487   429
  8  46   8.823293  -0.683066  -6.677285   429
  8  47   9.244779  -0.055540  -4.543026   429
  8  48   7.836267   0.128405  -3.456261   429
  8  49   8.236342   1.312640  -4.716074   429
  8  50  -4.538236  -1.265222  -2.320307   429
  8  51  -4.200312  -2.472989  -1.477871   429
  8  52  -2.917629  -3.040789  -1.489173   429
  8  53  -5.006217  -0.160279  -1.369783   429
  8  54  -5.701465  -1.741987  -3.173594   429
  8  55  -4.970739  -2.996665  -0.935554   429
  8  56  -5.925547  -0.435305  -0.852006   429
  8  57  -5.238544   0.707484  -1.990760   429
  8  58  -4.259626   0.135876  -0.645701   429
  8  59  -5.329173  -2.314259  -4.034642   429
  8  60  -6.257581  -0.881428  -3.549194   429
  8  61  -6.380567  -2.335218  -2.557640   429
  8  62  -2.744821  -4.252966  -0.610441   429
  8  63  -3.089743  -5.816808  -1.457512   429
  8  64  -3.004238  -6.916518  -0.449827   429
  8  65  -2.144983  -6.087108  -2.589841   429
  8  66  -4.460838  -5.838773  -2.068834   429
  8  67  -1.772694  -4.215011  -0.134285   429
  8  68  -3.492729  -4.204487   0.180938   429
  8  69   6.768522  -4.097803  -3.547861   429
  8  70   6.393668  -5.346341  -4.804181   429
  8  71   5.136831  -5.037269  -5.566371   429
  8  72   6.327083  -6.735738  -4.256332   429
  8  73   7.431552  -5.420606  -5.888563   429
  8  74   6.159886  -4.332604  -2.678014   429
  8  75   7.826499  -4.115866  -3.255528   429
  8  76   1.919869  -4.233323  -2.073446   429
  8  77   2.397827  -3.952811  -0.782450   429
  8  78   2.674568  -4.978355   0.117870   429
  8  79   2.347800  -6.287839  -0.254781   429
  8  80   2.016389  -6.564538  -1.589474   429
  8  81   2.496423  -2.907204  -0.545836   429
  8  82   2.952626  -4.715339   1.128269   429
  8  83   1.787182  -7.595089  -1.850873   429
  8  84   1.821479  -5.549664  -2.532101   429
  8  85   1.533513  -5.923143  -3.859991   429
  8  86   1.443160  -5.110732  -4.778590   429
  8  87   1.300148  -7.090118  -4.154111   429
  8  88   2.417506  -7.354007   0.654795   429
  8  89   2.003504  -8.463169   0.322889   429
  8  90   2.812801  -7.148857   1.916007   429
  8  91   3.222716  -6.252666   2.140085   429
  8  92   2.804487  -8.143366   2.961515   429
  8  93   3.698595  -8.033751   3.573606   429
  8  94   2.751690  -9.092160   2.413245   429
  8  95   1.582502  -7.914636   3.847029   429
  8  96   1.382187  -8.782037   4.472561   429
  8  97   0.744171  -7.811321   3.159114   429
  8  98   1.649712  -6.643515   4.684608   429
  8  99   1.797644  -5.809700   4.004046   429
  8 100   2.540840  -6.796561   5.298096   429
  8 101   0.481287  -6.548538   5.662545   429
  8 102   0.739458  -5.807342   6.414594   429
  8 103   0.259216  -7.496704   6.160003   429
  8 104  -0.831675  -6.116827   5.004324   429
  8 105  -1.660998  -6.058784   5.702003   429
  8 106  -1.033514  -6.875439   4.247445   429
  8 107  -0.679933  -4.811013   4.384628   429
  8 108  -0.599142  -3.638463   5.114971   429
  8 109  -1.181312  -3.516510   6.187122   429
  8 110  -0.684923  -2.526332   4.079979   429
  8 111  -1.402206  -1.750176   4.385408   429
  8 112   0.263022  -1.999584   4.064615   429
  8 113  -0.901521  -3.154449   2.701446   429
  8 114  -1.960121  -3.076103   2.432885   429
  8 115  -0.785738  -4.635489   3.015323   429
  8 116  -0.165736  -5.380250   2.249078   429
  9   0   1.446720   0.000000  -0.000000   574
  9   1   1.957048  -0.302002   0.820280   574
  9   2   0.000000   0.000000   0.000000   574
  9   3  -0.391989  -0.601609  -0.810995   574
  9   4  -0.527192  -0.840195   1.171428   574
  9   5  -1.605355  -0.821968   1.026745   574
  9   6  -0.325356  -0.322083   2.106800   574
  9   7   0.035598  -2.546416   1.391366   574
  9   8  -0.600255   1.400570   0.000000   574
  9   9  -1.803805   1.605530  -0.147507   574
  9  10   1.973431  -4.218741  -1.639269   574
  9  11   3.220942  -3.829810  -2.132978   574
  9  12   0.813219  -3.555382  -2.047151   574
  9  13   3.294418  -2.774165  -3.048628   574
  9  14   0.891811  -2.410153  -2.861074   574
  9  15   2.136834  -2.060273  -3.418570   574
  9  16  -0.427448  -3.951734  -1.533488   574
  9  17  -1.558143  -3.150993  -1.709953   574
  9  18  -1.461305  -1.973309  -2.462935   574
  9  19  -0.250843  -1.615035  -3.055576   574
  9  20  -0.059998  -0.683233  -3.561363   574
  9  21  -0.530025  -4.720331  -0.776760   574
  9  22  -2.532693  -1.180993  -2.642825   574
  9  23  -2.496750   0.037066  -3.440096   574
  9  24  -1.665285   0.632675  -3.062719   574
  9  25  -2.181901  -0.181923  -4.456469   574
  9  26  -3.359253   0.668436  -3.636208   574
  9  27   4.420621  -4.502098  -1.837178   574
  9  28   5.632464  -4.112817  -2.423773   574
  9  29   5.683131  -3.136919  -3.421399   574
  9  30   4.513174  -2.386563  -3.628194   574
  9  31   4.415020  -1.595896  -4.352979   574
  9  32   4.472117  -5.224939  -1.036086   574
  9  33   6.793918  -2.828647  -4.098686   574
  9  34   6.839884  -1.831345  -5.171941   574
  9  35   7.805585  -1.802807  -5.687989   574
  9  36   6.007449  -2.026245  -5.851033   574
  9  37   6.700671  -0.864924  -4.704657   574
  9  38   8.096243  -3.295151  -3.641278   574
  9  39   8.046268  -4.297458  -2.508368   574
  9  40   6.812375  -4.783511  -2.065470   574
  9  41   8.936489  -3.938490  -4.735036   574
  9  42   8.885753  -2.102776  -3.122808   574
  9  43   8.988884  -4.779827  -2.284320   574
  9  44   9.866247  -4.344402  -4.337815   574
  9  45   9.231362  -3.232778  -5.510935   574
  9  46   8.332434  -4.716164  -5.223031   574
  9  47   9.764015  -2.511122  -2.618619   574
  9  48   8.335196  -1.567045  -2.353858   574
  9  49   9.181939  -1.371794  -3.879737   574
  9  50  -3.841308  -1.470233  -2.050991   574
  9  51  -3.868680  -2.716177  -1.211900   574
  9  52  -2.744274  -3.543748  -1.078338   574
  9  53  -4.362211  -0.392010  -1.110514   574
  9  54  -4.949401  -1.609275  -3.085881   574
  9  55  -4.785719  -3.046942  -0.744744   574
  9  56  -3.744952  -0.303540  -0.216779   574
  9  57  -5.309318  -0.672830  -0.644545   574
  9  58  -4.370714   0.592871  -1.578311   574
  9  59  -5.811006  -2.175245  -2.715184   574
  9  60  -4.435064  -2.190586  -3.844324   574
  9  61  -5.212064  -0.601517  -3.397861   574
  9  62  -3.036451  -4.896612  -0.473865   574
  9  63  -3.599725  -6.197375  -1.596379   574
  9  64  -2.587435  -6.468385  -2.670821   574
  9  65  -4.868526  -5.737921  -2.273392   574
  9  66  -3.912846  -7.409348  -0.766937   574
  9  67  -2.151692  -5.260906   0.034457   574
  9  68  -3.863633  -4.859214   0.234707   574
  9  69   6.886682  -5.823872  -0.964277   574
  9  70   6.755558  -5.341004   0.773838   574
  9  71   7.911413  -4.463570   1.169826   574
  9  72   6.577362  -6.534134   1.674274   574
  9  73   5.542469  -4.568933   1.226412   574
  9  74   7.866830  -6.308290  -1.019490   574
  9  75   6.048304  -6.501625  -1.084157   574
  9  76   1.800903  -5.276355  -0.740498   574
  9  77   2.266577  -5.045147   0.564028   574
  9  78   2.029767  -6.019356   1.545933   574
  9  79   1.517781  -7.272934   1.195198   574
  9  80   1.239013  -7.522854  -0.155332   574
  9  81   2.706952  -4.130920   0.918374   574
  9  82   2.401089  -5.804238   2.541043   574
  9  83   0.974553  -8.545040  -0.409684   574
  9  84   1.374906  -6.541629  -1.150136   574
  9  85   1.115975  -6.867587  -2.495650   574
  9  86   1.301843  -6.086783  -3.416735   574
  9  87   0.699793  -7.984499  -2.808372   574
  9  88   1.202172  -8.214155   2.191335   574
  9  89   0.700347  -9.290661   1.872893   574
  9  90   1.189938  -7.874610   3.479535   574
  9  91   1.645657  -6.997789   3.724495   574
  9  92   0.590720  -8.691338   4.513989   574
  9  93   1.177219  -8.686876   5.432140   574
  9  94   0.348863  -9.727541   4.276743   574
  9  95  -0.749276  -8.088469   4.937142   574
  9  96  -1.191034  -8.895189   5.520370   574
  9  97  -1.295754  -7.902847   4.010802   574
  9  98  -0.424543  -6.852169   5.766667   574
  9  99   0.370565  -6.218878   5.363623   574
  9 100  -0.045063  -7.246091   6.707902   574
  9 101  -1.743871  -6.179894   6.143388   574
  9 102  -1.552888  -5.579183   7.038023   574
  9 103  -2.382970  -7.003932   6.447050   574
  9 104  -2.461564  -5.510451   4.974558   574
  9 105  -3.321786  -4.944719   5.329615   574
  9 106  -2.893645  -6.231342   4.288321   574
  9 107  -1.607979  -4.477037   4.424607   574
  9 108  -1.296793  -3.290954   5.084738   574
  9 109  -1.798271  -2.873563   6.118616   574
  9 110  -0.935769  -2.280360   4.003597   574
  9 111  -1.545218  -1.373747   4.008494   574
  9 112   0.105896  -1.969869   3.992356   574
  9 113  -1.131730  -3.032073   2.693663   574
  9 114  -2.093493  -2.729697   2.288962   574
  9 115  -1.277853  -4.498629   3.070446   574
  9 116  -1.763918  -5.337546   2.323749   574
 10   0   1.445821  -0.000000   0.000000   194
 10   1   1.889446  -0.411884   0.811512   194
 10   2   0.000000   0.000000   0.000000   194
 10   3  -0.231978  -0.439745  -0.969439   194
 10   4  -0.612801  -0.773238   1.170246   194
 10   5  -1.695645  -0.783855   1.251703   194
 10   6  -0.401710  -0.326741   2.135432   194
 10   7  -0.098769  -2.503124   1.189291   194
 10   8  -0.683210   1.366684   0.000000   194
 10   9  -1.837294   1.452964  -0.425730   194
 10  10  -4.715519  -1.927286  -0.780026   194
 10  11  -3.468616  -1.849582  -1.395975   194
 10  12  -5.654916  -0.880522  -0.829216   194
 10  13  -3.246043  -0.790842  -2.289077   194
 10  14  -5.337450   0.205170  -1.651827   194
 10  15  -4.126237   0.302863  -2.366403   194
 10  16  -6.805129  -0.833571  -0.043527   194
 10  17  -7.694865   0.235970  -0.088834   194
 10  18  -7.377396   1.321659  -0.911445   194
 10  19  -6.187071   1.324253  -1.650915   194
 10  20  -5.871540   2.136491  -2.286925   194
 10  21  -6.989800  -1.743708   0.523261   194
 10  22  -8.123271   2.436997  -0.979252   194
 10  23  -7.786161   3.533020  -1.881912   194
 10  24  -7.822404   3.162662  -2.903047   194
 10  25  -8.479883   4.382332  -1.828838   194
 10  26  -6.745508   3.840763  -1.801696   194
 10  27  -2.468078  -2.811635  -1.183427   194
 10  28  -1.303757  -2.807849  -1.957858   194
 10  29  -1.091422  -1.811149  -2.922692   194
 10  30  -2.036488  -0.782881  -2.996900   194
 10  31  -1.914621   0.020718  -3.706534   194
 10  32  -2.700610  -3.629870  -0.517828   194
 10  33  -0.089776  -1.768687  -3.800762   194
 10  34   0.209432  -0.721392  -4.782722   194
 10  35   0.110388   0.284497  -4.368625   194
 10  36   1.189083  -0.780948  -5.244607   194
 10  37  -0.510021  -0.826491  -5.601222   194
 10  38   0.943824  -2.809409  -3.781394   194
 10  39   0.780179  -3.869128  -2.709053   194
 10  40  -0.364914  -3.850572  -1.899535   194
 10  41   0.935524  -3.586523  -5.091783   194
 10  42   2.348698  -2.291711  -3.487258   194
 10  43   1.280378  -4.820964  -2.750390   194
 10  44  -0.002905  -4.132548  -5.158930   194
 10  45   1.693708  -4.375367  -5.036282   194
 10  46   1.030140  -2.934401  -5.955082   194
 10  47   2.811965  -1.665666  -4.250967   194
 10  48   2.944484  -3.195691  -3.357791   194
 10  49   2.378578  -1.740075  -2.546724   194
 10  50  -9.258127   2.619449  -0.077360   194
 10  51  -9.620136   1.414688   0.751435   194
 10  52  -8.852961   0.246635   0.701483   194
 10  53  -8.860014   3.817088   0.785812   194
 10  54 -10.585260   3.013898  -0.715657   194
 10  55 -10.580561   1.462635   1.241524   194
 10  56  -8.781996   4.760177   0.230837   194
 10  57  -7.932100   3.474260   1.256599   194
 10  58  -9.655963   4.008939   1.495993   194
 10  59 -11.457428   3.052402  -0.062709   194
 10  60 -10.784180   2.276783  -1.496741   194
 10  61 -10.561885   3.987551  -1.188899   194
 10  62  -9.334070  -0.937108   1.513755   194
 10  63 -10.408202  -2.125718   0.693240   194
 10  64 -10.801059  -3.166123   1.699333   194
 10  65  -9.750720  -3.022855  -0.315602   194
 10  66 -11.688304  -1.459637   0.255204   194
 10  67  -8.485834  -1.535837   1.852007   194
 10  68 -10.016035  -0.534180   2.257915   194
 10  69  -0.596616  -5.115241  -1.123953   194
 10  70  -1.481098  -6.461627  -1.950776   194
 10  71  -0.828180  -6.691323  -3.288103   194
 10  72  -2.934113  -6.207371  -2.217054   194
 10  73  -1.489260  -7.713180  -1.123643   194
 10  74  -1.100552  -4.819191  -0.201240   194
 10  75   0.407657  -5.485458  -0.954028   194
 10  76  -4.974198  -2.971001   0.126143   194
 10  77  -4.377167  -2.903541   1.391965   194
 10  78  -4.445086  -3.960336   2.304528   194
 10  79  -5.102153  -5.133185   1.929442   194
 10  80  -5.721178  -5.185812   0.677629   194
 10  81  -3.893428  -1.979703   1.658643   194
 10  82  -3.919572  -3.962724   3.246455   194
 10  83  -6.346013  -6.022871   0.418756   194
 10  84  -5.666813  -4.132868  -0.245005   194
 10  85  -6.279615  -4.289869  -1.505016   194
 10  86  -6.282659  -3.389864  -2.341546   194
 10  87  -6.912334  -5.299014  -1.786786   194
 10  88  -5.168413  -6.236053   2.807734   194
 10  89  -5.741374  -7.270201   2.474937   194
 10  90  -4.703487  -6.104534   4.048157   194
 10  91  -4.553814  -5.149554   4.335571   194
 10  92  -4.451314  -7.099435   5.062249   194
 10  93  -4.840987  -8.042176   4.656304   194
 10  94  -5.062039  -6.761429   5.894213   194
 10  95  -2.967864  -7.370233   5.293881   194
 10  96  -2.497268  -7.637509   4.345459   194
 10  97  -2.940890  -8.300200   5.871318   194
 10  98  -2.155179  -6.277414   5.976663   194
 10  99  -2.430870  -6.273211   7.031401   194
 10 100  -2.357416  -5.275770   5.597833   194
 10 101  -0.642820  -6.478736   5.894546   194
 10 102  -0.302391  -7.453077   6.225861   194
 10 103  -0.197952  -5.772326   6.594603   194
 10 104  -0.058376  -6.324204   4.492567   194
 10 105  -0.445146  -7.043495   3.768878   194
 10 106   0.982831  -6.631617   4.439800   194
 10 107  -0.148430  -4.937579   4.103509   194
 10 108   0.629814  -3.977662   4.744444   194
 10 109   1.742676  -4.360035   5.090608   194
 10 110   0.458978  -2.772934   3.828614   194
 10 111   0.289662  -1.885954   4.422498   194
 10 112   1.378039  -2.649633   3.249287   194
 10 113  -0.668687  -3.007391   2.834528   194
 10 114  -1.528543  -2.389740   3.100517   194
 10 115  -0.959178  -4.485765   3.065893   194
 10 116  -1.590929  -5.207380   2.295528   194
 11   0   1.450586   0.000000  -0.000000   176
 11   1   1.832501  -0.320901   0.883665   176
 11   2   0.000000   0.000000   0.000000   176
 11   3  -0.289606  -0.478567  -0.936857   176
 11   4  -0.464432  -0.944304   1.099224   176
 11   5  -1.551442  -0.959122   1.150137   176
 11   6  -0.215498  -0.465095   2.051743   176
 11   7   0.200196  -2.629095   1.010636   176
 11   8  -0.684206   1.358958   0.000000   176
 11   9  -1.863178   1.474517  -0.295419   176
 11  10   1.661329  -2.601342  -3.764731   176
 11  11   2.585782  -1.800936  -4.429589   176
 11  12   0.305325  -2.255698  -3.648176   176
 11  13   2.045863  -0.656466  -5.029404   176
 11  14  -0.215636  -1.172034  -4.355896   176
 11  15   0.670074  -0.361774  -5.102619   176
 11  16  -0.637190  -3.056368  -2.991904   176
 11  17  -2.004018  -2.759076  -2.990871   176
 11  18  -2.471138  -1.613717  -3.650682   176
 11  19  -1.559714  -0.778369  -4.312497   176
 11  20  -1.871658   0.169394  -4.733614   176
 11  21  -0.218531  -3.953492  -2.563892   176
 11  22  -3.754757  -1.237885  -3.570858   176
 11  23  -4.202716   0.043691  -4.135393   176
 11  24  -4.078767   0.011833  -5.210530   176
 11  25  -5.249878   0.305748  -4.037028   176
 11  26  -3.657419   0.892354  -3.724513   176
 11  27   3.986390  -1.926839  -4.413762   176
 11  28   4.823016  -0.982420  -5.038043   176
 11  29   4.292127   0.162183  -5.633565   176
 11  30   2.896001   0.289383  -5.612267   176
 11  31   2.375591   1.173542  -5.965590   176
 11  32   4.336800  -2.791949  -3.889742   176
 11  33   5.039274   1.182966  -6.071939   176
 11  34   4.485911   2.493889  -6.438917   176
 11  35   3.610540   2.653913  -5.813601   176
 11  36   5.187626   3.290472  -6.239034   176
 11  37   4.281718   2.599184  -7.503491   176
 11  38   6.393002   0.869438  -6.534127   176
 11  39   6.962083  -0.250781  -5.693561   176
 11  40   6.201287  -1.165852  -4.950165   176
 11  41   6.443394   0.469484  -8.002320   176
 11  42   7.326349   2.049685  -6.297518   176
 11  43   8.039853  -0.296833  -5.676579   176
 11  44   5.822680  -0.418254  -8.090269   176
 11  45   7.465120   0.240610  -8.327738   176
 11  46   6.079886   1.303863  -8.591026   176
 11  47   6.963667   2.791394  -7.001597   176
 11  48   8.373581   1.785159  -6.465839   176
 11  49   7.240866   2.314972  -5.240579   176
 11  50  -4.720299  -1.940209  -2.729388   176
 11  51  -4.264276  -3.294401  -2.249482   176
 11  52  -2.891521  -3.583484  -2.286535   176
 11  53  -4.986743  -1.076607  -1.496466   176
 11  54  -6.041625  -2.077934  -3.486305   176
 11  55  -4.921320  -3.970842  -1.731680   176
 11  56  -4.039678  -0.943277  -0.977053   176
 11  57  -5.825715  -1.446397  -0.908179   176
 11  58  -5.297375  -0.048861  -1.713131   176
 11  59  -5.776494  -2.564112  -4.425207   176
 11  60  -6.598781  -1.157601  -3.623664   176
 11  61  -6.603951  -2.783362  -2.887338   176
 11  62  -2.378556  -4.815920  -1.580724   176
 11  63  -1.934458  -6.310925  -2.492445   176
 11  64  -3.005957  -7.062036  -3.220337   176
 11  65  -1.476368  -7.251993  -1.423876   176
 11  66  -0.794230  -6.154223  -3.451729   176
 11  67  -1.486778  -4.532276  -1.019495   176
 11  68  -3.079650  -5.035937  -0.774587   176
 11  69   6.957119  -2.316702  -4.338478   176
 11  70   7.532335  -2.049388  -2.644851   176
 11  71   8.696072  -2.956456  -2.362988   176
 11  72   6.501993  -2.316775  -1.587212   176
 11  73   8.093487  -0.664838  -2.470133   176
 11  74   7.913146  -2.506981  -4.829705   176
 11  75   6.380043  -3.242295  -4.330703   176
 11  76   2.143410  -3.670219  -2.998963   176
 11  77   2.571376  -3.375201  -1.695273   176
 11  78   3.104608  -4.369536  -0.876334   176
 11  79   3.336860  -5.657209  -1.395329   176
 11  80   2.999340  -5.921776  -2.727163   176
 11  81   2.307275  -2.434550  -1.238403   176
 11  82   3.337617  -4.122194   0.140096   176
 11  83   3.213048  -6.924958  -3.076098   176
 11  84   2.500025  -4.911762  -3.548052   176
 11  85   2.355737  -5.247478  -4.911494   176
 11  86   1.783554  -4.488875  -5.687849   176
 11  87   2.697668  -6.336879  -5.364470   176
 11  88   3.781852  -6.731220  -0.597968   176
 11  89   3.858924  -7.869864  -1.028026   176
 11  90   3.973774  -6.536574   0.716178   176
 11  91   4.135364  -5.594997   1.046213   176
 11  92   4.296747  -7.540521   1.698207   176
 11  93   4.918152  -7.056569   2.449370   176
 11  94   4.802819  -8.372589   1.194862   176
 11  95   3.068417  -8.000750   2.479419   176
 11  96   3.327899  -8.932687   2.987123   176
 11  97   2.276599  -8.100729   1.748852   176
 11  98   2.568826  -6.888074   3.403140   176
 11  99   2.594815  -6.084898   2.671545   176
 11 100   3.305286  -6.669384   4.176638   176
 11 101   1.199655  -7.173805   4.009382   176
 11 102   1.344355  -8.117836   4.525977   176
 11 103   0.445408  -7.451195   3.275103   176
 11 104   0.720538  -6.015278   4.888624   176
 11 105   1.498845  -5.882661   5.646616   176
 11 106  -0.208949  -6.296348   5.385067   176
 11 107   0.470501  -4.776886   4.188580   176
 11 108   1.016832  -3.604954   4.703846   176
 11 109   0.848831  -3.403731   5.913054   176
 11 110   0.671522  -2.473691   3.741606   176
 11 111   0.234802  -1.688460   4.356739   176
 11 112   1.626653  -2.233207   3.262343   176
 11 113  -0.253000  -3.096938   2.700587   176
 11 114  -1.305058  -2.806880   2.785094   176
 11 115  -0.158901  -4.587579   2.967670   176
 11 116  -0.886192  -5.448253   2.474126   176
 12   0   1.442428   0.000000   0.000000   205
 12   1   1.911498  -0.476972   0.759322   205
 12   2   0.000000   0.000000   0.000000   205
 12   3  -0.291938  -0.413574  -0.965366   205
 12   4  -0.410972  -0.897120   1.172724   205
 12   5  -1.488392  -0.907759   1.320897   205
 12   6  -0.017261  -0.467403   2.097080   205
 12   7   0.152454  -2.611756   1.030334   205
 12   8  -0.694455   1.355114   0.000000   205
 12   9  -1.817629   1.399174  -0.499834   205
 12  10   2.108525  -1.934548  -3.709980   205
 12  11   3.213259  -1.285092  -4.277759   205
 12  12   0.796570  -1.477384  -3.918252   205
 12  13   2.948634  -0.005547  -4.769729   205
 12  14   0.582416  -0.208429  -4.467152   205
 12  15   1.665313   0.572111  -4.908281   205
 12  16  -0.301439  -2.149591  -3.384196   205
 12  17  -1.619979  -1.671155  -3.468760   205
 12  18  -1.793436  -0.450564  -4.142978   205
 12  19  -0.709780   0.322176  -4.560900   205
 12  20  -0.760598   1.254059  -5.107811   205
 12  21  -0.129367  -3.034906  -2.791147   205
 12  22  -3.006531   0.052466  -4.395102   205
 12  23  -3.114197   1.243753  -5.232145   205
 12  24  -2.875575   1.056250  -6.276846   205
 12  25  -4.088111   1.736156  -5.206997   205
 12  26  -2.489972   2.072979  -4.904996   205
 12  27   4.538249  -1.737569  -4.245007   205
 12  28   5.563253  -1.053996  -4.902113   205
 12  29   5.267641   0.220812  -5.411896   205
 12  30   3.982514   0.770832  -5.309753   205
 12  31   3.691896   1.719444  -5.752672   205
 12  32   4.688132  -2.763173  -3.935377   205
 12  33   6.222417   0.979013  -5.955430   205
 12  34   6.026915   2.378549  -6.318854   205
 12  35   5.502452   2.869421  -5.503204   205
 12  36   6.912988   3.012103  -6.406490   205
 12  37   5.484564   2.456964  -7.265747   205
 12  38   7.609522   0.534755  -6.111555   205
 12  39   7.839277  -0.893352  -5.659753   205
 12  40   6.812950  -1.655158  -5.080605   205
 12  41   8.030828   0.546911  -7.577760   205
 12  42   8.577822   1.337447  -5.253077   205
 12  43   8.817488  -1.291900  -5.868948   205
 12  44   8.004134   1.553515  -8.001240   205
 12  45   7.480016  -0.205949  -8.131577   205
 12  46   9.088555   0.299806  -7.656792   205
 12  47   8.091907   1.343023  -4.274326   205
 12  48   8.688607   2.362627  -5.623125   205
 12  49   9.557283   0.880061  -5.128752   205
 12  50  -4.237095  -0.551003  -3.850822   205
 12  51  -3.902935  -1.714994  -2.960337   205
 12  52  -2.661279  -2.371859  -2.868584   205
 12  53  -4.868875   0.484821  -2.926037   205
 12  54  -5.214337  -0.895292  -4.972899   205
 12  55  -4.771608  -2.205324  -2.553664   205
 12  56  -5.722090   0.111777  -2.364109   205
 12  57  -5.256348   1.367121  -3.435462   205
 12  58  -4.166102   0.924817  -2.210908   205
 12  59  -6.045433  -1.448130  -4.519529   205
 12  60  -4.751784  -1.442242  -5.783819   205
 12  61  -5.634393  -0.001500  -5.434300   205
 12  62  -2.579818  -3.662547  -2.094252   205
 12  63  -2.870925  -5.139516  -3.098203   205
 12  64  -4.138719  -5.086844  -3.887712   205
 12  65  -2.867250  -6.370148  -2.249422   205
 12  66  -1.877464  -5.280307  -4.216645   205
 12  67  -1.550511  -3.803268  -1.770328   205
 12  68  -3.238359  -3.683670  -1.217908   205
 12  69   7.100729  -3.079282  -4.646606   205
 12  70   7.861601  -3.232928  -3.021194   205
 12  71   6.967763  -2.549464  -2.029564   205
 12  72   9.238306  -2.699867  -2.762303   205
 12  73   7.927460  -4.685177  -2.653992   205
 12  74   7.748246  -3.587896  -5.351613   205
 12  75   6.232887  -3.715300  -4.814630   205
 12  76   2.284549  -3.181276  -3.100648   205
 12  77   2.431108  -3.164613  -1.703744   205
 12  78   2.524492  -4.393475  -1.033986   205
 12  79   2.613160  -5.619147  -1.698789   205
 12  80   2.490797  -5.561718  -3.084514   205
 12  81   2.354016  -2.286410  -1.095781   205
 12  82   2.588068  -4.355138   0.041140   205
 12  83   2.396720  -6.481592  -3.636224   205
 12  84   2.236224  -4.384613  -3.813772   205
 12  85   1.904216  -4.526496  -5.169110   205
 12  86   1.563054  -3.612198  -5.919222   205
 12  87   1.922932  -5.634523  -5.692969   205
 12  88   2.698919  -6.907704  -1.117789   205
 12  89   2.374466  -7.906971  -1.736011   205
 12  90   3.225256  -6.960455   0.114033   205
 12  91   3.473381  -6.053364   0.479714   205
 12  92   3.541598  -8.125976   0.901173   205
 12  93   4.416443  -7.882794   1.492787   205
 12  94   3.783274  -9.032961   0.351382   205
 12  95   2.364556  -8.404551   1.832981   205
 12  96   2.412809  -9.310298   2.444778   205
 12  97   1.542956  -8.503115   1.115866   205
 12  98   2.006134  -7.269373   2.777869   205
 12  99   1.922176  -6.320305   2.233514   205
 12 100   2.742461  -7.171930   3.570662   205
 12 101   0.728497  -7.530132   3.576773   205
 12 102   0.819387  -8.504059   4.065144   205
 12 103  -0.078614  -7.547256   2.852082   205
 12 104   0.475731  -6.464417   4.637038   205
 12 105   1.318130  -6.486402   5.338804   205
 12 106  -0.462965  -6.607046   5.162881   205
 12 107   0.495143  -5.148529   4.022986   205
 12 108   1.217743  -4.131113   4.634223   205
 12 109   1.511277  -4.009169   5.820380   205
 12 110   0.898560  -2.936497   3.731997   205
 12 111   0.647177  -2.022162   4.263029   205
 12 112   1.805223  -2.742096   3.147045   205
 12 113  -0.150646  -3.280177   2.690045   205
 12 114  -1.118180  -2.944860   3.071543   205
 12 115  -0.237166  -4.782252   2.903311   205
 12 116  -1.191946  -5.448065   2.512681   205
 13   0   1.445302   0.000000  -0.000000   487
 13   1   1.906521  -0.127683   0.898206   487
 13   2   0.000000   0.000000   0.000000   487
 13   3  -0.221477  -0.507239  -0.942898   487
 13   4  -0.645954  -0.896707   1.053357   487
 13   5  -1.729050  -0.917273   0.874242   487
 13   6  -0.443158  -0.463912   2.029556   487
 13   7  -0.053968  -2.600621   0.927555   487
 13   8  -0.648446   1.367633   0.000000   487
 13   9  -1.859610   1.570849   0.009084   487
 13  10   0.678748  -2.667291  -3.675237   487
 13  11   1.681305  -1.936537  -4.328976   487
 13  12  -0.492980  -2.032544  -3.261891   487
 13  13   1.370367  -0.654707  -4.778896   487
 13  14  -0.850828  -0.785020  -3.793802   487
 13  15   0.066833  -0.121207  -4.647820   487
 13  16  -1.436588  -2.657769  -2.426248   487
 13  17  -2.613296  -2.011345  -2.046650   487
 13  18  -2.883136  -0.688092  -2.434966   487
 13  19  -1.980417  -0.094832  -3.328971   487
 13  20  -2.200234   0.894002  -3.701112   487
 13  21  -1.209299  -3.644595  -2.060443   487
 13  22  -3.966021  -0.000548  -2.057953   487
 13  23  -4.249146   1.394351  -2.407664   487
 13  24  -4.452979   1.364097  -3.478522   487
 13  25  -5.096442   1.795903  -1.859170   487
 13  26  -3.468063   2.131457  -2.294587   487
 13  27   2.988575  -2.399606  -4.480683   487
 13  28   3.989680  -1.601978  -5.051804   487
 13  29   3.639718  -0.366801  -5.609893   487
 13  30   2.293841   0.035260  -5.586202   487
 13  31   1.995357   0.996447  -5.965186   487
 13  32   3.359915  -3.359297  -4.141568   487
 13  33   4.523131   0.356526  -6.296029   487
 13  34   4.182510   1.678829  -6.831276   487
 13  35   3.966017   2.395262  -6.038776   487
 13  36   4.998672   2.239458  -7.285232   487
 13  37   3.329402   1.656385  -7.513186   487
 13  38   5.893086  -0.091153  -6.558340   487
 13  39   6.241180  -1.383956  -5.862862   487
 13  40   5.305043  -2.073712  -5.086209   487
 13  41   6.019701  -0.501276  -8.022774   487
 13  42   6.980125   0.891629  -6.132800   487
 13  43   7.303102  -1.612089  -5.882241   487
 13  44   6.979916  -0.991068  -8.197686   487
 13  45   5.979019   0.393202  -8.655508   487
 13  46   5.184652  -1.150197  -8.266277   487
 13  47   7.944906   0.515875  -6.455613   487
 13  48   6.933424   0.887109  -5.036991   487
 13  49   6.922215   1.844404  -6.656886   487
 13  50  -4.948030  -0.616559  -1.154189   487
 13  51  -4.765162  -2.101330  -0.998571   487
 13  52  -3.549224  -2.724912  -1.293085   487
 13  53  -4.786956   0.001040   0.241779   487
 13  54  -6.370502  -0.501978  -1.675004   487
 13  55  -5.454499  -2.615573  -0.348748   487
 13  56  -3.809720  -0.174603   0.691624   487
 13  57  -5.663104  -0.379715   0.760903   487
 13  58  -5.023376   1.064991   0.268488   487
 13  59  -7.058799  -0.835856  -0.903661   487
 13  60  -6.371954  -0.905262  -2.688494   487
 13  61  -6.721707   0.520272  -1.796906   487
 13  62  -3.277100  -4.088759  -0.693946   487
 13  63  -3.962495  -5.308635  -1.841612   487
 13  64  -3.831935  -6.685933  -1.255861   487
 13  65  -3.352243  -5.361710  -3.206484   487
 13  66  -5.465501  -5.224341  -1.898751   487
 13  67  -2.215386  -4.199049  -0.471018   487
 13  68  -3.848953  -4.133152   0.243345   487
 13  69   5.912806  -3.287341  -4.422410   487
 13  70   6.170608  -2.852011  -2.685970   487
 13  71   7.232532  -1.820302  -2.432405   487
 13  72   6.821129  -4.015095  -1.987288   487
 13  73   5.015695  -2.595287  -1.756955   487
 13  74   6.878001  -3.571865  -4.826321   487
 13  75   5.142932  -4.057592  -4.501199   487
 13  76   1.076864  -3.844685  -3.042032   487
 13  77   1.620904  -3.733850  -1.765343   487
 13  78   1.886592  -4.886071  -1.012019   487
 13  79   1.522100  -6.145513  -1.509566   487
 13  80   0.942981  -6.228889  -2.771576   487
 13  81   1.949694  -2.780522  -1.359556   487
 13  82   2.311071  -4.756758  -0.028355   487
 13  83   0.623325  -7.210132  -3.096509   487
 13  84   0.757000  -5.101539  -3.580831   487
 13  85   0.197808  -5.259115  -4.874421   487
 13  86  -0.041727  -4.274879  -5.571200   487
 13  87  -0.177893  -6.352334  -5.300943   487
 13  88   1.802110  -7.322091  -0.778637   487
 13  89   1.292321  -8.399260  -1.058319   487
 13  90   2.439970  -7.303214   0.390157   487
 13  91   2.829786  -6.410156   0.659402   487
 13  92   2.592742  -8.423569   1.304521   487
 13  93   3.618755  -8.640357   1.593657   487
 13  94   2.326015  -9.356610   0.804731   487
 13  95   1.605129  -8.312802   2.463552   487
 13  96   1.627339  -9.266492   2.992591   487
 13  97   0.652387  -8.103098   1.974465   487
 13  98   1.959658  -7.152919   3.375573   487
 13  99   1.901124  -6.195247   2.868090   487
 13 100   3.005806  -7.195789   3.680429   487
 13 101   1.209712  -6.922592   4.694978   487
 13 102   1.854630  -6.169982   5.141700   487
 13 103   1.168199  -7.866646   5.230831   487
 13 104  -0.188056  -6.365262   4.454096   487
 13 105  -0.786478  -6.399439   5.363286   487
 13 106  -0.829446  -7.017854   3.869594   487
 13 107  -0.120805  -5.052695   3.828600   487
 13 108   0.333358  -3.952839   4.539200   487
 13 109   0.207779  -3.828119   5.756564   487
 13 110   0.040478  -2.746460   3.660467   487
 13 111  -0.552755  -2.010501   4.204195   487
 13 112   0.929703  -2.280463   3.231137   487
 13 113  -0.742681  -3.260002   2.463455   487
 13 114  -1.792566  -2.993916   2.556420   487
 13 115  -0.607347  -4.774183   2.553686   487
 13 116  -1.296891  -5.517828   1.867740   487
 14   0   1.457704   0.000000   0.000000   541
 14   1   1.873701  -0.646341   0.654514   541
 14   2   0.000000   0.000000   0.000000   541
 14   3  -0.259723  -0.380963  -0.992779   541
 14   4  -0.588253  -0.842780   1.123868   541
 14   5  -1.675581  -0.831388   1.099556   541
 14   6  -0.359675  -0.392326   2.090171   541
 14   7   0.036359  -2.535844   0.957433   541
 14   8  -0.568154   1.424710   0.000000   541
 14   9  -1.653079   1.688691  -0.527494   541
 14  10   1.893253  -3.022887  -3.052958   541
 14  11   3.052610  -2.404379  -3.548779   541
 14  12   0.650339  -2.380487  -3.062342   541
 14  13   2.986273  -1.108039  -4.079440   541
 14  14   0.575562  -1.096708  -3.612266   541
 14  15   1.738831  -0.447933  -4.067238   541
 14  16  -0.526856  -2.896261  -2.506291   541
 14  17  -1.717976  -2.162666  -2.514763   541
 14  18  -1.812234  -0.933542  -3.181448   541
 14  19  -0.624475  -0.370880  -3.653297   541
 14  20  -0.584413   0.621646  -4.079194   541
 14  21  -0.496465  -3.866727  -2.037386   541
 14  22  -2.940310  -0.277774  -3.483464   541
 14  23  -3.020848   0.826972  -4.443647   541
 14  24  -2.576244   1.739651  -4.070625   541
 14  25  -2.394863   0.708461  -5.336227   541
 14  26  -4.036280   1.060477  -4.774058   541
 14  27   4.303962  -3.006145  -3.367123   541
 14  28   5.483694  -2.320974  -3.681724   541
 14  29   5.404871  -1.024277  -4.196764   541
 14  30   4.163398  -0.452405  -4.472276   541
 14  31   4.007536   0.541513  -4.875554   541
 14  32   4.353218  -4.020325  -2.997380   541
 14  33   6.488905  -0.302167  -4.524678   541
 14  34   6.383602   1.003131  -5.163512   541
 14  35   5.927611   0.883826  -6.152673   541
 14  36   5.775454   1.650265  -4.524784   541
 14  37   7.358285   1.476117  -5.291475   541
 14  38   7.844256  -0.794935  -4.262373   541
 14  39   7.928087  -2.204324  -3.727963   541
 14  40   6.739437  -2.897262  -3.445922   541
 14  41   8.746360  -0.845447  -5.486366   541
 14  42   8.483480   0.137730  -3.234887   541
 14  43   8.919098  -2.581771  -3.516229   541
 14  44   8.158929  -1.089604  -6.372884   541
 14  45   9.643730  -1.456769  -5.408179   541
 14  46   9.195560   0.124092  -5.687143   541
 14  47   8.489105   1.149580  -3.637535   541
 14  48   9.455970  -0.275881  -2.960312   541
 14  49   7.864494   0.192983  -2.335276   541
 14  50  -4.190701  -0.683691  -2.847577   541
 14  51  -4.068248  -2.022159  -2.168672   541
 14  52  -2.884605  -2.749821  -1.999860   541
 14  53  -4.607933   0.429550  -1.874792   541
 14  54  -5.386692  -0.888861  -3.773273   541
 14  55  -4.964178  -2.270999  -1.624348   541
 14  56  -5.550580   0.135618  -1.405196   541
 14  57  -4.594144   1.393981  -2.385071   541
 14  58  -3.917669   0.530326  -1.043660   541
 14  59  -6.259914  -1.219753  -3.221735   541
 14  60  -5.066120  -1.538652  -4.590588   541
 14  61  -5.694710   0.111692  -4.093458   541
 14  62  -3.002942  -3.893024  -1.031313   541
 14  63  -3.107902  -5.541873  -1.794714   541
 14  64  -1.904502  -5.990654  -2.563951   541
 14  65  -4.250795  -5.655117  -2.756884   541
 14  66  -3.432590  -6.655484  -0.838132   541
 14  67  -2.140421  -3.910471  -0.354295   541
 14  68  -3.928233  -3.777779  -0.467526   541
 14  69   6.896259  -4.233464  -2.752400   541
 14  70   6.677147  -4.197168  -0.956551   541
 14  71   7.707809  -3.492553  -0.123154   541
 14  72   6.627960  -5.611734  -0.464325   541
 14  73   5.375579  -3.541662  -0.590586   541
 14  74   7.842679  -4.705902  -3.009483   541
 14  75   6.179721  -4.937540  -3.168275   541
 14  76   1.966107  -4.259424  -2.403213   541
 14  77   2.214443  -4.235495  -1.027292   541
 14  78   2.491111  -5.434482  -0.356334   541
 14  79   2.593944  -6.648255  -1.053172   541
 14  80   2.241884  -6.631005  -2.410506   541
 14  81   2.169646  -3.257439  -0.560390   541
 14  82   2.595865  -5.400498   0.712531   541
 14  83   2.339571  -7.570633  -2.925633   541
 14  84   2.013922  -5.455762  -3.144423   541
 14  85   1.799269  -5.526130  -4.530776   541
 14  86   1.499071  -4.549271  -5.228291   541
 14  87   1.908139  -6.585113  -5.149485   541
 14  88   2.794533  -7.917099  -0.479847   541
 14  89   2.761194  -8.930737  -1.174847   541
 14  90   3.145428  -7.888067   0.811482   541
 14  91   3.366461  -6.981229   1.197994   541
 14  92   2.971662  -9.030632   1.684493   541
 14  93   3.833909  -9.288446   2.289937   541
 14  94   2.714271  -9.927052   1.115035   541
 14  95   1.834325  -8.827772   2.678582   541
 14  96   1.676680  -9.757903   3.213937   541
 14  97   0.900253  -8.661351   2.133042   541
 14  98   2.124782  -7.755398   3.731410   541
 14  99   2.435132  -6.830208   3.241403   541
 14 100   2.969604  -8.220413   4.225209   541
 14 101   1.035945  -7.421314   4.748477   541
 14 102   1.480618  -6.744655   5.472632   541
 14 103   0.714139  -8.405397   5.089823   541
 14 104  -0.177470  -6.701173   4.171919   541
 14 105  -0.956915  -6.813296   4.934279   541
 14 106  -0.478423  -7.306829   3.317749   541
 14 107   0.000481  -5.322012   3.745009   541
 14 108   0.298278  -4.240464   4.560220   541
 14 109   0.050903  -4.185539   5.769678   541
 14 110   0.186938  -3.027837   3.662590   541
 14 111  -0.367701  -2.209861   4.135337   541
 14 112   1.189749  -2.670676   3.431704   541
 14 113  -0.532892  -3.471488   2.393095   541
 14 114  -1.605607  -3.307853   2.543450   541
 14 115  -0.357068  -4.978815   2.452695   541
 14 116  -0.813745  -5.778179   1.632108   541
 15   0   1.459590  -0.000000  -0.000000   213
 15   1   1.950824   0.239272   0.838116   213
 15   2   0.000000   0.000000   0.000000   213
 15   3  -0.351331  -0.583570  -0.847356   213
 15   4  -0.539878  -0.770216   1.207227   213
 15   5  -1.620593  -0.733656   1.090103   213
 15   6  -0.224995  -0.274466   2.123569   213
 15   7  -0.098521  -2.523416   1.279987   213
 15   8  -0.608253   1.385435  -0.000000   213
 15   9  -1.826816   1.496091  -0.127521   213
 15  10   0.720752  -3.740777  -2.859268   213
 15  11   1.652658  -3.407860  -3.849276   213
 15  12  -0.473831  -3.030752  -2.717006   213
 15  13   1.470827  -2.260853  -4.623302   213
 15  14  -0.496989  -1.818847  -3.420248   213
 15  15   0.335164  -1.428313  -4.485286   213
 15  16  -1.435472  -3.319631  -1.740279   213
 15  17  -2.493304  -2.428163  -1.483226   213
 15  18  -2.578534  -1.272959  -2.258106   213
 15  19  -1.579759  -0.954062  -3.195845   213
 15  20  -1.484800  -0.047734  -3.776320   213
 15  21  -1.362713  -4.256264  -1.214138   213
 15  22  -3.646779  -0.466254  -2.236227   213
 15  23  -3.769005   0.713632  -3.094904   213
 15  24  -3.673223   0.368296  -4.123188   213
 15  25  -4.648568   1.353723  -3.001342   213
 15  26  -2.885880   1.289167  -2.824810   213
 15  27   2.768589  -4.206838  -4.140537   213
 15  28   3.696658  -3.915953  -5.148392   213
 15  29   3.523596  -2.776069  -5.935547   213
 15  30   2.373546  -2.028233  -5.662187   213
 15  31   2.198430  -1.178762  -6.308434   213
 15  32   2.904791  -5.134818  -3.614796   213
 15  33   4.323411  -2.552536  -6.992538   213
 15  34   4.262435  -1.345975  -7.809539   213
 15  35   3.328749  -1.356453  -8.374180   213
 15  36   4.198993  -0.502331  -7.121323   213
 15  37   5.052112  -1.101703  -8.526579   213
 15  38   5.188312  -3.613446  -7.515048   213
 15  39   5.557868  -4.584996  -6.421374   213
 15  40   4.762027  -4.811185  -5.291739   213
 15  41   4.442075  -4.375735  -8.613022   213
 15  42   6.511972  -3.201647  -8.164312   213
 15  43   6.498955  -5.089011  -6.562879   213
 15  44   4.184880  -3.658804  -9.394533   213
 15  45   3.572241  -4.878666  -8.205286   213
 15  46   5.043202  -5.163908  -9.071201   213
 15  47   7.154757  -4.041835  -8.391279   213
 15  48   6.986215  -2.432459  -7.556411   213
 15  49   6.264097  -2.734265  -9.116526   213
 15  50  -4.695294  -0.718855  -1.253419   213
 15  51  -4.551830  -1.925651  -0.358344   213
 15  52  -3.440558  -2.764859  -0.509035   213
 15  53  -4.795459   0.453756  -0.273087   213
 15  54  -5.956608  -1.087980  -2.040398   213
 15  55  -5.388229  -2.189717   0.269673   213
 15  56  -4.035519   0.338005   0.502925   213
 15  57  -5.715034   0.345822   0.290859   213
 15  58  -4.828619   1.412394  -0.792329   213
 15  59  -6.407008  -0.159432  -2.387870   213
 15  60  -6.717096  -1.658753  -1.507599   213
 15  61  -5.641588  -1.647074  -2.920554   213
 15  62  -3.505919  -4.001840   0.361944   213
 15  63  -4.439059  -5.374685  -0.339305   213
 15  64  -4.098690  -6.609582   0.428339   213
 15  65  -3.971256  -5.736200  -1.712028   213
 15  66  -5.940166  -5.335528  -0.327343   213
 15  67  -2.490564  -4.315898   0.608770   213
 15  68  -4.044427  -3.698865   1.254590   213
 15  69   5.136241  -5.939989  -4.361005   213
 15  70   6.717919  -6.806244  -4.487484   213
 15  71   7.013482  -7.484823  -5.788052   213
 15  72   6.882212  -7.809086  -3.376845   213
 15  73   7.799046  -5.790680  -4.293336   213
 15  74   4.320258  -6.652058  -4.436035   213
 15  75   5.173648  -5.543324  -3.347764   213
 15  76   0.944238  -4.905367  -2.108812   213
 15  77   1.924376  -4.788311  -1.121580   213
 15  78   2.276942  -5.855524  -0.292028   213
 15  79   1.659782  -7.084951  -0.524888   213
 15  80   0.760213  -7.172912  -1.603563   213
 15  81   2.455212  -3.864427  -0.940607   213
 15  82   2.981660  -5.612101   0.496018   213
 15  83   0.235818  -8.107468  -1.743983   213
 15  84   0.480957  -6.162223  -2.528672   213
 15  85  -0.265143  -6.408585  -3.693121   213
 15  86  -0.534260  -5.585588  -4.570589   213
 15  87  -0.958352  -7.419132  -3.752752   213
 15  88   1.855590  -8.180130   0.336994   213
 15  89   1.223357  -9.205844   0.120672   213
 15  90   2.766941  -7.987893   1.290819   213
 15  91   3.023726  -7.020117   1.455353   213
 15  92   2.937673  -8.935143   2.375609   213
 15  93   3.911783  -9.429353   2.433637   213
 15  94   2.160605  -9.699924   2.332313   213
 15  95   2.854362  -8.215926   3.719740   213
 15  96   3.698025  -7.541437   3.871722   213
 15  97   2.944936  -8.862517   4.595536   213
 15  98   1.562218  -7.434476   3.933275   213
 15  99   0.723077  -8.057176   3.619128   213
 15 100   1.598667  -6.650917   3.167046   213
 15 101   1.348596  -6.776153   5.291942   213
 15 102   2.205550  -6.190817   5.623019   213
 15 103   1.218285  -7.565914   6.036923   213
 15 104   0.121264  -5.868443   5.267026   213
 15 105   0.040420  -5.550907   6.312749   213
 15 106  -0.738704  -6.432655   4.914863   213
 15 107   0.223897  -4.646136   4.489833   213
 15 108   0.863666  -3.492965   4.908632   213
 15 109   1.016312  -3.227960   6.100720   213
 15 110   0.492192  -2.362164   3.955796   213
 15 111   0.015893  -1.517093   4.443645   213
 15 112   1.378195  -2.054742   3.383093   213
 15 113  -0.465201  -3.026964   2.976184   213
 15 114  -1.455343  -2.612551   3.148754   213
 15 115  -0.528781  -4.508430   3.341175   213
 15 116  -0.579754  -5.420999   2.514906   213
