4.930000000000000000e+02
3.300000000000000000e+02
3.880000000000000000e+02
3.930000000000000000e+02
1.108000000000000000e+03
6.680000000000000000e+02
8.940000000000000000e+02
7.010000000000000000e+02
5.100000000000000000e+02
6.700000000000000000e+01
5.080000000000000000e+02
3.350000000000000000e+02
4.670000000000000000e+02
2.560000000000000000e+02
4.370000000000000000e+02
3.670000000000000000e+02
3.150000000000000000e+02
6.270000000000000000e+02
7.770000000000000000e+02
2.660000000000000000e+02
4.750000000000000000e+02
6.510000000000000000e+02
5.990000000000000000e+02
2.420000000000000000e+02
2.180000000000000000e+02
3.410000000000000000e+02
3.280000000000000000e+02
2.660000000000000000e+02
3.850000000000000000e+02
3.890000000000000000e+02
5.370000000000000000e+02
3.580000000000000000e+02
5.340000000000000000e+02
1.470000000000000000e+02
2.110000000000000000e+02
3.400000000000000000e+02
3.930000000000000000e+02
8.100000000000000000e+01
2.830000000000000000e+02
5.300000000000000000e+02
6.870000000000000000e+02
1.870000000000000000e+02
7.430000000000000000e+02
1.190000000000000000e+02
2.080000000000000000e+02
9.300000000000000000e+01
3.580000000000000000e+02
1.280000000000000000e+02
1.072000000000000000e+03
6.500000000000000000e+02
4.590000000000000000e+02
4.090000000000000000e+02
2.820000000000000000e+02
4.890000000000000000e+02
3.440000000000000000e+02
3.530000000000000000e+02
1.840000000000000000e+02
1.350000000000000000e+02
1.800000000000000000e+02
7.310000000000000000e+02
3.330000000000000000e+02
3.000000000000000000e+02
1.400000000000000000e+02
1.370000000000000000e+02
1.910000000000000000e+02
2.600000000000000000e+02
1.680000000000000000e+02
2.800000000000000000e+02
