9.600000000000000000e+01
2.210000000000000000e+02
5.100000000000000000e+01
5.500000000000000000e+01
9.200000000000000000e+01
1.520000000000000000e+02
1.340000000000000000e+02
9.200000000000000000e+01
1.930000000000000000e+02
7.300000000000000000e+01
2.040000000000000000e+02
2.680000000000000000e+02
3.400000000000000000e+01
6.000000000000000000e+01
1.100000000000000000e+02
1.780000000000000000e+02
2.700000000000000000e+01
1.430000000000000000e+02
3.870000000000000000e+02
3.750000000000000000e+02
4.700000000000000000e+01
2.080000000000000000e+02
6.100000000000000000e+01
4.500000000000000000e+01
4.200000000000000000e+01
1.320000000000000000e+02
2.150000000000000000e+02
2.920000000000000000e+02
5.200000000000000000e+01
3.450000000000000000e+02
5.600000000000000000e+01
3.900000000000000000e+01
5.400000000000000000e+01
7.100000000000000000e+01
2.770000000000000000e+02
2.950000000000000000e+02
1.750000000000000000e+02
1.520000000000000000e+02
2.450000000000000000e+02
2.920000000000000000e+02
3.100000000000000000e+02
1.480000000000000000e+02
3.620000000000000000e+02
3.170000000000000000e+02
1.400000000000000000e+02
2.320000000000000000e+02
2.320000000000000000e+02
1.050000000000000000e+02
2.310000000000000000e+02
1.270000000000000000e+02
2.570000000000000000e+02
3.140000000000000000e+02
2.900000000000000000e+02
5.600000000000000000e+01
1.560000000000000000e+02
6.100000000000000000e+01
2.630000000000000000e+02
1.520000000000000000e+02
4.400000000000000000e+01
2.480000000000000000e+02
1.530000000000000000e+02
9.700000000000000000e+01
1.380000000000000000e+02
2.170000000000000000e+02
2.580000000000000000e+02
5.600000000000000000e+01
2.350000000000000000e+02
2.130000000000000000e+02
1.900000000000000000e+02
2.070000000000000000e+02
2.370000000000000000e+02
1.670000000000000000e+02
2.100000000000000000e+02
2.440000000000000000e+02
3.410000000000000000e+02
1.010000000000000000e+02
3.180000000000000000e+02
1.400000000000000000e+02
1.240000000000000000e+02
2.570000000000000000e+02
1.810000000000000000e+02
7.300000000000000000e+01
1.040000000000000000e+02
9.600000000000000000e+01
4.420000000000000000e+02
3.760000000000000000e+02
3.470000000000000000e+02
1.020000000000000000e+02
5.200000000000000000e+01
1.590000000000000000e+02
4.370000000000000000e+02
5.980000000000000000e+02
7.800000000000000000e+01
6.200000000000000000e+01
1.160000000000000000e+02
8.100000000000000000e+01
7.900000000000000000e+01
1.240000000000000000e+02
4.790000000000000000e+02
7.000000000000000000e+01
7.700000000000000000e+01
1.780000000000000000e+02
4.800000000000000000e+01
6.200000000000000000e+01
3.000000000000000000e+01
2.200000000000000000e+01
4.900000000000000000e+01
9.500000000000000000e+01
1.330000000000000000e+02
2.160000000000000000e+02
2.430000000000000000e+02
3.300000000000000000e+01
1.100000000000000000e+02
2.310000000000000000e+02
3.640000000000000000e+02
1.490000000000000000e+02
1.630000000000000000e+02
2.210000000000000000e+02
2.120000000000000000e+02
7.200000000000000000e+01
1.720000000000000000e+02
1.960000000000000000e+02
3.790000000000000000e+02
1.660000000000000000e+02
2.000000000000000000e+02
7.200000000000000000e+01
1.990000000000000000e+02
1.130000000000000000e+02
1.280000000000000000e+02
1.250000000000000000e+02
1.910000000000000000e+02
1.470000000000000000e+02
4.000000000000000000e+01
1.770000000000000000e+02
2.760000000000000000e+02
4.900000000000000000e+01
1.820000000000000000e+02
1.500000000000000000e+02
3.340000000000000000e+02
1.850000000000000000e+02
1.810000000000000000e+02
1.310000000000000000e+02
4.000000000000000000e+01
1.050000000000000000e+02
9.300000000000000000e+01
7.100000000000000000e+01
7.600000000000000000e+01
1.200000000000000000e+02
1.110000000000000000e+02
1.000000000000000000e+02
1.390000000000000000e+02
8.800000000000000000e+01
1.170000000000000000e+02
1.310000000000000000e+02
5.600000000000000000e+01
3.800000000000000000e+01
1.470000000000000000e+02
9.700000000000000000e+01
8.200000000000000000e+01
1.010000000000000000e+02
8.500000000000000000e+01
1.080000000000000000e+02
1.310000000000000000e+02
6.400000000000000000e+01
7.000000000000000000e+01
1.200000000000000000e+02
