4.090000000000000000e+02
3.660000000000000000e+02
2.400000000000000000e+02
1.112000000000000000e+03
6.930000000000000000e+02
4.380000000000000000e+02
3.160000000000000000e+02
2.600000000000000000e+02
1.650000000000000000e+02
2.380000000000000000e+02
4.430000000000000000e+02
1.710000000000000000e+02
3.490000000000000000e+02
2.150000000000000000e+02
2.290000000000000000e+02
9.620000000000000000e+02
6.640000000000000000e+02
1.840000000000000000e+02
5.080000000000000000e+02
2.500000000000000000e+02
3.870000000000000000e+02
4.150000000000000000e+02
4.940000000000000000e+02
3.470000000000000000e+02
2.820000000000000000e+02
2.820000000000000000e+02
2.430000000000000000e+02
2.780000000000000000e+02
2.090000000000000000e+02
3.620000000000000000e+02
6.370000000000000000e+02
4.030000000000000000e+02
4.120000000000000000e+02
1.960000000000000000e+02
3.560000000000000000e+02
1.960000000000000000e+02
1.290000000000000000e+02
3.900000000000000000e+02
2.780000000000000000e+02
8.590000000000000000e+02
3.600000000000000000e+02
2.890000000000000000e+02
6.500000000000000000e+01
1.710000000000000000e+02
1.190000000000000000e+02
2.010000000000000000e+02
3.460000000000000000e+02
5.380000000000000000e+02
1.440000000000000000e+02
3.760000000000000000e+02
3.640000000000000000e+02
3.290000000000000000e+02
7.100000000000000000e+02
6.930000000000000000e+02
6.030000000000000000e+02
1.320000000000000000e+02
1.830000000000000000e+02
1.950000000000000000e+02
4.830000000000000000e+02
1.960000000000000000e+02
4.390000000000000000e+02
2.020000000000000000e+02
7.670000000000000000e+02
1.106000000000000000e+03
3.330000000000000000e+02
5.790000000000000000e+02
5.100000000000000000e+01
1.960000000000000000e+02
3.490000000000000000e+02
4.380000000000000000e+02
