6.600000000000000000e+01
3.330000000000000000e+02
2.700000000000000000e+01
1.630000000000000000e+02
6.600000000000000000e+01
2.150000000000000000e+02
2.070000000000000000e+02
1.990000000000000000e+02
6.800000000000000000e+01
1.860000000000000000e+02
1.280000000000000000e+02
1.160000000000000000e+02
2.340000000000000000e+02
8.200000000000000000e+01
2.260000000000000000e+02
5.200000000000000000e+01
9.900000000000000000e+01
9.100000000000000000e+01
1.150000000000000000e+02
6.600000000000000000e+01
1.150000000000000000e+02
4.800000000000000000e+01
1.590000000000000000e+02
3.610000000000000000e+02
8.200000000000000000e+01
3.600000000000000000e+01
5.700000000000000000e+01
2.120000000000000000e+02
4.100000000000000000e+01
9.600000000000000000e+01
5.760000000000000000e+02
2.900000000000000000e+01
1.510000000000000000e+02
1.540000000000000000e+02
1.260000000000000000e+02
6.900000000000000000e+01
1.300000000000000000e+02
9.400000000000000000e+01
1.760000000000000000e+02
2.040000000000000000e+02
5.100000000000000000e+01
1.340000000000000000e+02
1.750000000000000000e+02
4.500000000000000000e+01
6.000000000000000000e+01
1.380000000000000000e+02
5.100000000000000000e+01
2.840000000000000000e+02
9.800000000000000000e+01
3.240000000000000000e+02
1.530000000000000000e+02
1.230000000000000000e+02
1.520000000000000000e+02
1.550000000000000000e+02
1.690000000000000000e+02
1.300000000000000000e+02
7.700000000000000000e+01
2.520000000000000000e+02
1.840000000000000000e+02
1.660000000000000000e+02
3.200000000000000000e+01
1.340000000000000000e+02
6.400000000000000000e+01
5.800000000000000000e+01
1.090000000000000000e+02
1.170000000000000000e+02
9.200000000000000000e+01
9.000000000000000000e+01
5.600000000000000000e+01
1.900000000000000000e+02
1.520000000000000000e+02
6.000000000000000000e+01
1.380000000000000000e+02
8.500000000000000000e+01
1.950000000000000000e+02
2.230000000000000000e+02
2.110000000000000000e+02
2.200000000000000000e+01
1.380000000000000000e+02
1.040000000000000000e+02
1.970000000000000000e+02
2.580000000000000000e+02
1.540000000000000000e+02
8.700000000000000000e+01
1.230000000000000000e+02
5.400000000000000000e+01
2.490000000000000000e+02
1.970000000000000000e+02
1.600000000000000000e+02
5.000000000000000000e+01
5.600000000000000000e+01
1.600000000000000000e+02
3.830000000000000000e+02
4.500000000000000000e+01
9.900000000000000000e+01
6.500000000000000000e+01
6.700000000000000000e+01
1.750000000000000000e+02
4.800000000000000000e+01
4.700000000000000000e+01
2.800000000000000000e+01
8.000000000000000000e+01
2.480000000000000000e+02
7.900000000000000000e+01
2.200000000000000000e+02
1.950000000000000000e+02
2.420000000000000000e+02
2.750000000000000000e+02
2.350000000000000000e+02
1.820000000000000000e+02
2.380000000000000000e+02
3.540000000000000000e+02
1.160000000000000000e+02
8.200000000000000000e+01
1.620000000000000000e+02
2.400000000000000000e+02
7.510000000000000000e+02
2.080000000000000000e+02
9.500000000000000000e+01
1.470000000000000000e+02
2.840000000000000000e+02
2.420000000000000000e+02
1.650000000000000000e+02
4.500000000000000000e+01
2.330000000000000000e+02
3.230000000000000000e+02
4.100000000000000000e+01
1.840000000000000000e+02
7.800000000000000000e+01
3.450000000000000000e+02
1.210000000000000000e+02
5.400000000000000000e+01
2.050000000000000000e+02
1.120000000000000000e+02
1.610000000000000000e+02
1.890000000000000000e+02
1.100000000000000000e+02
5.100000000000000000e+01
4.900000000000000000e+01
1.540000000000000000e+02
3.500000000000000000e+01
1.480000000000000000e+02
6.100000000000000000e+01
4.600000000000000000e+02
1.060000000000000000e+02
1.800000000000000000e+02
1.510000000000000000e+02
2.890000000000000000e+02
6.700000000000000000e+01
9.500000000000000000e+01
4.400000000000000000e+01
7.900000000000000000e+01
2.700000000000000000e+01
6.000000000000000000e+01
1.710000000000000000e+02
1.540000000000000000e+02
4.800000000000000000e+01
1.130000000000000000e+02
2.800000000000000000e+01
1.560000000000000000e+02
1.140000000000000000e+02
2.100000000000000000e+01
2.560000000000000000e+02
4.640000000000000000e+02
9.900000000000000000e+01
1.760000000000000000e+02
1.270000000000000000e+02
1.160000000000000000e+02
1.290000000000000000e+02
2.740000000000000000e+02
1.520000000000000000e+02
3.720000000000000000e+02
1.770000000000000000e+02
1.250000000000000000e+02
1.050000000000000000e+02
7.000000000000000000e+01
1.980000000000000000e+02
7.300000000000000000e+01
2.700000000000000000e+02
4.600000000000000000e+01
4.200000000000000000e+01
5.800000000000000000e+01
