2.280000000000000000e+02
4.090000000000000000e+02
2.540000000000000000e+02
7.000000000000000000e+01
6.130000000000000000e+02
3.670000000000000000e+02
8.650000000000000000e+02
1.300000000000000000e+02
5.400000000000000000e+01
1.910000000000000000e+02
4.040000000000000000e+02
3.410000000000000000e+02
7.280000000000000000e+02
3.540000000000000000e+02
2.500000000000000000e+02
3.400000000000000000e+02
3.460000000000000000e+02
5.560000000000000000e+02
4.990000000000000000e+02
1.840000000000000000e+02
4.810000000000000000e+02
4.420000000000000000e+02
2.510000000000000000e+02
5.850000000000000000e+02
1.860000000000000000e+02
3.470000000000000000e+02
2.410000000000000000e+02
4.220000000000000000e+02
2.990000000000000000e+02
1.490000000000000000e+02
7.460000000000000000e+02
4.520000000000000000e+02
6.560000000000000000e+02
6.260000000000000000e+02
5.590000000000000000e+02
5.680000000000000000e+02
7.050000000000000000e+02
7.800000000000000000e+02
5.160000000000000000e+02
4.410000000000000000e+02
3.770000000000000000e+02
8.080000000000000000e+02
4.300000000000000000e+02
3.560000000000000000e+02
6.130000000000000000e+02
4.210000000000000000e+02
7.060000000000000000e+02
5.100000000000000000e+02
2.010000000000000000e+02
6.420000000000000000e+02
8.220000000000000000e+02
2.260000000000000000e+02
3.760000000000000000e+02
1.350000000000000000e+02
1.800000000000000000e+02
6.060000000000000000e+02
8.340000000000000000e+02
7.770000000000000000e+02
5.050000000000000000e+02
6.190000000000000000e+02
