1.630000000000000000e+02
8.600000000000000000e+01
8.800000000000000000e+01
9.100000000000000000e+01
1.520000000000000000e+02
1.190000000000000000e+02
5.100000000000000000e+01
1.060000000000000000e+02
2.390000000000000000e+02
6.900000000000000000e+01
1.470000000000000000e+02
6.800000000000000000e+01
9.900000000000000000e+01
1.990000000000000000e+02
7.200000000000000000e+01
1.240000000000000000e+02
1.730000000000000000e+02
2.000000000000000000e+02
6.500000000000000000e+01
3.120000000000000000e+02
8.100000000000000000e+01
4.400000000000000000e+01
9.200000000000000000e+01
9.600000000000000000e+01
1.350000000000000000e+02
9.700000000000000000e+01
7.900000000000000000e+01
5.000000000000000000e+01
4.300000000000000000e+01
1.260000000000000000e+02
1.480000000000000000e+02
1.670000000000000000e+02
4.410000000000000000e+02
1.170000000000000000e+02
1.690000000000000000e+02
9.300000000000000000e+01
7.500000000000000000e+01
1.640000000000000000e+02
1.470000000000000000e+02
4.300000000000000000e+01
1.080000000000000000e+02
1.440000000000000000e+02
1.580000000000000000e+02
9.000000000000000000e+01
1.360000000000000000e+02
2.460000000000000000e+02
3.630000000000000000e+02
8.100000000000000000e+01
1.100000000000000000e+02
4.060000000000000000e+02
1.080000000000000000e+02
8.100000000000000000e+01
2.390000000000000000e+02
2.000000000000000000e+02
6.800000000000000000e+01
4.000000000000000000e+01
1.370000000000000000e+02
1.100000000000000000e+02
7.800000000000000000e+01
1.290000000000000000e+02
2.190000000000000000e+02
6.800000000000000000e+01
1.870000000000000000e+02
9.000000000000000000e+01
9.800000000000000000e+01
1.910000000000000000e+02
7.900000000000000000e+01
2.570000000000000000e+02
2.220000000000000000e+02
1.860000000000000000e+02
9.900000000000000000e+01
1.500000000000000000e+02
1.790000000000000000e+02
1.130000000000000000e+02
2.680000000000000000e+02
1.560000000000000000e+02
9.500000000000000000e+01
1.370000000000000000e+02
9.900000000000000000e+01
8.000000000000000000e+01
1.300000000000000000e+02
3.520000000000000000e+02
1.230000000000000000e+02
1.000000000000000000e+02
5.800000000000000000e+01
1.810000000000000000e+02
1.880000000000000000e+02
1.130000000000000000e+02
1.220000000000000000e+02
4.900000000000000000e+01
5.700000000000000000e+01
1.200000000000000000e+02
4.100000000000000000e+01
1.840000000000000000e+02
1.150000000000000000e+02
4.300000000000000000e+01
1.910000000000000000e+02
9.200000000000000000e+01
1.100000000000000000e+02
1.220000000000000000e+02
1.600000000000000000e+02
4.700000000000000000e+01
6.000000000000000000e+01
1.950000000000000000e+02
8.600000000000000000e+01
6.100000000000000000e+01
8.700000000000000000e+01
1.430000000000000000e+02
1.170000000000000000e+02
2.310000000000000000e+02
1.200000000000000000e+02
1.080000000000000000e+02
7.000000000000000000e+01
1.670000000000000000e+02
1.570000000000000000e+02
2.680000000000000000e+02
5.900000000000000000e+01
3.160000000000000000e+02
1.210000000000000000e+02
1.560000000000000000e+02
1.340000000000000000e+02
4.870000000000000000e+02
1.320000000000000000e+02
6.000000000000000000e+01
8.000000000000000000e+01
1.580000000000000000e+02
1.460000000000000000e+02
6.000000000000000000e+01
1.190000000000000000e+02
1.340000000000000000e+02
1.070000000000000000e+02
1.960000000000000000e+02
1.170000000000000000e+02
1.550000000000000000e+02
1.060000000000000000e+02
7.500000000000000000e+01
6.700000000000000000e+01
7.800000000000000000e+01
9.100000000000000000e+01
6.700000000000000000e+01
2.080000000000000000e+02
6.100000000000000000e+01
7.100000000000000000e+01
1.070000000000000000e+02
1.370000000000000000e+02
2.090000000000000000e+02
5.800000000000000000e+01
1.010000000000000000e+02
5.500000000000000000e+01
1.210000000000000000e+02
7.200000000000000000e+01
1.150000000000000000e+02
5.900000000000000000e+01
1.120000000000000000e+02
5.500000000000000000e+01
6.700000000000000000e+01
8.300000000000000000e+01
1.280000000000000000e+02
2.200000000000000000e+02
4.700000000000000000e+01
1.080000000000000000e+02
9.100000000000000000e+01
6.700000000000000000e+01
9.700000000000000000e+01
4.900000000000000000e+01
2.580000000000000000e+02
1.240000000000000000e+02
6.300000000000000000e+01
2.610000000000000000e+02
6.600000000000000000e+01
4.700000000000000000e+01
8.100000000000000000e+01
1.130000000000000000e+02
9.100000000000000000e+01
4.600000000000000000e+01
6.100000000000000000e+01
1.490000000000000000e+02
2.930000000000000000e+02
8.400000000000000000e+01
1.850000000000000000e+02
3.950000000000000000e+02
2.240000000000000000e+02
1.020000000000000000e+02
8.800000000000000000e+01
8.000000000000000000e+01
1.970000000000000000e+02
1.460000000000000000e+02
1.680000000000000000e+02
2.090000000000000000e+02
2.270000000000000000e+02
2.030000000000000000e+02
1.680000000000000000e+02
1.540000000000000000e+02
6.100000000000000000e+01
1.280000000000000000e+02
8.800000000000000000e+01
1.220000000000000000e+02
1.750000000000000000e+02
