1.130000000000000000e+02
9.200000000000000000e+01
2.200000000000000000e+01
1.260000000000000000e+02
3.500000000000000000e+01
2.150000000000000000e+02
4.300000000000000000e+01
4.900000000000000000e+01
2.200000000000000000e+01
5.300000000000000000e+01
8.200000000000000000e+01
8.700000000000000000e+01
5.200000000000000000e+01
8.300000000000000000e+01
3.700000000000000000e+01
1.500000000000000000e+02
1.220000000000000000e+02
6.500000000000000000e+01
4.400000000000000000e+01
2.200000000000000000e+01
1.890000000000000000e+02
8.000000000000000000e+01
1.010000000000000000e+02
2.340000000000000000e+02
1.690000000000000000e+02
1.000000000000000000e+02
1.230000000000000000e+02
4.900000000000000000e+01
8.100000000000000000e+01
6.400000000000000000e+01
7.200000000000000000e+01
1.980000000000000000e+02
4.800000000000000000e+01
4.400000000000000000e+01
2.800000000000000000e+01
8.400000000000000000e+01
8.600000000000000000e+01
8.300000000000000000e+01
5.700000000000000000e+01
3.710000000000000000e+02
9.600000000000000000e+01
3.000000000000000000e+01
1.190000000000000000e+02
6.400000000000000000e+01
2.900000000000000000e+02
1.330000000000000000e+02
4.800000000000000000e+01
3.460000000000000000e+02
3.700000000000000000e+01
8.900000000000000000e+01
1.130000000000000000e+02
1.670000000000000000e+02
7.000000000000000000e+01
9.500000000000000000e+01
6.300000000000000000e+01
6.000000000000000000e+01
8.600000000000000000e+01
4.100000000000000000e+01
1.820000000000000000e+02
1.230000000000000000e+02
8.500000000000000000e+01
4.700000000000000000e+01
2.130000000000000000e+02
9.100000000000000000e+01
4.900000000000000000e+01
1.500000000000000000e+02
3.500000000000000000e+01
2.650000000000000000e+02
7.800000000000000000e+01
3.000000000000000000e+01
1.100000000000000000e+02
2.400000000000000000e+01
4.300000000000000000e+01
5.300000000000000000e+01
5.500000000000000000e+01
4.300000000000000000e+01
7.700000000000000000e+01
8.300000000000000000e+01
2.700000000000000000e+01
3.800000000000000000e+01
4.000000000000000000e+01
4.600000000000000000e+01
2.890000000000000000e+02
5.600000000000000000e+01
9.400000000000000000e+01
1.650000000000000000e+02
7.800000000000000000e+01
5.500000000000000000e+01
6.800000000000000000e+01
8.800000000000000000e+01
7.500000000000000000e+01
7.900000000000000000e+01
1.730000000000000000e+02
5.400000000000000000e+01
7.000000000000000000e+01
1.060000000000000000e+02
1.500000000000000000e+02
6.400000000000000000e+01
4.540000000000000000e+02
3.900000000000000000e+01
4.500000000000000000e+01
1.680000000000000000e+02
1.810000000000000000e+02
5.930000000000000000e+02
2.180000000000000000e+02
1.660000000000000000e+02
6.020000000000000000e+02
3.700000000000000000e+01
5.800000000000000000e+01
4.200000000000000000e+01
5.100000000000000000e+01
2.960000000000000000e+02
4.300000000000000000e+02
1.080000000000000000e+02
6.500000000000000000e+01
8.000000000000000000e+01
2.290000000000000000e+02
6.300000000000000000e+01
6.000000000000000000e+01
2.400000000000000000e+01
1.260000000000000000e+02
1.520000000000000000e+02
4.700000000000000000e+01
5.200000000000000000e+01
4.200000000000000000e+01
1.490000000000000000e+02
1.420000000000000000e+02
1.380000000000000000e+02
3.500000000000000000e+01
4.200000000000000000e+01
5.600000000000000000e+01
1.130000000000000000e+02
4.700000000000000000e+01
1.870000000000000000e+02
6.600000000000000000e+01
1.900000000000000000e+02
1.960000000000000000e+02
1.710000000000000000e+02
1.520000000000000000e+02
7.500000000000000000e+01
4.900000000000000000e+01
1.100000000000000000e+02
5.000000000000000000e+01
2.010000000000000000e+02
8.000000000000000000e+01
2.200000000000000000e+01
6.700000000000000000e+01
4.000000000000000000e+01
9.200000000000000000e+01
4.800000000000000000e+01
2.800000000000000000e+01
8.300000000000000000e+01
1.430000000000000000e+02
3.300000000000000000e+01
6.000000000000000000e+01
1.220000000000000000e+02
8.700000000000000000e+01
8.000000000000000000e+01
6.800000000000000000e+01
1.120000000000000000e+02
7.700000000000000000e+01
8.500000000000000000e+01
8.500000000000000000e+01
5.900000000000000000e+01
6.100000000000000000e+01
9.300000000000000000e+01
2.000000000000000000e+01
5.300000000000000000e+01
4.900000000000000000e+01
4.100000000000000000e+01
6.500000000000000000e+01
5.300000000000000000e+01
2.290000000000000000e+02
4.800000000000000000e+01
6.100000000000000000e+01
7.200000000000000000e+01
1.050000000000000000e+02
7.400000000000000000e+01
7.600000000000000000e+01
4.700000000000000000e+01
6.700000000000000000e+01
3.400000000000000000e+01
3.500000000000000000e+01
5.000000000000000000e+01
4.900000000000000000e+01
5.810000000000000000e+02
7.400000000000000000e+01
3.220000000000000000e+02
4.300000000000000000e+01
4.700000000000000000e+01
6.200000000000000000e+01
3.800000000000000000e+01
2.600000000000000000e+01
2.600000000000000000e+01
3.900000000000000000e+01
6.300000000000000000e+01
7.600000000000000000e+01
7.000000000000000000e+01
2.400000000000000000e+01
6.500000000000000000e+01
7.400000000000000000e+01
3.300000000000000000e+01
8.900000000000000000e+01
3.300000000000000000e+01
3.700000000000000000e+01
8.400000000000000000e+01
9.400000000000000000e+01
6.600000000000000000e+01
8.400000000000000000e+01
5.600000000000000000e+01
6.400000000000000000e+01
1.430000000000000000e+02
7.000000000000000000e+01
3.700000000000000000e+01
1.800000000000000000e+02
9.800000000000000000e+01
6.200000000000000000e+01
1.640000000000000000e+02
9.500000000000000000e+01
2.820000000000000000e+02
2.610000000000000000e+02
1.650000000000000000e+02
1.550000000000000000e+02
1.080000000000000000e+02
6.900000000000000000e+01
2.000000000000000000e+01
9.600000000000000000e+01
1.700000000000000000e+02
7.400000000000000000e+01
1.000000000000000000e+02
1.110000000000000000e+02
4.700000000000000000e+01
5.700000000000000000e+01
9.000000000000000000e+01
6.400000000000000000e+01
2.100000000000000000e+01
5.100000000000000000e+01
2.900000000000000000e+01
3.500000000000000000e+01
4.300000000000000000e+01
8.400000000000000000e+01
6.800000000000000000e+01
2.100000000000000000e+01
2.400000000000000000e+01
1.150000000000000000e+02
7.400000000000000000e+01
2.100000000000000000e+01
2.100000000000000000e+01
7.200000000000000000e+01
6.000000000000000000e+01
9.000000000000000000e+01
5.400000000000000000e+01
5.100000000000000000e+01
1.300000000000000000e+02
4.600000000000000000e+01
8.100000000000000000e+01
8.100000000000000000e+01
9.400000000000000000e+01
6.100000000000000000e+01
5.000000000000000000e+01
3.700000000000000000e+01
3.900000000000000000e+01
3.800000000000000000e+01
9.000000000000000000e+01
3.200000000000000000e+01
4.100000000000000000e+01
4.700000000000000000e+01
6.500000000000000000e+01
4.400000000000000000e+01
2.600000000000000000e+01
9.100000000000000000e+01
2.800000000000000000e+01
6.800000000000000000e+01
2.000000000000000000e+01
2.300000000000000000e+01
2.500000000000000000e+01
7.200000000000000000e+01
4.100000000000000000e+01
2.400000000000000000e+01
2.300000000000000000e+01
2.600000000000000000e+01
5.000000000000000000e+01
7.300000000000000000e+01
2.500000000000000000e+01
4.900000000000000000e+01
4.400000000000000000e+01
4.000000000000000000e+01
4.200000000000000000e+01
3.400000000000000000e+01
2.100000000000000000e+01
4.700000000000000000e+01
6.700000000000000000e+01
2.500000000000000000e+01
8.900000000000000000e+01
2.500000000000000000e+01
3.400000000000000000e+01
