1.130000000000000000e+02
9.200000000000000000e+01
1.260000000000000000e+02
3.500000000000000000e+01
2.150000000000000000e+02
4.900000000000000000e+01
5.300000000000000000e+01
8.200000000000000000e+01
1.070000000000000000e+02
5.200000000000000000e+01
8.300000000000000000e+01
3.700000000000000000e+01
2.570000000000000000e+02
1.220000000000000000e+02
6.500000000000000000e+01
4.400000000000000000e+01
2.910000000000000000e+02
8.000000000000000000e+01
1.170000000000000000e+02
2.340000000000000000e+02
1.970000000000000000e+02
1.000000000000000000e+02
1.230000000000000000e+02
7.500000000000000000e+01
9.100000000000000000e+01
1.050000000000000000e+02
7.200000000000000000e+01
2.840000000000000000e+02
7.200000000000000000e+01
6.000000000000000000e+01
8.400000000000000000e+01
8.600000000000000000e+01
1.050000000000000000e+02
4.480000000000000000e+02
1.470000000000000000e+02
1.190000000000000000e+02
7.400000000000000000e+01
2.900000000000000000e+02
1.330000000000000000e+02
7.000000000000000000e+01
3.460000000000000000e+02
5.100000000000000000e+01
8.900000000000000000e+01
1.240000000000000000e+02
1.670000000000000000e+02
7.600000000000000000e+01
1.480000000000000000e+02
6.300000000000000000e+01
6.000000000000000000e+01
8.600000000000000000e+01
4.100000000000000000e+01
1.870000000000000000e+02
1.450000000000000000e+02
1.090000000000000000e+02
4.700000000000000000e+01
2.130000000000000000e+02
9.100000000000000000e+01
1.020000000000000000e+02
1.500000000000000000e+02
3.500000000000000000e+01
2.650000000000000000e+02
1.270000000000000000e+02
3.000000000000000000e+01
1.200000000000000000e+02
5.700000000000000000e+01
7.800000000000000000e+01
9.600000000000000000e+01
4.300000000000000000e+01
7.700000000000000000e+01
1.790000000000000000e+02
3.800000000000000000e+01
4.000000000000000000e+01
7.900000000000000000e+01
3.130000000000000000e+02
5.600000000000000000e+01
1.340000000000000000e+02
1.650000000000000000e+02
7.800000000000000000e+01
8.800000000000000000e+01
7.500000000000000000e+01
7.900000000000000000e+01
2.190000000000000000e+02
9.400000000000000000e+01
1.110000000000000000e+02
1.500000000000000000e+02
6.400000000000000000e+01
4.540000000000000000e+02
6.600000000000000000e+01
5.200000000000000000e+01
1.680000000000000000e+02
2.050000000000000000e+02
6.550000000000000000e+02
2.360000000000000000e+02
2.710000000000000000e+02
6.520000000000000000e+02
3.700000000000000000e+01
6.200000000000000000e+01
4.200000000000000000e+01
1.320000000000000000e+02
4.090000000000000000e+02
4.300000000000000000e+02
1.110000000000000000e+02
8.400000000000000000e+01
2.290000000000000000e+02
8.800000000000000000e+01
8.600000000000000000e+01
1.920000000000000000e+02
2.810000000000000000e+02
5.200000000000000000e+01
1.580000000000000000e+02
1.420000000000000000e+02
1.380000000000000000e+02
3.500000000000000000e+01
6.600000000000000000e+01
5.600000000000000000e+01
1.130000000000000000e+02
1.900000000000000000e+02
8.800000000000000000e+01
1.900000000000000000e+02
2.190000000000000000e+02
1.710000000000000000e+02
1.520000000000000000e+02
7.500000000000000000e+01
4.900000000000000000e+01
1.120000000000000000e+02
5.000000000000000000e+01
2.010000000000000000e+02
8.000000000000000000e+01
9.500000000000000000e+01
4.000000000000000000e+01
9.200000000000000000e+01
6.900000000000000000e+01
1.040000000000000000e+02
1.430000000000000000e+02
6.000000000000000000e+01
1.540000000000000000e+02
1.220000000000000000e+02
1.460000000000000000e+02
8.800000000000000000e+01
1.120000000000000000e+02
7.700000000000000000e+01
8.500000000000000000e+01
1.040000000000000000e+02
5.900000000000000000e+01
6.100000000000000000e+01
9.300000000000000000e+01
7.800000000000000000e+01
1.040000000000000000e+02
7.800000000000000000e+01
1.080000000000000000e+02
2.980000000000000000e+02
7.200000000000000000e+01
8.000000000000000000e+01
1.600000000000000000e+02
7.400000000000000000e+01
1.140000000000000000e+02
4.700000000000000000e+01
3.400000000000000000e+01
7.200000000000000000e+01
6.420000000000000000e+02
7.400000000000000000e+01
3.220000000000000000e+02
4.300000000000000000e+01
8.900000000000000000e+01
6.200000000000000000e+01
4.200000000000000000e+01
7.600000000000000000e+01
8.700000000000000000e+01
8.200000000000000000e+01
1.650000000000000000e+02
4.200000000000000000e+01
8.400000000000000000e+01
9.400000000000000000e+01
1.100000000000000000e+02
5.600000000000000000e+01
6.400000000000000000e+01
1.430000000000000000e+02
8.300000000000000000e+01
4.100000000000000000e+01
1.800000000000000000e+02
9.800000000000000000e+01
1.640000000000000000e+02
9.500000000000000000e+01
3.040000000000000000e+02
2.610000000000000000e+02
1.650000000000000000e+02
1.690000000000000000e+02
1.080000000000000000e+02
6.900000000000000000e+01
9.700000000000000000e+01
1.700000000000000000e+02
8.600000000000000000e+01
1.000000000000000000e+02
1.210000000000000000e+02
4.700000000000000000e+01
1.140000000000000000e+02
1.010000000000000000e+02
7.300000000000000000e+01
5.500000000000000000e+01
5.800000000000000000e+01
4.300000000000000000e+01
8.400000000000000000e+01
6.800000000000000000e+01
1.340000000000000000e+02
7.200000000000000000e+01
6.000000000000000000e+01
6.200000000000000000e+01
1.030000000000000000e+02
6.900000000000000000e+01
3.700000000000000000e+01
3.200000000000000000e+01
4.200000000000000000e+01
5.000000000000000000e+01
7.500000000000000000e+01
2.150000000000000000e+02
4.700000000000000000e+01
4.900000000000000000e+01
4.700000000000000000e+01
5.200000000000000000e+01
