1.640000000000000000e+02
4.900000000000000000e+01
1.230000000000000000e+02
1.230000000000000000e+02
1.940000000000000000e+02
1.490000000000000000e+02
7.820000000000000000e+02
7.820000000000000000e+02
1.670000000000000000e+02
3.680000000000000000e+02
3.480000000000000000e+02
2.410000000000000000e+02
6.840000000000000000e+02
2.410000000000000000e+02
9.500000000000000000e+01
6.440000000000000000e+02
2.040000000000000000e+02
2.700000000000000000e+02
3.710000000000000000e+02
1.930000000000000000e+02
1.200000000000000000e+02
6.030000000000000000e+02
1.370000000000000000e+02
5.800000000000000000e+01
2.300000000000000000e+02
3.890000000000000000e+02
7.800000000000000000e+01
2.480000000000000000e+02
3.110000000000000000e+02
4.200000000000000000e+01
3.650000000000000000e+02
2.510000000000000000e+02
1.110000000000000000e+02
1.560000000000000000e+02
3.700000000000000000e+02
8.900000000000000000e+01
4.000000000000000000e+01
2.190000000000000000e+02
2.310000000000000000e+02
5.100000000000000000e+01
9.800000000000000000e+01
6.420000000000000000e+02
5.900000000000000000e+01
3.600000000000000000e+01
3.260000000000000000e+02
1.010000000000000000e+02
5.300000000000000000e+01
2.670000000000000000e+02
8.010000000000000000e+02
7.580000000000000000e+02
4.400000000000000000e+01
6.100000000000000000e+01
4.990000000000000000e+02
1.910000000000000000e+02
1.190000000000000000e+03
1.630000000000000000e+02
4.010000000000000000e+02
3.890000000000000000e+02
2.790000000000000000e+02
2.510000000000000000e+02
2.870000000000000000e+02
6.550000000000000000e+02
4.930000000000000000e+02
3.630000000000000000e+02
1.390000000000000000e+02
5.150000000000000000e+02
5.000000000000000000e+02
3.220000000000000000e+02
3.020000000000000000e+02
5.930000000000000000e+02
7.900000000000000000e+01
5.070000000000000000e+02
1.800000000000000000e+02
3.870000000000000000e+02
5.290000000000000000e+02
3.080000000000000000e+02
2.690000000000000000e+02
1.990000000000000000e+02
5.750000000000000000e+02
6.570000000000000000e+02
5.700000000000000000e+01
1.750000000000000000e+02
1.300000000000000000e+02
6.990000000000000000e+02
4.010000000000000000e+02
6.450000000000000000e+02
1.540000000000000000e+02
