1.050000000000000000e+02
2.040000000000000000e+02
4.310000000000000000e+02
3.930000000000000000e+02
1.000000000000000000e+02
3.140000000000000000e+02
5.640000000000000000e+02
9.500000000000000000e+01
1.470000000000000000e+02
1.130000000000000000e+02
9.100000000000000000e+01
2.300000000000000000e+02
3.800000000000000000e+02
1.400000000000000000e+02
2.040000000000000000e+02
4.760000000000000000e+02
2.450000000000000000e+02
4.400000000000000000e+02
1.430000000000000000e+02
4.280000000000000000e+02
2.230000000000000000e+02
1.580000000000000000e+02
1.440000000000000000e+02
1.240000000000000000e+02
8.200000000000000000e+01
1.620000000000000000e+02
1.690000000000000000e+02
1.480000000000000000e+02
2.460000000000000000e+02
2.500000000000000000e+02
7.600000000000000000e+01
1.510000000000000000e+02
2.310000000000000000e+02
2.990000000000000000e+02
1.060000000000000000e+02
2.100000000000000000e+02
2.130000000000000000e+02
2.240000000000000000e+02
7.300000000000000000e+01
2.280000000000000000e+02
1.880000000000000000e+02
2.780000000000000000e+02
2.430000000000000000e+02
2.000000000000000000e+02
1.180000000000000000e+02
3.000000000000000000e+02
1.850000000000000000e+02
1.090000000000000000e+02
1.060000000000000000e+02
3.030000000000000000e+02
7.400000000000000000e+01
3.800000000000000000e+01
2.470000000000000000e+02
2.420000000000000000e+02
4.060000000000000000e+02
3.260000000000000000e+02
1.670000000000000000e+02
2.320000000000000000e+02
2.210000000000000000e+02
2.030000000000000000e+02
2.970000000000000000e+02
9.300000000000000000e+01
9.300000000000000000e+01
1.220000000000000000e+02
8.000000000000000000e+01
1.560000000000000000e+02
1.720000000000000000e+02
2.100000000000000000e+02
2.030000000000000000e+02
2.800000000000000000e+02
2.260000000000000000e+02
1.000000000000000000e+02
3.270000000000000000e+02
1.450000000000000000e+02
1.180000000000000000e+02
3.020000000000000000e+02
4.510000000000000000e+02
1.240000000000000000e+02
4.250000000000000000e+02
4.380000000000000000e+02
1.630000000000000000e+02
2.620000000000000000e+02
2.240000000000000000e+02
2.560000000000000000e+02
3.170000000000000000e+02
2.090000000000000000e+02
4.600000000000000000e+02
1.360000000000000000e+02
2.470000000000000000e+02
3.100000000000000000e+02
7.100000000000000000e+01
1.280000000000000000e+02
5.200000000000000000e+01
7.400000000000000000e+01
1.900000000000000000e+02
2.790000000000000000e+02
1.590000000000000000e+02
3.330000000000000000e+02
2.790000000000000000e+02
1.550000000000000000e+02
3.630000000000000000e+02
1.300000000000000000e+02
1.410000000000000000e+02
1.410000000000000000e+02
1.080000000000000000e+02
9.400000000000000000e+01
1.300000000000000000e+02
1.810000000000000000e+02
1.910000000000000000e+02
9.400000000000000000e+01
1.980000000000000000e+02
2.220000000000000000e+02
1.120000000000000000e+02
5.970000000000000000e+02
2.980000000000000000e+02
2.840000000000000000e+02
2.510000000000000000e+02
3.970000000000000000e+02
1.930000000000000000e+02
1.110000000000000000e+02
2.580000000000000000e+02
2.240000000000000000e+02
