1.150000000000000000e+02
1.750000000000000000e+02
1.180000000000000000e+02
5.400000000000000000e+01
3.100000000000000000e+01
1.640000000000000000e+02
7.700000000000000000e+01
1.090000000000000000e+02
1.030000000000000000e+02
1.180000000000000000e+02
1.000000000000000000e+02
1.050000000000000000e+02
7.600000000000000000e+01
5.780000000000000000e+02
3.200000000000000000e+01
8.700000000000000000e+01
2.730000000000000000e+02
1.740000000000000000e+02
1.620000000000000000e+02
7.600000000000000000e+01
5.500000000000000000e+01
4.000000000000000000e+01
7.000000000000000000e+01
9.600000000000000000e+01
3.700000000000000000e+01
1.340000000000000000e+02
9.200000000000000000e+01
9.100000000000000000e+01
3.000000000000000000e+02
4.900000000000000000e+01
7.000000000000000000e+01
1.240000000000000000e+02
1.360000000000000000e+02
2.550000000000000000e+02
1.610000000000000000e+02
1.650000000000000000e+02
1.270000000000000000e+02
1.300000000000000000e+02
1.080000000000000000e+02
1.380000000000000000e+02
1.180000000000000000e+02
7.400000000000000000e+01
9.100000000000000000e+01
7.000000000000000000e+01
1.460000000000000000e+02
6.600000000000000000e+01
2.160000000000000000e+02
1.430000000000000000e+02
1.310000000000000000e+02
7.800000000000000000e+01
5.500000000000000000e+01
9.400000000000000000e+01
6.300000000000000000e+01
6.700000000000000000e+01
3.600000000000000000e+01
7.600000000000000000e+01
1.370000000000000000e+02
2.290000000000000000e+02
1.160000000000000000e+02
5.100000000000000000e+01
7.800000000000000000e+01
7.500000000000000000e+01
1.580000000000000000e+02
1.290000000000000000e+02
1.180000000000000000e+02
1.770000000000000000e+02
1.270000000000000000e+02
4.000000000000000000e+01
8.700000000000000000e+01
9.300000000000000000e+01
3.400000000000000000e+01
1.800000000000000000e+02
1.320000000000000000e+02
7.100000000000000000e+01
5.900000000000000000e+01
4.300000000000000000e+01
8.700000000000000000e+01
1.820000000000000000e+02
1.680000000000000000e+02
5.600000000000000000e+01
4.600000000000000000e+01
5.100000000000000000e+01
3.800000000000000000e+01
8.000000000000000000e+01
4.600000000000000000e+01
4.400000000000000000e+01
1.260000000000000000e+02
9.600000000000000000e+01
8.600000000000000000e+01
9.100000000000000000e+01
5.600000000000000000e+01
1.410000000000000000e+02
1.170000000000000000e+02
6.200000000000000000e+01
1.020000000000000000e+02
9.100000000000000000e+01
1.790000000000000000e+02
1.820000000000000000e+02
1.110000000000000000e+02
5.800000000000000000e+01
2.150000000000000000e+02
9.100000000000000000e+01
1.000000000000000000e+02
9.000000000000000000e+01
4.500000000000000000e+01
1.470000000000000000e+02
1.050000000000000000e+02
4.400000000000000000e+01
5.900000000000000000e+01
9.500000000000000000e+01
1.990000000000000000e+02
3.200000000000000000e+01
2.200000000000000000e+01
7.200000000000000000e+01
8.700000000000000000e+01
9.400000000000000000e+01
7.400000000000000000e+01
9.200000000000000000e+01
1.080000000000000000e+02
1.980000000000000000e+02
1.340000000000000000e+02
4.100000000000000000e+01
5.500000000000000000e+01
1.500000000000000000e+02
7.900000000000000000e+01
1.620000000000000000e+02
8.600000000000000000e+01
1.610000000000000000e+02
6.400000000000000000e+01
8.000000000000000000e+01
1.050000000000000000e+02
1.020000000000000000e+02
2.220000000000000000e+02
1.110000000000000000e+02
3.000000000000000000e+01
8.800000000000000000e+01
9.900000000000000000e+01
1.100000000000000000e+02
1.020000000000000000e+02
2.960000000000000000e+02
1.750000000000000000e+02
5.600000000000000000e+01
5.700000000000000000e+01
1.440000000000000000e+02
2.080000000000000000e+02
8.300000000000000000e+01
2.040000000000000000e+02
9.000000000000000000e+01
2.340000000000000000e+02
8.300000000000000000e+01
7.000000000000000000e+01
1.230000000000000000e+02
1.290000000000000000e+02
8.100000000000000000e+01
2.290000000000000000e+02
6.700000000000000000e+01
3.100000000000000000e+01
1.460000000000000000e+02
1.180000000000000000e+02
2.400000000000000000e+01
1.960000000000000000e+02
9.500000000000000000e+01
1.300000000000000000e+02
1.000000000000000000e+02
4.650000000000000000e+02
3.600000000000000000e+01
8.800000000000000000e+01
1.410000000000000000e+02
1.220000000000000000e+02
2.380000000000000000e+02
7.600000000000000000e+01
1.440000000000000000e+02
2.420000000000000000e+02
1.750000000000000000e+02
7.000000000000000000e+01
7.300000000000000000e+01
2.670000000000000000e+02
2.000000000000000000e+02
1.780000000000000000e+02
1.070000000000000000e+02
1.140000000000000000e+02
1.860000000000000000e+02
3.220000000000000000e+02
1.790000000000000000e+02
2.450000000000000000e+02
4.900000000000000000e+01
1.010000000000000000e+02
1.480000000000000000e+02
1.270000000000000000e+02
3.400000000000000000e+01
1.230000000000000000e+02
3.510000000000000000e+02
2.300000000000000000e+02
2.310000000000000000e+02
7.700000000000000000e+01
5.700000000000000000e+01
3.100000000000000000e+01
2.200000000000000000e+01
2.870000000000000000e+02
6.700000000000000000e+01
2.310000000000000000e+02
6.400000000000000000e+01
4.900000000000000000e+01
2.300000000000000000e+01
2.900000000000000000e+01
4.200000000000000000e+01
2.040000000000000000e+02
3.100000000000000000e+01
1.050000000000000000e+02
1.130000000000000000e+02
2.370000000000000000e+02
3.000000000000000000e+01
1.030000000000000000e+02
1.780000000000000000e+02
8.000000000000000000e+01
1.030000000000000000e+02
4.000000000000000000e+01
1.570000000000000000e+02
7.200000000000000000e+01
2.400000000000000000e+01
7.300000000000000000e+01
1.860000000000000000e+02
9.000000000000000000e+01
5.200000000000000000e+01
1.180000000000000000e+02
2.240000000000000000e+02
