2.100000000000000000e+02
2.470000000000000000e+02
1.570000000000000000e+02
2.550000000000000000e+02
5.210000000000000000e+02
3.550000000000000000e+02
8.900000000000000000e+02
1.460000000000000000e+02
1.090000000000000000e+02
1.200000000000000000e+02
3.630000000000000000e+02
2.730000000000000000e+02
1.031000000000000000e+03
1.580000000000000000e+02
1.530000000000000000e+02
1.580000000000000000e+02
5.510000000000000000e+02
3.530000000000000000e+02
2.940000000000000000e+02
2.130000000000000000e+02
3.530000000000000000e+02
1.260000000000000000e+02
3.570000000000000000e+02
2.210000000000000000e+02
1.230000000000000000e+02
7.500000000000000000e+01
2.460000000000000000e+02
5.100000000000000000e+01
2.080000000000000000e+02
2.400000000000000000e+02
2.350000000000000000e+02
2.050000000000000000e+02
4.590000000000000000e+02
2.500000000000000000e+02
3.010000000000000000e+02
6.200000000000000000e+01
5.250000000000000000e+02
4.600000000000000000e+01
9.600000000000000000e+01
8.500000000000000000e+01
1.570000000000000000e+02
1.690000000000000000e+02
1.760000000000000000e+02
2.260000000000000000e+02
3.570000000000000000e+02
2.010000000000000000e+02
2.490000000000000000e+02
1.260000000000000000e+02
2.160000000000000000e+02
2.050000000000000000e+02
2.780000000000000000e+02
1.490000000000000000e+02
1.960000000000000000e+02
6.150000000000000000e+02
1.420000000000000000e+02
8.700000000000000000e+01
5.680000000000000000e+02
9.500000000000000000e+01
2.220000000000000000e+02
1.400000000000000000e+02
2.640000000000000000e+02
1.970000000000000000e+02
1.990000000000000000e+02
1.870000000000000000e+02
1.160000000000000000e+02
1.090000000000000000e+02
3.220000000000000000e+02
3.600000000000000000e+02
5.700000000000000000e+01
1.740000000000000000e+02
1.000000000000000000e+02
2.100000000000000000e+02
9.870000000000000000e+02
6.700000000000000000e+01
1.180000000000000000e+02
2.610000000000000000e+02
3.660000000000000000e+02
2.090000000000000000e+02
3.220000000000000000e+02
4.500000000000000000e+01
2.170000000000000000e+02
2.290000000000000000e+02
5.340000000000000000e+02
1.400000000000000000e+02
7.600000000000000000e+02
4.770000000000000000e+02
9.130000000000000000e+02
1.006000000000000000e+03
1.920000000000000000e+02
5.970000000000000000e+02
4.400000000000000000e+01
9.830000000000000000e+02
2.820000000000000000e+02
